231101-12:11:36
2
torque,speed
7972,7967
7997,7960
7980,7945
7962,7969
7979,7948
7967,7944
8025,7956
7997,7946
7993,7930
7959,7943
7994,7945
7992,7980
7972,7943
8001,7944
8008,7949
7989,7966
7977,7960
7975,7956
7989,7963
7990,7946
7987,7950
7966,7976
8021,7955
7971,7970
7983,7973
7987,7977
7999,7955
8000,7974
7974,7967
7980,7963
7962,7941
8009,7941
7977,7977
7968,7925
7990,7947
7996,7968
7986,7962
7986,7941
7999,7946
7986,7970
7988,7969
7988,7977
7982,7936
7970,7960
7972,7974
7999,7961
7971,7973
7998,7962
7991,7968
7982,7992
7984,7972
7991,7950
7980,7957
7973,7958
7982,7954
7958,7955
8013,7963
8002,7957
8027,7961
8004,7964
8008,7956
7992,7946
7933,7972
7962,7946
7952,7937
7990,7956
7987,7959
7980,7967
7994,7967
7957,7959
7972,7937
7980,7927
7973,7957
7950,7975
7996,7951
7991,7947
7945,7943
7981,7959
7984,7954
7994,7954
7981,7949
8001,7967
7980,7950
7969,7957
7998,7965
7952,7957
7979,7953
8001,7954
7983,7970
7962,7968
7981,7935
7967,7957
7966,7973
7986,7956
7988,7969
7989,7948
7998,7965
7977,7965
7980,7957
7984,7986
7990,7951
7986,7960
8002,7941
8016,7965
7966,7964
7998,7957
7968,7973
7972,7970
7975,7947
7996,7954
7979,7954
7975,7958
7980,7959
7978,7958
7996,7962
7977,7937
7997,7953
7990,7938
7977,7957
7985,7935
7957,7934
7980,7979
8011,7957
8013,7974
7982,7963
7975,7947
8006,7961
7974,7947
7993,7953
7977,7956
7980,7967
7975,7980
8016,7963
7960,7962
7967,7956
8011,7940
7975,7976
7981,7978
7991,7978
7977,7960
7988,7960
8004,7945
7991,7942
7992,7967
7993,7970
7983,7953
7970,7947
8005,7954
7975,7951
7999,7961
7986,7936
7983,7953
7977,7955
8005,7972
7985,7960
7969,7990
8003,7970
7983,7978
7962,7963
7988,7958
7963,7954
7998,7953
7995,7964
7975,7958
8001,7944
7985,7959
7984,7954
7961,7976
8000,7949
7981,7957
7968,7944
7993,7957
7982,7947
7979,7965
7990,7934
7961,7946
7960,7950
7997,7945
7990,7965
7999,7956
7990,7949
7967,7976
8005,7960
7993,7962
7963,7944
7991,7971
7986,7947
8004,7953
7959,7948
7979,7958
7982,7974
7987,7929
7977,7968
8008,7964
7981,7960
7977,7960
7998,7957
7980,7955
7990,7970
7994,7925
7996,7952
7985,7930
7967,7957
7977,7951
7980,7948
7984,7950
7975,7956
7950,7956
7987,7961
7972,7955
7987,7966
8006,7960
7992,7951
7959,7974
8002,7946
7968,7959
8004,7962
7990,7975
7977,7952
7994,7955
7968,7958
7984,7948
7968,7941
8002,7939
7967,7946
7941,7954
7998,7963
7982,7956
7992,7955
7976,7935
7979,7960
7976,7971
7995,7962
7979,7951
7965,7957
7982,7962
7989,7941
7973,7968
7987,7969
7986,7943
7983,7973
7999,7968
7990,7964
7977,7975
8000,7949
7998,7963
7971,7941
7969,7957
7962,7953
7974,7950
7974,7944
7988,7961
7977,7956
7992,7976
7965,7949
7985,7958
7969,7962
7990,7974
7974,7965
7993,7970
7991,7951
7961,7975
7974,7966
8002,7962
7959,7982
8008,7969
7968,7931
7978,7953
7987,7957
7958,7949
8022,7966
7993,7957
7985,7952
7953,7980
7978,7957
7982,7977
7950,7968
7999,7954
7975,7960
7971,7963
7976,7956
7988,7965
7970,7972
7978,7943
7992,7963
7994,7964
7997,7961
8003,7956
7999,7948
7973,7955
8007,7946
7961,7970
7982,7950
7992,7955
7977,7952
7969,7952
7975,7959
7960,7960
7982,7953
7978,7966
7969,7943
7983,7940
8004,7956
7998,7958
8000,7948
8005,7953
7983,7946
7992,7944
8003,7927
7993,7966
7988,7945
7993,7975
7963,7947
7976,7952
7980,7939
7968,7956
7979,7950
7979,7965
7981,7963
7981,7948
7978,7958
7993,7965
7975,7952
7989,7950
7987,7954
7965,7956
8000,7959
7998,7948
7995,7954
7977,7960
7963,7950
7975,7979
7938,7961
7982,7952
7987,7965
7988,7946
7979,7944
7984,7950
7976,7952
7994,7959
7996,7957
7973,7975
7980,7953
7967,7949
7967,7988
7971,7963
7973,7955
7967,7953
7994,7942
7980,7947
7969,7948
7986,7979
7982,7941
7972,7958
7980,7973
7997,7967
7967,7977
7971,7953
8004,7967
7986,7956
8000,7961
7952,7965
7976,7941
7965,7966
7980,7965
7968,7969
7979,7969
8009,7956
7957,7961
7988,7954
7971,7966
7991,7966
7965,7971
7991,7948
7961,7943
7989,7971
7989,7965
7965,7950
7984,7957
7973,7957
7969,7944
8008,7966
7971,7940
7981,7962
7981,7976
7987,7963
7981,7951
7978,7959
7982,7965
7962,7959
7970,7931
7997,7973
7978,7946
7965,7948
7976,7958
8020,7950
7974,7956
7982,7964
7985,7960
7959,7959
7990,7948
7995,7945
7992,7954
7994,7956
7998,7951
7973,7971
7988,7946
7974,7960
7981,7955
7998,7948
7960,7952
7983,7950
7984,7944
8002,7970
7977,7943
7989,7956
7966,7967
7954,7928
7987,7955
7959,7939
7977,7979
7977,7964
7971,7978
7975,7941
8003,7967
7988,7947
7977,7950
7982,7947
8008,7958
7992,7957
7967,7963
7973,7963
7981,7953
7987,7962
7980,7966
7974,7948
7982,7941
7946,7966
7980,7961
8000,7958
7977,7951
7995,7964
7948,7939
7996,7969
7967,7932
7976,7971
7980,7941
7971,7977
7984,7941
7994,7971
7977,7971
7987,7972
7990,7970
7974,7970
8002,7961
7990,7967
7993,7968
7982,7957
7984,7945
7988,7956
7982,7964
7991,7934
7971,7962
7980,7936
7993,7972
7985,7965
8002,7932
8011,7960
7973,7954
7967,7969
7971,7960
7953,7953
7992,7963
7991,7965
7980,7959
7960,7960
7993,7968
7980,7950
7979,7976
7963,7938
7994,7953
7971,7950
8018,7958
7981,7950
7970,7931
7994,7969
7969,7952
8006,7972
7976,7954
8013,7969
7960,7957
7992,7949
8003,7946
7950,7963
7992,7959
7980,7946
7973,7957
7982,7960
7991,7940
7943,7959
7985,7944
7982,7966
7983,7947
7984,7947
7973,7958
7985,7952
7983,7962
7982,7932
7991,7957
7990,7926
7997,7971
7977,7949
7971,7960
7998,7971
7973,7958
8009,7948
7983,7961
7975,7953
7980,7938
8006,7962
7984,7953
7972,7954
7994,7968
7992,7951
8000,7938
7974,7945
7990,7924
7985,7952
7983,7955
7958,7942
7974,7938
7986,7947
7969,7968
7983,7944
7994,7954
7981,7952
7990,7938
7983,7953
7992,7960
7982,7959
7998,7963
7981,7955
7969,7956
7996,7959
7949,7949
7979,7947
7973,7956
7985,7947
7979,7961
7997,7970
7954,7951
7978,7984
7990,7965
7978,7941
7993,7950
7954,7943
7962,7941
8001,7965
7980,7962
7979,7947
7984,7963
7990,7971
7978,7965
7985,7973
7978,7955
7985,7967
7958,7946
7987,7952
7991,7944
7977,7950
7983,7956
7978,7941
7977,7949
7964,7966
7993,7972
7972,7968
7963,7943
7998,7965
7987,7941
7971,7965
7990,7943
7956,7928
8007,7980
7986,7951
7988,7943
7988,7965
7988,7960
7996,7961
7981,7951
7984,7956
7974,7972
7971,7960
7998,7948
7978,7936
7974,7932
7988,7963
7989,7964
7980,7971
7989,7961
7962,7952
7982,7982
7975,7957
7949,7946
7969,7966
7963,7960
7985,7958
7954,7975
8001,7944
7990,7934
7992,7931
7974,7952
7998,7941
8014,7954
7979,7966
7984,7943
7977,7949
8012,7943
8003,7951
7986,7959
7983,7967
7956,7974
7985,7952
7953,7964
8013,7961
7973,7973
7994,7950
7976,7959
7959,7932
7984,7959
7982,7952
7999,7947
7981,7932
7995,7957
7969,7953
7970,7963
7997,7952
7968,7956
7981,7941
7970,7949
8002,7954
7972,7957
7978,7952
7999,7963
7978,7944
7997,7963
7964,7950
7989,7976
8002,7953
7989,7948
7974,7957
7966,7955
7976,7949
7968,7962
7996,7940
7990,7951
7953,7944
7982,7937
7976,7966
7962,7959
7979,7956
7977,7963
7985,7947
8010,7941
7993,7936
7982,7951
8008,7966
7983,7965
7978,7930
7986,7954
7984,7968
7973,7957
7937,7950
7980,7953
7966,7963
7984,7958
7970,7952
7978,7957
7992,7970
7984,7948
7973,7946
7992,7927
8006,7945
7968,7938
7970,7947
7994,7969
7966,7953
7996,7930
7977,7952
7999,7952
7968,7958
7966,7948
7956,7940
8007,7952
7980,7966
7960,7950
7996,7971
7993,7943
7977,7949
7982,7953
7991,7954
7960,7941
7971,7966
7987,7969
7988,7949
7955,7937
7993,7969
7976,7962
7991,7957
7977,7949
7973,7967
7982,7965
8008,7960
7981,7953
7974,7961
7992,7950
7967,7941
7990,7959
7987,7951
7990,7968
7998,7948
7980,7951
7974,7969
7978,7952
7988,7956
7943,7949
7968,7947
7978,7948
7975,7963
7986,7967
7988,7960
7981,7978
7998,7953
7986,7950
7960,7962
7979,7934
7987,7960
7982,7945
8005,7961
7968,7960
7979,7983
7981,7959
7990,7955
7981,7943
7963,7958
7990,7969
7958,7962
7986,7956
7969,7956
7985,7951
7981,7964
8000,7962
7981,7983
7977,7974
8005,7963
7986,7962
7982,7951
8005,7965
7982,7951
7969,7948
7980,7970
7984,7965
8001,7958
7986,7962
7971,7944
7979,7964
7979,7944
7949,7963
7973,7967
7990,7955
7998,7963
7989,7964
7985,7938
8017,7972
7961,7950
7987,7955
8001,7940
7981,7970
7990,7963
7993,7940
7982,7939
7952,7959
7991,7958
7979,7965
7961,7952
8004,7950
7998,7964
7978,7953
7986,7966
7978,7950
7975,7972
8008,7947
7972,7941
7956,7951
7989,7947
7970,7952
7986,7954
7978,7940
8005,7971
7940,7954
7997,7962
7985,7968
7981,7942
7995,7931
7996,7971
7991,7950
7983,7955
7987,7960
7976,7951
7993,7965
8001,7969
8000,7959
7988,7947
7950,7966
7983,7954
7973,7936
7985,7953
7981,7952
7956,7950
7994,7950
7972,7959
7986,7954
7964,7941
7995,7944
7990,7961
7989,7954
7976,7958
7970,7961
7992,7939
7956,7942
7989,7955
7979,7948
7989,7958
7993,7955
7978,7963
7977,7928
7963,7949
8007,7961
7992,7936
7991,7964
7972,7962
7953,7970
7954,7952
8006,7938
7988,7961
7990,7945
7989,7970
8005,7945
7951,7944
7960,7957
7992,7963
8009,7943
7984,7953
7997,7943
8000,7977
7966,7954
7985,7952
7978,7973
8005,7949
7980,7946
7981,7952
7994,7958
7976,7953
7992,7961
7992,7957
7992,7947
7982,7969
7987,7954
7970,7959
7982,7953
7984,7962
7996,7967
7977,7948
7981,7956
7994,7962
7979,7964
7971,7955
7973,7961
7973,7981
7985,7953
7988,7963
8006,7963
7971,7954
7970,7966
7980,7952
7995,7965
8008,7983
7991,7950
8005,7956
7974,7974
7985,7961
7960,7986
7973,7967
7970,7961
8003,7970
7992,7947
7978,7958
7994,7958
7983,7947
7968,7935
8003,7946
7971,7969
7951,7944
7990,7965
7976,7977
7994,7954
7985,7946
8006,7967
7979,7947
8005,7950
8003,7949
7980,7950
7980,7944
7983,7958
8007,7951
7964,7959
8010,7943
7968,7946
7988,7973
8000,7959
7933,7941
7987,7967
7975,7974
7977,7959
7956,7945
7977,7945
7964,7951
7993,7946
7988,7972
7976,7950
7999,7965
7996,7972
7981,7945
7984,7964
7989,7951
7992,7953
7976,7963
7977,7960
7981,7934
7950,7949
7999,7960
7983,7965
7988,7953
7980,7965
7968,7982
7985,7970
7994,7955
7980,7968
7989,7980
7990,7945
7961,7951
7962,7945
7999,7958
7998,7951
7983,7955
7970,7967
7989,7976
7962,7958
7989,7944
7961,7949
7973,7969
7986,7941
7972,7965
7992,7954
7973,7954
8004,7944
7968,7958
7993,7951
7968,7971
7962,7949
7999,7953
7964,7977
7983,7955
7943,7956
7989,7960
7973,7960
7997,7959
7969,7969
7975,7957
7974,7959
7976,7953
7989,7953
7990,7960
7995,7959
7982,7965
8004,7955
7995,7959
7970,7960
7983,7958
7966,7957
7974,7948
7984,7940
7975,7968
7969,7961
7995,7954
7990,7949
7979,7954
7985,7965
7983,7950
7970,7949
7984,7963
7982,7951
7987,7923
7950,7957
7990,7965
7974,7967
7976,7963
7970,7960
7955,7958
7993,7957
7981,7977
7987,7964
7974,7962
7986,7960
7991,7972
7991,7956
7997,7966
7977,7953
8009,7948
7977,7963
7938,7950
7985,7963
7981,7945
7964,7941
7979,7946
8016,7958
7968,7939
7984,7963
7987,7957
7950,7970
7997,7966
7972,7961
7984,7946
7972,7962
8001,7952
7960,7974
7961,7957
7999,7968
7969,7963
7976,7969
7944,7940
7986,7935
7973,7946
7986,7942
7974,7952
7990,7942
7989,7934
7964,7939
7991,7945
7965,7940
7978,7963
8004,7936
7978,7959
7998,7956
7991,7957
7997,7951
7976,7934
7981,7958
7994,7947
7961,7950
7957,7956
8008,7954
7944,7939
7976,7964
7973,7937
7980,7940
7998,7959
8015,7961
7972,7966
7988,7957
7990,7940
7965,7953
7986,7949
8002,7981
7980,7953
7980,7955
7987,7956
8002,7948
7974,7966
8002,7943
7984,7956
7987,7951
7988,7969
7978,7960
7968,7968
7978,7960
7972,7968
7976,7941
7988,7955
8008,7958
7963,7983
7990,7962
7955,7955
7968,7965
7973,7959
7979,7972
7984,7936
7964,7962
7977,7968
7962,7948
7982,7970
7987,7963
7991,7953
8002,7960
7975,7954
7997,7950
7954,7948
7967,7949
8007,7935
8004,7970
7955,7965
7965,7951
7992,7977
7960,7967
7978,7975
7981,7955
7986,7969
7987,7969
7970,7958
7987,7965
7977,7948
7983,7956
7990,7980
7981,7942
7978,7971
7980,7938
7970,7959
7973,7948
7987,7956
7983,7952
8004,7965
8001,7970
7968,7953
7992,7954
7965,7963
8008,7948
8003,7973
7974,7955
8004,7962
7972,7961
7985,7965
7957,7959
7991,7949
7954,7955
7965,7988
7995,7937
7982,7951
7989,7943
7975,7947
7968,7946
7992,7968
7987,7942
7990,7961
7974,7956
8001,7961
7961,7964
7991,7961
8006,7958
7976,7955
8002,7957
7949,7954
7973,7942
7985,7942
7974,7967
7983,7942
7969,7943
7974,7948
7960,7966
8001,7958
7993,7962
8001,7953
7986,7964
7991,7958
8021,7961
7967,7960
7971,7963
7956,7953
7996,7957
7994,7945
7960,7959
7979,7942
7992,7968
7978,7959
7968,7961
7987,7971
7972,7960
7981,7961
7998,7969
7977,7963
7997,7930
7992,7971
7985,7964
7970,7943
7987,7932
7994,7944
7979,7953
7977,7949
7955,7974
7970,7945
7997,7949
7981,7965
7977,7952
8001,7951
7985,7966
7973,7959
8000,7950
8011,7950
7985,7940
7984,7949
7961,7959
7957,7959
7957,7947
7951,7964
7990,7942
8018,7961
8000,7964
7989,7929
7993,7977
7973,7964
7965,7940
7991,7932
7986,7958
7996,7931
7974,7944
7976,7968
7967,7954
7996,7951
7993,7963
7981,7956
7999,7942
7945,7959
7981,7984
7979,7939
7980,7946
7977,7962
8010,7949
7975,7954
7965,7952
7993,7953
7971,7945
7989,7966
7974,7953
7989,7974
7972,7977
7975,7955
7996,7953
7933,7970
7998,7950
7959,7973
7974,7951
7969,7962
7992,7958
7983,7947
7973,7932
8006,7939
7974,7962
8011,7955
7978,7948
7977,7949
7976,7959
8009,7954
7963,7952
7978,7940
7989,7937
7947,7961
7995,7933
7975,7934
7976,7960
8016,7954
7968,7957
7972,7962
7985,7957
7969,7976
7958,7972
7992,7940
7977,7967
7973,7977
7964,7964
7986,7966
7955,7958
7963,7953
7980,7944
7973,7968
7979,7964
7990,7951
7970,7936
7993,7961
7964,7961
7960,7952
7990,7961
7979,7952
7994,7950
7960,7960
7997,7950
7973,7966
7983,7968
7991,7959
7993,7960
7972,7961
7978,7956
7943,7961
7996,7959
7981,7948
7967,7972
7982,7965
7993,7965
7950,7957
7976,7946
7951,7960
7997,7962
7969,7982
8014,7965
7974,7966
7974,7965
7984,7940
7982,7965
7980,7942
8027,7960
7978,7944
7979,7937
7997,7943
7967,7959
7954,7964
7984,7954
7985,7953
7960,7934
7992,7966
7976,7952
7973,7971
7977,7966
7967,7947
7990,7964
7994,7940
7983,7949
7978,7946
7989,7961
7988,7959
7996,7965
7992,7964
7981,7957
8004,7970
7993,7937
7989,7967
7961,7946
8004,7966
7994,7957
7988,7956
7991,7967
7971,7957
7967,7950
7977,7952
7982,7949
7990,7957
7998,7961
7994,7951
7975,7954
7976,7931
7964,7965
7979,7945
8002,7950
7975,7947
7994,7943
7994,7950
7965,7960
7972,7963
7991,7954
7985,7966
7951,7959
7999,7959
7966,7970
7979,7960
7997,7936
7964,7957
7985,7980
7979,7950
7980,7947
7975,7969
7996,7942
7990,7960
7964,7975
7996,7968
7961,7979
7983,7954
7987,7978
7980,7950
7976,7934
7981,7949
8008,7956
7954,7948
7991,7959
7948,7940
7980,7966
7964,7948
7992,7969
7995,7950
7985,7947
7999,7952
7979,7946
8000,7952
7984,7959
7981,7959
7995,7945
7978,7941
7963,7940
7974,7963
7952,7956
7974,7959
7985,7946
7979,7938
7992,7968
7997,7950
7996,7963
7972,7950
7971,7971
7969,7929
7996,7967
7976,7950
7990,7953
7987,7977
7983,7976
7985,7961
7990,7962
7992,7959
7975,7955
7965,7973
7975,7946
8003,7933
7981,7948
7980,7953
7990,7949
7983,7941
8000,7957
7983,7955
7972,7960
7976,7946
7981,7953
7983,7958
7969,7957
8000,7954
7972,7947
7984,7967
8012,7957
7971,7949
7998,7953
7986,7954
7971,7949
7979,7964
7998,7951
7974,7949
7984,7958
7974,7954
7961,7962
8010,7956
7990,7956
7964,7964
7978,7961
7978,7960
7974,7958
7970,7949
8002,7975
7967,7969
7982,7935
7994,7968
7978,7958
8001,7954
7968,7970
7997,7957
7965,7956
7992,7957
7974,7967
8010,7954
7986,7952
7968,7948
7988,7971
7975,7962
7978,7964
7956,7957
7984,7957
7945,7953
7976,7956
8001,7951
7961,7950
7990,7973
7951,7953
7972,7949
7956,7938
7973,7955
7987,7952
7970,7957
7991,7970
7975,7957
7988,7961
7997,7948
7963,7947
7988,7946
7984,7963
7990,7950
7970,7948
7977,7969
8005,7955
7968,7973
8007,7965
7971,7967
8007,7966
7998,7960
7976,7972
7987,7946
7981,7964
7981,7937
7963,7965
7999,7934
7981,7944
7970,7935
7992,7959
7981,7965
7985,7973
7991,7932
7972,7962
7978,7950
7991,7965
7945,7943
7987,7946
7987,7957
7957,7959
7981,7941
7989,7941
7991,7949
7997,7943
7975,7941
7985,7970
7976,7959
7957,7956
7987,7964
7972,7959
7992,7934
7973,7955
7962,7962
7993,7938
7973,7959
7992,7956
7957,7928
7966,7941
7983,7944
7995,7935
7975,7961
8010,7940
7998,7957
7960,7944
7993,7973
7979,7962
7978,7970
7995,7957
7951,7955
7955,7961
7994,7938
8000,7948
7990,7943
7989,7968
7984,7951
7970,7956
8013,7957
7991,7947
7997,7948
8002,7947
7994,7959
7976,7959
7979,7947
7996,7966
7954,7959
7959,7956
7817,7946
7774,7960
7640,7942
7605,7938
7580,7941
7491,7939
7494,7930
7356,7930
7436,7923
7383,7891
7411,7899
7425,7885
7407,7866
7433,7866
7481,7845
7460,7862
7488,7839
7452,7833
7440,7839
7441,7821
7395,7809
7310,7802
7331,7795
7314,7801
7322,7785
7388,7764
7336,7781
7364,7753
7234,7746
7285,7768
7247,7731
7308,7722
7364,7710
7360,7690
7292,7695
7262,7695
7209,7690
7333,7669
7368,7668
7278,7662
7235,7654
7297,7654
7362,7641
7317,7631
7276,7611
7352,7622
7348,7610
7424,7596
7050,7597
7242,7579
7244,7578
7107,7576
7281,7562
7201,7552
7277,7535
7098,7530
7191,7545
7250,7519
7102,7516
7169,7506
7142,7494
7080,7483
7198,7477
7107,7477
7047,7468
7172,7458
7037,7452
7155,7437
7184,7438
7067,7419
7132,7421
7067,7411
7136,7386
7120,7387
7017,7375
7129,7370
7003,7370
7141,7351
7149,7343
7009,7324
7079,7343
7151,7308
7107,7309
7062,7309
6973,7304
7010,7289
7076,7283
6972,7283
6988,7268
6940,7268
7003,7257
6997,7240
7005,7255
6978,7232
6984,7214
6948,7211
6857,7221
6963,7202
6840,7193
6978,7182
6973,7164
7048,7174
7026,7174
7115,7155
7202,7161
7109,7161
7146,7162
7101,7153
7067,7159
7181,7155
7089,7153
7212,7164
7147,7167
7201,7156
7211,7158
7011,7161
7166,7156
7002,7158
7220,7159
7274,7161
7097,7150
7279,7148
7263,7154
7076,7165
7367,7168
7091,7164
7192,7158
7109,7142
7151,7157
7283,7163
7184,7163
7308,7161
7220,7158
7149,7155
7194,7163
7115,7171
7238,7156
7290,7156
7227,7153
7315,7153
7195,7162
7263,7153
7125,7163
7130,7154
7278,7152
7134,7163
7152,7157
7068,7151
7209,7158
7078,7159
7059,7144
7166,7167
7153,7154
7151,7156
7253,7164
7136,7151
7242,7148
7078,7148
7022,7166
7096,7154
7005,7159
7194,7145
7048,7161
7170,7161
7256,7154
7147,7150
7283,7156
7098,7163
7099,7158
7175,7158
7132,7156
7263,7147
7160,7162
7277,7153
7225,7148
7090,7147
7158,7153
7074,7162
7191,7161
7251,7144
7062,7149
7214,7146
7171,7153
7231,7153
7242,7156
7131,7155
7166,7157
7157,7158
7246,7165
7256,7155
7193,7158
7246,7151
7212,7150
7142,7143
7184,7154
7135,7160
7263,7157
7116,7146
7217,7154
7316,7159
7113,7159
7330,7147
7078,7159
7093,7154
7132,7157
7125,7154
7188,7154
7095,7153
7211,7157
7224,7144
7064,7173
7169,7160
7139,7158
7158,7174
7156,7162
7174,7152
7143,7154
7180,7150
7285,7158
7159,7160
7060,7145
7239,7157
7115,7151
7215,7149
7338,7153
7130,7151
7263,7162
7190,7165
7131,7156
7266,7152
7182,7158
7281,7150
7068,7152
7246,7157
7189,7150
7026,7157
7205,7155
7007,7144
7147,7154
7156,7147
7118,7145
7200,7157
7134,7139
7272,7161
7208,7155
7119,7153
7224,7137
7047,7152
7192,7160
7285,7155
7118,7147
7257,7149
7207,7142
7221,7160
7274,7148
7128,7150
7198,7155
7075,7146
7155,7152
7212,7154
7168,7157
7276,7160
7079,7164
7137,7165
7110,7153
7150,7158
7169,7142
7054,7140
7197,7149
7163,7149
7099,7152
7219,7171
7114,7147
7158,7152
7212,7152
7223,7155
7162,7149
7149,7153
7315,7155
7148,7160
7090,7158
7163,7159
7143,7147
7232,7166
7319,7164
7137,7142
7279,7154
7224,7145
7273,7153
7221,7144
7085,7143
7211,7146
7067,7158
7225,7159
7237,7156
7230,7165
7158,7172
7084,7161
7171,7155
7077,7157
7141,7156
7219,7155
7201,7156
7147,7158
7145,7162
7209,7145
7106,7157
7062,7167
7268,7165
7155,7159
7203,7156
7293,7153
7213,7153
7336,7141
7245,7158
7030,7154
7250,7156
7120,7138
7187,7155
7245,7151
7186,7152
7278,7143
7167,7155
7311,7162
7091,7148
7185,7160
7315,7154
7033,7156
7222,7166
7252,7159
7259,7170
7261,7158
7107,7151
7158,7151
7233,7156
7170,7158
7212,7149
7140,7156
7277,7162
7218,7157
7155,7169
7214,7137
7202,7161
7234,7153
7144,7154
7186,7151
7256,7158
7135,7154
7312,7162
7154,7156
7072,7157
7244,7146
7075,7154
7325,7157
7214,7168
7273,7159
7180,7151
7062,7151
7124,7151
7053,7151
7149,7161
7215,7165
7125,7152
7147,7160
7184,7154
7202,7155
7188,7156
7077,7149
7182,7154
7197,7171
7127,7156
7262,7138
7162,7155
7299,7154
7251,7164
7074,7160
7290,7157
7100,7152
7158,7158
7308,7165
7122,7163
7282,7152
7159,7159
7264,7156
7158,7161
7135,7153
7256,7154
7079,7151
7249,7155
7244,7153
7254,7155
7190,7153
7106,7153
7251,7156
7145,7149
7181,7156
7227,7161
7108,7163
7275,7147
7216,7152
7053,7160
7304,7155
7091,7147
7140,7162
7126,7151
7133,7162
7251,7166
7135,7157
7271,7148
7194,7143
7052,7150
7225,7158
7044,7162
7292,7166
7289,7152
7277,7150
7239,7147
7097,7149
7233,7166
7123,7158
7111,7154
7195,7155
7140,7165
7210,7159
7194,7149
7207,7155
7186,7161
7184,7163
7207,7158
7190,7152
7155,7149
7277,7150
7132,7161
7293,7160
7173,7154
7112,7161
7223,7165
7076,7144
7194,7151
7100,7149
7161,7154
7328,7147
7151,7151
7341,7165
7110,7150
7093,7160
7168,7145
7078,7162
7315,7152
7234,7155
7239,7158
7267,7163
7232,7171
7164,7150
7199,7154
7234,7143
7233,7161
7144,7146
7173,7161
7299,7156
7184,7152
7268,7163
7114,7149
7196,7150
7163,7154
7166,7146
7253,7159
7122,7142
7234,7150
7242,7153
7135,7147
7210,7148
7082,7144
7257,7155
7138,7163
7316,7157
7244,7168
7046,7145
7282,7161
7148,7159
7065,7158
7158,7161
7143,7163
7219,7153
7263,7155
7248,7154
7219,7159
7158,7162
7256,7152
7131,7147
7109,7149
7285,7142
7099,7149
7235,7149
7214,7152
7210,7162
7255,7151
7091,7167
7173,7167
7179,7157
7223,7156
7308,7150
7159,7156
7369,7168
7261,7155
7221,7146
7297,7163
7300,7170
7422,7176
7311,7173
7423,7182
7474,7191
7302,7191
7428,7194
7460,7209
7486,7212
7420,7227
7474,7221
7473,7239
7524,7251
7485,7247
7531,7267
7518,7268
7486,7283
7530,7281
7541,7301
7579,7264
7610,7313
7575,7317
7566,7322
7518,7323
7624,7344
7627,7346
7584,7349
7525,7366
7591,7374
7536,7373
7620,7390
7652,7383
7606,7413
7661,7421
7616,7416
7643,7431
7627,7443
7672,7445
7633,7449
7618,7465
7746,7473
7745,7472
7655,7487
7736,7489
7773,7491
7662,7513
7750,7520
7717,7523
7607,7536
7702,7527
7652,7538
7789,7557
7703,7582
7743,7566
7652,7582
7691,7593
7859,7610
7775,7607
7693,7614
7735,7614
7858,7634
7770,7631
7734,7640
7762,7659
7850,7666
7820,7653
7809,7675
7785,7678
7853,7698
7893,7670
7931,7699
7858,7707
7802,7727
7838,7744
7864,7748
7913,7718
7940,7748
7803,7752
7813,7766
7832,7769
7850,7791
7932,7812
7972,7804
7940,7810
7916,7815
7939,7834
7913,7827
7893,7837
7881,7866
7948,7847
7965,7868
8010,7863
7993,7878
8002,7927
8041,7896
8035,7921
8082,7909
8009,7938
7988,7912
7995,7928
7995,7934
7903,7946
7918,7939
7908,7927
7876,7985
7849,7936
7871,7927
7827,7961
7848,7961
7835,7963
7827,7937
7857,7938
7808,7975
7823,7949
7827,7958
7824,7952
7824,7941
7820,7958
7804,7956
7813,7945
7829,7965
7810,7966
7819,7954
7818,7951
7822,7961
7788,7959
7838,7960
7808,7949
7785,7978
7781,7954
7791,7946
7813,7941
7758,7962
7813,7961
7773,7957
7785,7977
7777,7944
7754,7949
7772,7966
7796,7946
7793,7962
7770,7950
7803,7948
7802,7957
7838,7967
7837,7950
7830,7935
7836,7953
7873,7958
7968,7954
8085,7955
8190,7967
8314,7962
8383,7985
8421,8014
8425,7997
8408,8000
8491,8012
8483,8012
8512,8021
8500,8022
8449,8042
8466,8060
8478,8054
8436,8076
8441,8092
8387,8070
8418,8093
8510,8109
8476,8097
8544,8103
8614,8116
8520,8115
8527,8124
8478,8134
8425,8144
8469,8151
8623,8165
8648,8161
8602,8174
8531,8192
8506,8194
8563,8192
8629,8211
8674,8192
8636,8218
8598,8243
8629,8245
8656,8248
8693,8260
8643,8268
8535,8279
8686,8285
8696,8276
8632,8302
8574,8310
8653,8314
8641,8322
8672,8329
8506,8338
8677,8349
8742,8361
8522,8365
8607,8370
8665,8376
8742,8391
8670,8405
8790,8399
8635,8418
8658,8416
8784,8429
8645,8439
8698,8440
8782,8450
8635,8454
8748,8449
8771,8479
8649,8487
8837,8490
8721,8501
8745,8507
8807,8516
8776,8517
8843,8532
8779,8546
8854,8537
8810,8551
8888,8567
8794,8561
8845,8595
8921,8585
8778,8594
8890,8604
8816,8610
8923,8620
8878,8620
8912,8631
8860,8644
8915,8662
8911,8652
8953,8647
8884,8687
8984,8700
9032,8690
8886,8692
9056,8706
8917,8720
8978,8730
8848,8733
8802,8744
8875,8727
8849,8752
8894,8742
8624,8747
8926,8747
8627,8749
8693,8752
8853,8750
8611,8751
8774,8746
8792,8748
8763,8755
8828,8755
8614,8757
8770,8752
8655,8758
8788,8754
8798,8754
8693,8753
8834,8754
8642,8758
8654,8766
8694,8753
8592,8764
8696,8761
8619,8759
8622,8756
8804,8756
8718,8737
8751,8766
8672,8760
8608,8755
8692,8767
8631,8756
8756,8756
8691,8751
8778,8750
8710,8752
8634,8763
8688,8758
8531,8754
8600,8764
8873,8756
8649,8773
8818,8758
8822,8762
8667,8767
8824,8750
8643,8771
8722,8751
8646,8763
8796,8759
8789,8755
8658,8760
8822,8754
8667,8755
8683,8760
8735,8763
8628,8765
8776,8751
8757,8759
8714,8776
8774,8764
8579,8767
8789,8755
8584,8768
8668,8743
8816,8750
8657,8758
8813,8748
8750,8754
8798,8767
8790,8754
8581,8758
8675,8757
8655,8759
8688,8763
8840,8748
8779,8752
8840,8759
8611,8764
8606,8764
8697,8740
8582,8745
8745,8756
8536,8749
8638,8761
8845,8751
8697,8755
8821,8755
8627,8752
8613,8756
8692,8754
8570,8763
8737,8762
8715,8776
8751,8752
8698,8753
8634,8763
8728,8767
8615,8763
8723,8758
8856,8748
8674,8759
8802,8746
8738,8755
8828,8765
8871,8755
8633,8752
8736,8757
8671,8759
8785,8777
8793,8743
8692,8757
8710,8761
8685,8754
8773,8750
8657,8754
8692,8758
8807,8759
8550,8756
8724,8768
8829,8755
8609,8750
8800,8758
8558,8757
8669,8756
8654,8745
8653,8777
8779,8760
8737,8768
8791,8767
8817,8752
8584,8761
8747,8752
8678,8762
8667,8745
8755,8749
8679,8758
8771,8761
8662,8749
8779,8772
8747,8751
8658,8761
8745,8752
8605,8745
8767,8760
8834,8755
8695,8758
8775,8745
8660,8754
8656,8757
8672,8764
8578,8760
8743,8745
8616,8756
8768,8757
8771,8756
8621,8754
8774,8755
8663,8757
8704,8759
8596,8761
8658,8770
8784,8751
8673,8762
8851,8761
8807,8751
8554,8755
8869,8749
8577,8760
8649,8766
8825,8756
8624,8773
8742,8758
8694,8754
8803,8766
8746,8753
8648,8771
8721,8751
8611,8759
8710,8760
8803,8760
8747,8775
8758,8760
8520,8758
8661,8759
8636,8750
8622,8749
8742,8755
8586,8767
8769,8756
8739,8756
8540,8761
8764,8754
8628,8760
8643,8757
8690,8761
8684,8769
8773,8751
8697,8752
8817,8759
8709,8758
8610,8765
8733,8751
8595,8748
8723,8758
8805,8754
8725,8757
8797,8763
8657,8762
8769,8756
8682,8738
8624,8755
8760,8755
8556,8756
8763,8764
8760,8752
8737,8756
8816,8755
8600,8746
8623,8772
8660,8747
8594,8764
8686,8741
8649,8747
8767,8757
8716,8764
8650,8770
8760,8752
8583,8763
8772,8752
8627,8753
8704,8753
8830,8749
8717,8754
8851,8763
8818,8769
8647,8770
8767,8751
8637,8762
8771,8772
8817,8757
8748,8750
8767,8754
8567,8753
8756,8764
8614,8755
8631,8763
8751,8751
8565,8756
8768,8754
8822,8760
8700,8748
8761,8754
8603,8758
8677,8761
8662,8748
8650,8753
8812,8754
8603,8748
8808,8765
8747,8753
8616,8757
8723,8751
8653,8756
8687,8760
8691,8757
8735,8762
8806,8750
8682,8754
8809,8761
8707,8745
8668,8748
8641,8765
8620,8766
8857,8756
8755,8762
8730,8779
8762,8749
8550,8752
8826,8770
8655,8771
8608,8768
8744,8756
8581,8752
8798,8762
8784,8755
8834,8750
8779,8760
8704,8763
8781,8756
8663,8756
8700,8754
8732,8768
8624,8757
8823,8766
8699,8758
8539,8758
8764,8761
8668,8756
8723,8755
8627,8757
8748,8755
8781,8746
8627,8751
8774,8761
8659,8760
8689,8763
8632,8765
8552,8761
8770,8752
8792,8747
8746,8762
8710,8757
8581,8749
8815,8765
8605,8753
8668,8766
8754,8743
8635,8752
8818,8754
8682,8765
8764,8767
8745,8752
8616,8761
8677,8759
8656,8766
8589,8756
8789,8746
8636,8755
8769,8764
8742,8758
8620,8767
8820,8754
8655,8754
8767,8756
8592,8744
8789,8764
8752,8751
8589,8757
8823,8744
8663,8758
8714,8755
8675,8757
8575,8754
8774,8754
8825,8755
8680,8752
8759,8754
8677,8757
8743,8762
8701,8752
8691,8751
8697,8761
8698,8759
8782,8757
8662,8749
8832,8759
8762,8748
8576,8753
8708,8772
8576,8749
8769,8753
8845,8762
8703,8758
8886,8753
8648,8746
8586,8751
8681,8770
8537,8745
8706,8772
8657,8760
8712,8757
8699,8754
8641,8750
8780,8755
8660,8752
8662,8760
8672,8761
8624,8771
8802,8759
8729,8759
8747,8753
8733,8753
8666,8759
8803,8750
8701,8758
8682,8754
8754,8748
8696,8776
8805,8748
8690,8761
8842,8747
8703,8759
8640,8762
8777,8755
8645,8756
8754,8750
8708,8743
8734,8753
8756,8748
8617,8751
8643,8732
8574,8752
8484,8757
8602,8747
8529,8743
8718,8744
8563,8723
8313,8736
8576,8708
8362,8704
8462,8701
8366,8694
8446,8684
8497,8693
8309,8669
8544,8670
8437,8660
8402,8666
8414,8626
8376,8628
8307,8626
8368,8625
8299,8620
8365,8597
8278,8607
8322,8593
8333,8576
8311,8577
8261,8557
8281,8545
8326,8557
8193,8534
8404,8532
8170,8529
8214,8516
8344,8507
8234,8496
8257,8476
8231,8484
8283,8472
8315,8462
8334,8462
8356,8444
8251,8444
8327,8432
8284,8428
8210,8427
8261,8409
8284,8398
8237,8392
8277,8386
8271,8390
8261,8370
8163,8350
8261,8349
8155,8338
8304,8330
8420,8340
8426,8329
8086,8308
8037,8303
8278,8316
8181,8303
8066,8302
8155,8271
8191,8255
8078,8261
8088,8241
8058,8248
8147,8239
8126,8229
8090,8223
8029,8204
8069,8185
8099,8197
8167,8192
8068,8186
8043,8164
8013,8151
7978,8143
8170,8144
8163,8138
8076,8137
8050,8125
7978,8088
8016,8103
7998,8107
8059,8085
8043,8072
8085,8069
8095,8053
8043,8049
8033,8032
8052,8058
7993,8020
8005,8022
7961,8019
7925,8023
7860,7991
7922,7979
7945,7999
8007,7991
7915,7974
8010,7979
7929,7983
8054,7964
8024,7959
8056,7978
8103,7987
8100,7984
8086,7942
8056,7955
8092,7950
8142,7941
8122,7970
8101,7961
8159,7958
8140,7951
8183,7961
8151,7959
8127,7967
8138,7971
8136,7973
8124,7956
8128,7975
8182,7960
8139,7953
8160,7954
8177,7970
8150,7960
8147,7957
8166,7949
8200,7943
8169,7959
8174,7953
8137,7960
8166,7956
8159,7957
8153,7959
8154,7958
8169,7960
8146,7944
8130,7953
8155,7960
8130,7962
8143,7946
8147,7957
8112,7954
8149,7963
8140,7980
8097,7942
8045,7960
8000,7958
7840,7952
7713,7957
7657,7932
7591,7933
7463,7924
7546,7933
7375,7893
7433,7916
7443,7895
7426,7886
7395,7875
7447,7860
7436,7874
7438,7850
7461,7833
7459,7843
7477,7826
7474,7832
7437,7815
7372,7806
7350,7792
7355,7795
7345,7791
7344,7779
7393,7783
7381,7748
7416,7752
7301,7756
7293,7742
7340,7727
7325,7743
7442,7727
7387,7702
7321,7693
7355,7684
7302,7685
7395,7674
7416,7669
7272,7652
7255,7664
7342,7626
7379,7623
7250,7637
7176,7626
7332,7610
7328,7598
7181,7598
7109,7597
7266,7578
7219,7571
7069,7561
7209,7563
7211,7547
7169,7543
7144,7529
7239,7515
7182,7513
7180,7509
7186,7500
7184,7490
7144,7479
7252,7475
7154,7482
7124,7458
7190,7457
7147,7442
7213,7434
7167,7431
7198,7430
7190,7408
7021,7406
7234,7387
7232,7387
7061,7376
7215,7373
7083,7366
7163,7361
7015,7348
7129,7340
7125,7331
7114,7321
7061,7316
7091,7318
7013,7305
7072,7296
7036,7282
6989,7267
6997,7270
6994,7259
6950,7251
6997,7253
7052,7230
6909,7232
7067,7224
7001,7223
6894,7204
6954,7207
6877,7194
7016,7186
7057,7173
7022,7178
6975,7163
7013,7170
7107,7160
7098,7158
7111,7161
7239,7145
7134,7152
7220,7154
7117,7155
7116,7162
7146,7141
7111,7158
7276,7149
7041,7160
7211,7162
7158,7151
7124,7157
7321,7155
7138,7148
7088,7156
7235,7154
7206,7161
7338,7137
7257,7166
7311,7159
7269,7156
7165,7151
7297,7149
7146,7157
7220,7153
7355,7151
7199,7157
7328,7154
7254,7155
7291,7162
7255,7149
7144,7146
7293,7158
7176,7159
7241,7148
7256,7143
7281,7152
7344,7161
7087,7154
7075,7158
7132,7162
7105,7153
7221,7161
7071,7162
7198,7154
7241,7142
7064,7160
7296,7162
7061,7158
7155,7160
7103,7164
7111,7164
7269,7158
7203,7161
7295,7153
7294,7157
7136,7159
7202,7147
7129,7148
7203,7165
7330,7153
7180,7154
7361,7142
7216,7147
7370,7159
7146,7146
7092,7156
7337,7158
7092,7154
7236,7166
7242,7157
7221,7165
7274,7159
7178,7158
7175,7155
7195,7158
7211,7147
7220,7160
7177,7160
7245,7159
7281,7153
7105,7149
7272,7155
7088,7167
7229,7154
7115,7156
7156,7159
7418,7155
7260,7162
7312,7155
7283,7155
7107,7150
7256,7164
7129,7145
7315,7146
7281,7142
7244,7161
7290,7148
7090,7148
7189,7169
7032,7160
7050,7160
7242,7162
7106,7150
7206,7154
7232,7154
7251,7153
7230,7161
7121,7166
7141,7152
7147,7155
7136,7152
7298,7147
7094,7156
7294,7158
7278,7158
7128,7157
7272,7156
7119,7152
7229,7158
7091,7152
7209,7168
7317,7154
7100,7148
7365,7158
7129,7148
7170,7153
7121,7147
7127,7161
7295,7157
7285,7151
7221,7155
7283,7164
7123,7163
7287,7143
7204,7156
7163,7153
7225,7154
7173,7150
7145,7155
7242,7143
7238,7173
7241,7167
7053,7145
7152,7159
7207,7153
7233,7152
7277,7160
7163,7149
7282,7156
7155,7157
7048,7168
7180,7158
7053,7155
7234,7166
7048,7143
7184,7154
7251,7146
7090,7154
7203,7160
7068,7160
7076,7162
7161,7147
7168,7148
7143,7154
7159,7154
7170,7160
7167,7144
7202,7151
7186,7156
7102,7148
7181,7154
7286,7154
7134,7156
7261,7157
7222,7143
7272,7153
7340,7161
7055,7150
7127,7148
7177,7153
7178,7156
7314,7148
7130,7149
7297,7161
7241,7153
7196,7150
7104,7158
7127,7161
7322,7152
7103,7155
7211,7160
7223,7149
7149,7145
7218,7151
7166,7158
7214,7157
7214,7163
7199,7151
7240,7145
7260,7151
7321,7152
7212,7159
7120,7160
7253,7153
7232,7157
7136,7156
7257,7150
7151,7164
7305,7153
7243,7151
7244,7158
7231,7151
7056,7165
7225,7148
7078,7149
7253,7165
7352,7155
7195,7169
7289,7163
7167,7149
7166,7156
7222,7155
7141,7146
7194,7151
7238,7145
7141,7135
7225,7160
7212,7144
7201,7159
7135,7145
7176,7158
7200,7158
7220,7149
7229,7142
7182,7164
7214,7152
7237,7155
7084,7158
7213,7156
7142,7165
7241,7152
7377,7146
7123,7151
7325,7150
7197,7154
7137,7147
7161,7170
7129,7158
7261,7153
7072,7161
7211,7161
7229,7160
7124,7150
7264,7160
7202,7157
7205,7159
7146,7151
7182,7155
7221,7162
7279,7159
7307,7154
7277,7151
7127,7143
7322,7159
7148,7154
7098,7155
7270,7164
7056,7146
7278,7145
7200,7156
7241,7154
7243,7159
7123,7157
7210,7151
7172,7149
7166,7159
7249,7150
7221,7156
7247,7154
7157,7150
7124,7149
7181,7155
7077,7151
7181,7146
7128,7162
7208,7156
7257,7160
7187,7156
7243,7150
7151,7159
7197,7152
7181,7156
7098,7150
7278,7172
7238,7150
7266,7158
7218,7151
7096,7158
7271,7165
7117,7161
7126,7158
7354,7154
7075,7165
7311,7154
7191,7148
7420,7156
7268,7156
7086,7152
7202,7162
7080,7149
7222,7160
7273,7151
7175,7163
7245,7152
7223,7155
7278,7149
7227,7163
7233,7149
7244,7161
7137,7153
7296,7155
7228,7165
7101,7155
7243,7161
7151,7153
7188,7160
7116,7158
7068,7161
7313,7155
7289,7160
7216,7155
7295,7151
7239,7149
7243,7141
7165,7151
7255,7160
7275,7158
7282,7155
7282,7165
7069,7154
7314,7165
7174,7145
7134,7146
7135,7169
7182,7148
7266,7160
7277,7154
7264,7157
7233,7170
7200,7165
7175,7150
7237,7160
7106,7152
7242,7157
7093,7162
7166,7157
7255,7158
7144,7157
7259,7137
7146,7152
7150,7152
7181,7145
7186,7164
7332,7159
7173,7158
7398,7147
7221,7160
7132,7160
7242,7157
7025,7145
7234,7163
7316,7145
7159,7146
7275,7157
7205,7160
7197,7161
7236,7152
7228,7157
7193,7147
7166,7148
7225,7150
7294,7150
7172,7152
7302,7159
7175,7144
7198,7162
7131,7148
7121,7157
7300,7161
7080,7158
7206,7165
7377,7149
7204,7149
7338,7153
7145,7158
7180,7155
7214,7150
7300,7158
7427,7166
7299,7164
7455,7167
7296,7177
7341,7180
7457,7201
7403,7200
7462,7186
7472,7207
7488,7222
7471,7225
7489,7237
7463,7240
7532,7258
7546,7256
7466,7267
7485,7273
7527,7282
7537,7294
7594,7299
7574,7302
7548,7318
7607,7308
7545,7319
7581,7330
7587,7347
7636,7355
7583,7362
7625,7377
7668,7376
7566,7382
7711,7384
7671,7395
7629,7400
7705,7419
7628,7430
7670,7435
7661,7436
7684,7446
7689,7453
7688,7455
7725,7477
7708,7482
7673,7497
7704,7477
7687,7508
7689,7504
7787,7529
7649,7527
7754,7527
7906,7545
7666,7562
7686,7565
7694,7571
7786,7576
7634,7581
7729,7621
7814,7605
7756,7613
7679,7620
7762,7606
7847,7617
7813,7641
7724,7650
7808,7674
7840,7664
7874,7670
7808,7669
7717,7687
7889,7684
7943,7724
7937,7699
7839,7725
7821,7734
7874,7742
7930,7733
7918,7766
7908,7734
7757,7773
7769,7777
7847,7777
7920,7791
7924,7808
7972,7823
7964,7810
7925,7835
7910,7827
7909,7846
7891,7834
7894,7863
7954,7857
7962,7879
8025,7875
7975,7862
8008,7900
8030,7907
8054,7910
8059,7921
8054,7935
7962,7918
8030,7930
8005,7938
7942,7936
7903,7963
7936,7938
7915,7942
7825,7958
7892,7925
7852,7957
7864,7956
7887,7947
7849,7968
7863,7952
7851,7937
7840,7966
7810,7941
7824,7938
7832,7945
7862,7954
7813,7971
7804,7937
7818,7963
7833,7961
7816,7949
7828,7950
7818,7959
7800,7956
7806,7957
7772,7960
7808,7953
7786,7946
7798,7972
7787,7953
7796,7945
7799,7942
7769,7960
7808,7925
7771,7948
7812,7970
7760,7940
7802,7954
7802,7950
7805,7950
7805,7956
7800,7968
7831,7944
7798,7943
7824,7939
7848,7953
7910,7955
7985,7966
8111,7955
8206,7948
8291,7980
8301,7974
8399,7995
8387,8008
8447,7992
8483,8018
8501,8019
8505,8036
8490,8039
8502,8036
8467,8037
8451,8051
8448,8082
8415,8070
8387,8083
8412,8092
8503,8095
8472,8100
8563,8111
8528,8130
8520,8121
8488,8131
8416,8141
8433,8151
8451,8153
8584,8174
8615,8169
8548,8171
8561,8180
8539,8196
8583,8198
8713,8212
8699,8238
8590,8224
8610,8226
8622,8236
8661,8258
8704,8268
8598,8276
8577,8276
8676,8289
8665,8281
8647,8298
8646,8301
8729,8320
8672,8323
8559,8330
8526,8343
8693,8347
8752,8367
8624,8373
8660,8380
8732,8389
8580,8388
8775,8382
8659,8402
8752,8415
8694,8412
8656,8440
8666,8444
8700,8442
8691,8453
8707,8465
8812,8474
8750,8484
8721,8474
8760,8497
8772,8512
8860,8508
8669,8512
8755,8526
8814,8523
8816,8537
8853,8560
8712,8553
8887,8555
8753,8580
8814,8576
8829,8596
8842,8598
8891,8594
8857,8610
8802,8622
8912,8626
8913,8633
8805,8637
8850,8655
8837,8665
8858,8675
8946,8670
8818,8691
8937,8698
8839,8701
8907,8710
8959,8719
8952,8721
8961,8727
8796,8737
8858,8739
8684,8740
8771,8752
8645,8746
8770,8751
8776,8747
8628,8757
8841,8756
8676,8756
8588,8746
8737,8760
8660,8762
8801,8755
8688,8747
8781,8756
8710,8752
8569,8752
8839,8753
8595,8755
8627,8757
8718,8763
8633,8764
8791,8764
8701,8746
8716,8759
8660,8768
8695,8764
8782,8772
8635,8762
8671,8762
8792,8750
8617,8751
8747,8750
8542,8754
8616,8770
8566,8766
8604,8753
8749,8755
8597,8759
8693,8742
8778,8756
8584,8759
8834,8759
8632,8748
8629,8758
8696,8752
8686,8759
8866,8754
8666,8760
8826,8763
8737,8762
8587,8752
8726,8757
8606,8758
8723,8759
8793,8760
8636,8744
8855,8762
8780,8753
8764,8765
8705,8768
8586,8758
8836,8755
8528,8757
8690,8762
8733,8756
8678,8754
8762,8757
8685,8755
8655,8761
8671,8760
8658,8761
8765,8759
8617,8761
8746,8751
8762,8764
8553,8757
8908,8757
8584,8756
8660,8744
8619,8754
8622,8753
8744,8759
8658,8757
8688,8755
8691,8748
8627,8755
8722,8753
8644,8762
8688,8762
8783,8752
8684,8755
8814,8760
8608,8767
8764,8767
8602,8759
8655,8752
8799,8755
8553,8756
8733,8766
8757,8754
8692,8764
8815,8759
8577,8761
8595,8761
8652,8756
8618,8767
8816,8762
8633,8762
8792,8765
8733,8748
8618,8756
8739,8757
8642,8763
8717,8754
8592,8758
8741,8754
8840,8746
8657,8749
8775,8759
8676,8750
8595,8762
8683,8758
8578,8746
8774,8755
8799,8756
8678,8756
8850,8758
8659,8753
8807,8757
8707,8760
8660,8765
8815,8750
8600,8761
8695,8755
8708,8770
8747,8751
8758,8755
8566,8758
8718,8767
8637,8762
8662,8759
8774,8761
8655,8750
8746,8757
8746,8761
8653,8762
8809,8757
8655,8756
8698,8750
8634,8754
8733,8756
8811,8765
8614,8754
8753,8763
8607,8751
8716,8742
8631,8761
8551,8765
8763,8763
8824,8734
8754,8758
8812,8759
8541,8753
8766,8765
8644,8768
8594,8751
8872,8750
8601,8759
8849,8758
8716,8756
8715,8763
8762,8761
8623,8745
8692,8759
8636,8751
8720,8772
8748,8752
8657,8759
8746,8757
8692,8756
8608,8755
8732,8752
8629,8758
8742,8757
8543,8761
8742,8762
8793,8753
8634,8765
8782,8770
8640,8748
8597,8754
8812,8752
8585,8756
8670,8752
8744,8752
8744,8751
8716,8752
8619,8759
8705,8759
8610,8759
8697,8759
8780,8757
8642,8751
8781,8746
8685,8755
8546,8770
8799,8761
8630,8760
8718,8752
8654,8755
8681,8743
8862,8752
8654,8754
8764,8754
8660,8764
8642,8759
8671,8755
8595,8758
8706,8744
8726,8752
8714,8763
8791,8750
8563,8764
8713,8753
8629,8750
8649,8753
8899,8754
8650,8758
8795,8761
8780,8764
8752,8751
8792,8758
8642,8756
8649,8759
8664,8755
8652,8757
8719,8758
8648,8757
8762,8751
8748,8756
8586,8764
8760,8752
8635,8757
8781,8736
8609,8763
8778,8759
8834,8754
8628,8763
8770,8752
8617,8742
8577,8756
8730,8741
8561,8758
8710,8756
8805,8752
8717,8759
8803,8764
8612,8750
8749,8762
8669,8750
8709,8762
8749,8755
8626,8754
8822,8754
8690,8756
8821,8761
8749,8752
8585,8764
8754,8758
8586,8758
8649,8741
8822,8754
8713,8750
8841,8762
8662,8749
8593,8746
8687,8752
8627,8752
8741,8769
8557,8750
8683,8767
8805,8753
8623,8756
8732,8754
8643,8755
8697,8756
8670,8755
8593,8755
8828,8755
8806,8753
8796,8755
8762,8754
8558,8756
8761,8750
8648,8749
8599,8756
8762,8756
8632,8746
8802,8759
8721,8750
8816,8756
8736,8764
8674,8753
8656,8770
8653,8754
8693,8776
8750,8751
8718,8756
8685,8761
8609,8752
8598,8754
8678,8763
8625,8756
8780,8757
8525,8756
8785,8756
8911,8756
8650,8756
8827,8769
8687,8759
8634,8754
8666,8765
8585,8762
8691,8758
8735,8756
8726,8764
8687,8748
8560,8765
8783,8748
8610,8755
8638,8758
8836,8758
8704,8771
8851,8759
8630,8756
8796,8759
8714,8743
8629,8764
8728,8744
8554,8744
8749,8760
8778,8760
8657,8758
8814,8760
8654,8752
8678,8763
8700,8752
8646,8759
8828,8740
8615,8753
8820,8759
8800,8761
8592,8766
8765,8766
8577,8770
8722,8756
8632,8759
8629,8757
8818,8760
8700,8750
8795,8774
8647,8751
8526,8759
8832,8771
8535,8762
8696,8755
8776,8753
8700,8770
8815,8761
8630,8757
8772,8756
8734,8760
8635,8764
8703,8754
8595,8759
8805,8757
8832,8758
8700,8762
8810,8756
8657,8748
8623,8772
8702,8750
8608,8765
8695,8762
8676,8757
8667,8753
8726,8748
8700,8747
8740,8761
8672,8754
8674,8765
8665,8758
8714,8757
8779,8755
8584,8758
8780,8766
8641,8760
8593,8762
8703,8764
8578,8749
8650,8749
8730,8752
8683,8775
8677,8763
8569,8745
8552,8746
8457,8732
8460,8727
8652,8713
8376,8721
8650,8711
8462,8703
8529,8698
8469,8692
8318,8683
8538,8669
8336,8668
8426,8670
8380,8660
8422,8642
8368,8661
8367,8625
8377,8628
8320,8606
8270,8599
8320,8596
8242,8586
8329,8583
8334,8572
8337,8563
8289,8552
8265,8546
8306,8539
8151,8535
8359,8522
8147,8511
8260,8507
8281,8510
8225,8492
8245,8493
8228,8483
8311,8471
8263,8464
8329,8457
8313,8439
8279,8444
8360,8435
8254,8423
8215,8410
8335,8405
8236,8407
8276,8395
8319,8378
8219,8374
8171,8365
8170,8364
8151,8341
8177,8342
8218,8337
8397,8328
8294,8315
7994,8309
8160,8301
8088,8285
8071,8295
8141,8268
8138,8273
8161,8265
8095,8276
8063,8240
8087,8257
8145,8234
8117,8224
8088,8200
7990,8204
8066,8200
8124,8181
8141,8183
8066,8176
8030,8165
8019,8144
8076,8170
8171,8155
8129,8140
7990,8122
7969,8129
8024,8102
7975,8110
8008,8103
8044,8074
8057,8082
8089,8094
8085,8079
8045,8058
8063,8047
7987,8024
7948,8033
7941,8028
7952,8025
7901,7988
7902,7991
7862,7997
7894,7997
8003,7974
7960,7982
8030,7972
8025,7973
8052,7961
8067,7943
8075,7993
8075,7941
8071,7962
8114,7945
8112,7946
8142,7954
8105,7958
8111,7946
8138,7949
8161,7968
8134,7961
8174,7963
8145,7966
8143,7968
8181,7954
8162,7954
8196,7945
8186,7944
8171,7953
8169,7943
8188,7954
8169,7952
8154,7985
8152,7955
8178,7950
8185,7968
8152,7940
8171,7957
8168,7967
8160,7975
8162,7959
8128,7936
8140,7947
8160,7958
8154,7955
8163,7942
8195,7943
8144,7974
8137,7941
8152,7955
8133,7964
8141,7944
8110,7938
8091,7933
8076,7945
7909,7946
7821,7950
7711,7948
7649,7948
7635,7938
7489,7914
7550,7917
7497,7908
7463,7895
7430,7898
7428,7888
7414,7874
7421,7869
7457,7866
7505,7851
7501,7854
7457,7837
7455,7836
7469,7835
7406,7814
7372,7804
7341,7802
7308,7773
7373,7788
7428,7775
7393,7768
7407,7764
7410,7764
7288,7753
7311,7733
7298,7742
7374,7726
7396,7711
7330,7704
7341,7708
7308,7705
7335,7676
7408,7680
7325,7664
7273,7666
7285,7655
7338,7652
7289,7642
7256,7624
7175,7628
7236,7603
7451,7612
7126,7594
7058,7575
7317,7580
7154,7569
7031,7572
7344,7555
7254,7547
7075,7543
7185,7539
7247,7532
7158,7527
7157,7501
7230,7498
7106,7502
7193,7483
7222,7472
7074,7465
7153,7458
7208,7445
7160,7434
7233,7439
7090,7424
7123,7423
7179,7407
7040,7400
7192,7393
7140,7381
7124,7370
7095,7364
7042,7376
7177,7352
6990,7345
7145,7344
7118,7325
7137,7315
7054,7331
7076,7297
6937,7312
7116,7273
6997,7292
7064,7267
6977,7274
6995,7255
7069,7250
7064,7248
7066,7238
6912,7227
6943,7217
6916,7207
6970,7202
6996,7192
6952,7179
6915,7182
7050,7186
7071,7166
7090,7173
7078,7175
7181,7163
7227,7156
7120,7150
7166,7157
7170,7163
7220,7160
7329,7156
7238,7151
7390,7159
7170,7145
7358,7155
7132,7161
7081,7145
7316,7151
7053,7155
7232,7155
7301,7151
7163,7153
7294,7157
7195,7163
7196,7156
7151,7154
7113,7151
7315,7151
7130,7154
7271,7150
7330,7146
7126,7165
7396,7149
7178,7160
7147,7152
7255,7152
7209,7167
7186,7150
7242,7161
7201,7161
7259,7159
7140,7152
7170,7157
7143,7162
7277,7153
7199,7170
7121,7168
7220,7143
7147,7153
7271,7155
7127,7145
7180,7155
7247,7147
7105,7149
7187,7159
7261,7154
7109,7162
7238,7156
7052,7158
7124,7151
7128,7145
7164,7152
7359,7153
7136,7152
7336,7156
7263,7163
7068,7160
7360,7155
7136,7153
7214,7156
7367,7160
7115,7155
7323,7148
7220,7148
7333,7149
7165,7151
7123,7138
7312,7152
7093,7144
7159,7153
7262,7156
7215,7170
7218,7166
7175,7157
7226,7167
7255,7159
7135,7152
7321,7157
7128,7161
7319,7156
7239,7148
7063,7159
7319,7151
7133,7152
7178,7162
7182,7153
7196,7147
7303,7157
7222,7147
7358,7157
7310,7146
7104,7149
7213,7143
7140,7149
7340,7164
7227,7156
7136,7158
7260,7146
7156,7158
7255,7162
7181,7159
7142,7149
7262,7162
7109,7161
7196,7161
7276,7159
7115,7155
7316,7163
7111,7156
7131,7164
7183,7150
7211,7152
7211,7144
7179,7151
7241,7145
7184,7154
7076,7154
7269,7157
7152,7151
7258,7149
7088,7142
7222,7150
7309,7148
7150,7157
7333,7160
7121,7155
7143,7152
7167,7151
7059,7156
7216,7149
7242,7153
7177,7152
7207,7151
7290,7153
7210,7142
7269,7150
7117,7156
7326,7155
7134,7149
7246,7166
7234,7157
7238,7160
7248,7163
7095,7149
7176,7161
7135,7150
7106,7147
7238,7160
7116,7152
7205,7148
7233,7161
7141,7149
7245,7158
7132,7162
7227,7153
7118,7143
7211,7143
7260,7160
7152,7160
7285,7155
7160,7147
7163,7150
7121,7158
7185,7171
7235,7155
7240,7157
7144,7155
7292,7157
7094,7154
7324,7153
7177,7154
7161,7140
7256,7160
7107,7161
7221,7151
7264,7154
7221,7164
7238,7146
7230,7152
7252,7141
7082,7155
7139,7152
7310,7155
7176,7150
7361,7128
7160,7157
7107,7163
7226,7148
7116,7154
7194,7161
7181,7147
7205,7158
7296,7162
7233,7148
7217,7149
7175,7155
7106,7146
7173,7153
7147,7142
7302,7161
7216,7153
7190,7150
7226,7154
7140,7156
7277,7165
7112,7139
7170,7150
7297,7157
7131,7151
7336,7155
7262,7153
7344,7154
7283,7156
7065,7177
7289,7149
7125,7167
7133,7170
7278,7149
7172,7155
7271,7149
7191,7149
7189,7153
7208,7146
7267,7163
7241,7155
7195,7144
7237,7156
7266,7155
7175,7159
7238,7158
7126,7148
7188,7152
7202,7142
7040,7156
7248,7157
7253,7162
7231,7137
7255,7145
7134,7157
7279,7162
7104,7152
7189,7156
7320,7158
7242,7152
7308,7154
7085,7145
7296,7161
7175,7152
7090,7151
7271,7159
7141,7148
7214,7149
7265,7158
7175,7168
7243,7140
7202,7164
7089,7153
7256,7154
7161,7163
7267,7155
7091,7170
7145,7151
7348,7162
7235,7160
7291,7155
7227,7155
7150,7147
7213,7155
7138,7151
7251,7146
7270,7161
7275,7149
7226,7158
7074,7154
7275,7158
7111,7166
7163,7167
7211,7160
7190,7154
7301,7156
7188,7144
7179,7152
7229,7156
7236,7150
7213,7154
7225,7158
7196,7151
7249,7157
7240,7161
7261,7152
7180,7156
7172,7159
7184,7151
7088,7147
7331,7151
7114,7163
7212,7159
7338,7154
7090,7148
7419,7157
7190,7165
7121,7160
7209,7151
7174,7150
7321,7157
7177,7154
7274,7157
7187,7161
7080,7163
7239,7152
7129,7145
7186,7162
7213,7155
7278,7157
7236,7164
7208,7142
7226,7153
7234,7141
7254,7154
7240,7144
7104,7154
7242,7153
7390,7158
7141,7153
7300,7167
7128,7160
7117,7133
7181,7159
7099,7164
7299,7156
7255,7166
7349,7153
7227,7150
7105,7159
7244,7150
7095,7163
7215,7157
7269,7162
7163,7154
7310,7152
7203,7150
7265,7167
7181,7150
7199,7161
7167,7147
7279,7162
7142,7162
7276,7163
7203,7155
7244,7161
7230,7159
7244,7146
7253,7153
7235,7155
7318,7161
7139,7152
7260,7155
7310,7161
7091,7157
7321,7152
7171,7148
7187,7158
7136,7159
7151,7151
7319,7156
7156,7150
7268,7148
7175,7153
7012,7153
7319,7158
7095,7152
7169,7146
7162,7166
7267,7154
7230,7153
7236,7151
7152,7143
7217,7163
7148,7145
7233,7156
7088,7138
7244,7153
7379,7155
7215,7154
7405,7147
7245,7151
7035,7154
7345,7162
7118,7147
7246,7152
7204,7144
7266,7155
7277,7154
7145,7137
7306,7157
7232,7164
7305,7164
7340,7179
7365,7187
7515,7182
7380,7185
7491,7201
7391,7189
7488,7211
7471,7219
7462,7222
7556,7233
7446,7237
7564,7229
7497,7251
7554,7252
7488,7268
7595,7285
7515,7277
7563,7291
7574,7306
7614,7295
7521,7317
7620,7334
7544,7326
7631,7337
7604,7351
7626,7347
7554,7365
7629,7368
7644,7371
7580,7392
7721,7400
7647,7394
7599,7406
7640,7433
7675,7427
7681,7432
7609,7447
7698,7448
7672,7457
7720,7462
7731,7477
7638,7478
7667,7493
7714,7497
7665,7504
7758,7520
7782,7524
7761,7526
7664,7556
7853,7549
7690,7571
7666,7558
7750,7555
7754,7593
7706,7579
7833,7602
7797,7599
7798,7602
7772,7626
7877,7614
7852,7630
7773,7648
7729,7651
7770,7653
7868,7640
7834,7680
7755,7678
7777,7669
7925,7697
7934,7704
7880,7708
7814,7727
7848,7722
7878,7740
7904,7736
7902,7764
7864,7768
7795,7778
7807,7774
7796,7810
7894,7776
7939,7788
7968,7818
7986,7812
7936,7825
7913,7843
7880,7843
7881,7850
7933,7831
7975,7881
7968,7877
8024,7887
8015,7877
7995,7911
8049,7911
8066,7922
8073,7915
8040,7908
7985,7928
7943,7927
7916,7973
7951,7929
7880,7945
7894,7946
7928,7962
7844,7938
7877,7947
7838,7950
7858,7974
7804,7956
7840,7958
7833,7964
7815,7941
7794,7958
7817,7980
7805,7953
7826,7945
7812,7933
7854,7962
7815,7962
7821,7966
7822,7961
7810,7948
7789,7961
7788,7951
7832,7947
7788,7963
7808,7938
7816,7958
7811,7941
7811,7963
7779,7954
7788,7956
7785,7970
7790,7959
7770,7943
7811,7953
7768,7954
7827,7967
7778,7956
7809,7949
7798,7953
7835,7960
7840,7959
7817,7955
7828,7937
7830,7947
7887,7959
7899,7945
8027,7964
8191,7968
8223,7963
8338,7976
8398,7981
8384,7990
8403,7994
8453,8008
8454,8005
8489,8016
8485,8023
8435,8015
8466,8039
8457,8058
8449,8045
8401,8075
8443,8083
8426,8094
8458,8093
8448,8100
8515,8103
8549,8111
8561,8122
8479,8138
8467,8130
8424,8147
8424,8153
8553,8142
8603,8172
8624,8172
8563,8169
8549,8195
8556,8194
8617,8202
8644,8212
8635,8213
8594,8236
8572,8244
8661,8241
8666,8249
8657,8265
8599,8270
8638,8284
8704,8288
8649,8293
8607,8294
8659,8324
8642,8320
8638,8332
8482,8340
8644,8351
8656,8358
8619,8355
8684,8363
8590,8385
8673,8376
8726,8393
8730,8404
8743,8392
8680,8413
8788,8419
8731,8416
8666,8442
8711,8456
8689,8456
8720,8462
8810,8473
8658,8475
8721,8497
8744,8501
8674,8508
8814,8518
8671,8522
8807,8530
8805,8530
8748,8551
8827,8553
8757,8554
8833,8577
8772,8565
8916,8574
8730,8597
8793,8610
8846,8618
8933,8626
8856,8602
8860,8635
8853,8643
8961,8654
8875,8642
8947,8669
8820,8671
8946,8690
8862,8695
8977,8688
8959,8700
8959,8713
8925,8713
8826,8723
8871,8725
8787,8746
8840,8743
8754,8741
8875,8749
8808,8746
8574,8746
8793,8740
8614,8752
8662,8751
8792,8753
8672,8757
8744,8752
8660,8758
8630,8753
8596,8758
8605,8745
8791,8757
8785,8748
8693,8761
8693,8754
8551,8763
8734,8755
8595,8766
8657,8760
8695,8770
8641,8757
8706,8771
8658,8750
8784,8746
8689,8747
8627,8755
8734,8757
8543,8756
8786,8757
8783,8763
8700,8765
8800,8752
8634,8752
8644,8748
8708,8747
8532,8758
8676,8772
8556,8748
8689,8771
8753,8749
8611,8755
8812,8755
8618,8753
8635,8759
8634,8759
8628,8758
8816,8753
8662,8759
8772,8769
8785,8759
8650,8760
8764,8767
8642,8762
8660,8757
8793,8756
8674,8753
8754,8756
8630,8759
8841,8750
8656,8745
8575,8756
8766,8757
8627,8771
8804,8755
8789,8760
8665,8756
8800,8761
8661,8741
8642,8746
8643,8749
8588,8749
8806,8750
8571,8742
8734,8763
8772,8758
8607,8761
8706,8761
8602,8768
8636,8751
8647,8753
8605,8757
8699,8758
8676,8753
8825,8760
8745,8748
8573,8762
8782,8757
8594,8755
8748,8759
8792,8744
8674,8757
8801,8759
8663,8774
8816,8757
8699,8758
8519,8748
8733,8767
8610,8760
8743,8753
8765,8757
8645,8747
8659,8748
8630,8759
8793,8752
8559,8755
8732,8757
8793,8749
8615,8763
8754,8768
8739,8753
8515,8766
8728,8755
8509,8750
8660,8752
8615,8763
8645,8759
8805,8754
8617,8766
8916,8751
8709,8745
8593,8748
8681,8761
8593,8754
8829,8754
8736,8761
8641,8759
8827,8758
8641,8754
8846,8763
8648,8755
8614,8750
8819,8762
8525,8765
8693,8759
8788,8754
8729,8758
8776,8751
8658,8755
8667,8746
8682,8762
8618,8763
8676,8757
8672,8767
8708,8757
8683,8750
8613,8762
8704,8755
8613,8763
8752,8759
8606,8745
8712,8760
8820,8761
8606,8758
8830,8749
8637,8749
8559,8738
8738,8746
8542,8759
8782,8750
8762,8753
8619,8757
8841,8761
8688,8761
8787,8752
8715,8750
8650,8760
8751,8757
8563,8756
8740,8737
8695,8753
8734,8751
8737,8759
8634,8771
8665,8768
8715,8755
8614,8760
8712,8761
8601,8760
8777,8761
8676,8751
8526,8768
8663,8761
8616,8746
8716,8756
8628,8750
8625,8763
8792,8760
8579,8760
8792,8752
8660,8758
8623,8763
8670,8759
8620,8755
8816,8764
8796,8754
8754,8759
8803,8766
8642,8740
8770,8761
8634,8758
8615,8758
8793,8757
8589,8751
8763,8755
8749,8759
8772,8751
8759,8754
8592,8766
8693,8750
8609,8760
8706,8761
8730,8764
8692,8766
8787,8755
8715,8759
8604,8754
8657,8755
8556,8751
8794,8770
8609,8759
8669,8762
8858,8765
8668,8766
8895,8755
8742,8747
8609,8754
8731,8755
8668,8758
8772,8758
8729,8757
8740,8752
8707,8756
8644,8758
8772,8755
8620,8753
8672,8750
8779,8749
8630,8757
8821,8758
8691,8762
8798,8756
8696,8760
8565,8754
8693,8761
8621,8753
8649,8762
8790,8766
8638,8762
8786,8761
8637,8762
8571,8748
8755,8753
8644,8756
8794,8754
8615,8755
8799,8771
8741,8767
8617,8760
8760,8761
8563,8763
8579,8755
8702,8758
8600,8763
8758,8761
8729,8755
8772,8767
8747,8750
8582,8750
8797,8746
8574,8757
8707,8758
8751,8750
8663,8762
8765,8758
8693,8755
8757,8763
8665,8747
8610,8757
8711,8761
8587,8756
8698,8755
8791,8762
8706,8770
8967,8762
8680,8749
8624,8750
8755,8753
8629,8759
8760,8742
8617,8754
8626,8760
8762,8750
8710,8760
8706,8759
8604,8758
8628,8746
8668,8752
8618,8755
8799,8760
8654,8753
8806,8752
8648,8751
8540,8769
8761,8763
8579,8750
8710,8756
8800,8750
8671,8760
8805,8760
8603,8763
8590,8763
8681,8755
8661,8761
8801,8758
8621,8762
8752,8751
8781,8747
8600,8766
8794,8740
8559,8751
8613,8766
8668,8760
8686,8765
8796,8762
8731,8751
8794,8754
8748,8750
8607,8768
8746,8766
8614,8759
8710,8762
8803,8757
8618,8751
8806,8758
8699,8762
8769,8760
8714,8758
8616,8755
8729,8766
8675,8760
8677,8762
8732,8756
8754,8754
8849,8753
8621,8761
8694,8751
8679,8755
8646,8754
8767,8756
8547,8759
8714,8758
8797,8755
8683,8751
8814,8759
8678,8766
8655,8768
8637,8759
8620,8764
8816,8755
8717,8750
8798,8752
8667,8772
8594,8764
8700,8759
8561,8753
8677,8763
8817,8768
8621,8748
8792,8749
8634,8760
8737,8751
8744,8750
8566,8755
8714,8762
8660,8762
8660,8761
8725,8757
8711,8747
8809,8753
8695,8763
8706,8759
8709,8763
8715,8753
8750,8759
8630,8767
8723,8755
8722,8753
8688,8748
8718,8754
8637,8755
8723,8755
8604,8752
8688,8752
8849,8756
8603,8758
8792,8759
8673,8753
8602,8759
8735,8744
8554,8748
8589,8760
8614,8744
8583,8742
8686,8747
8406,8740
8635,8721
8349,8718
8410,8712
8577,8707
8390,8705
8515,8693
8349,8670
8559,8678
8340,8669
8334,8668
8399,8656
8417,8645
8328,8639
8317,8641
8344,8613
8306,8611
8310,8618
8287,8583
8264,8594
8298,8584
8298,8578
8353,8570
8285,8560
8309,8531
8253,8530
8343,8522
8201,8530
8141,8509
8257,8497
8303,8511
8364,8470
8184,8490
8233,8468
8291,8460
8261,8454
8305,8450
8266,8453
8252,8436
8339,8426
8227,8426
8243,8410
8287,8404
8251,8398
8251,8386
8281,8375
8242,8371
8236,8365
8275,8360
8074,8350
8219,8358
8360,8330
8452,8317
8181,8314
8000,8302
8262,8292
8223,8301
8066,8285
8066,8264
8185,8267
8168,8253
8079,8269
8035,8256
8111,8235
8175,8234
8109,8216
7997,8219
8042,8219
8079,8192
8150,8193
8106,8199
8099,8187
7982,8168
7981,8169
8139,8157
8124,8154
8114,8127
8066,8113
7981,8151
7979,8103
8020,8096
8028,8099
8020,8066
8069,8070
8120,8073
8056,8022
8046,8054
8042,8040
7960,8041
7961,8036
7954,8026
7941,8018
7894,7991
7946,8005
7934,7983
7939,7982
8035,7985
7981,7967
8007,7954
7996,7974
8017,7972
8082,7989
8108,7936
8114,7960
8111,7964
8100,7948
8135,7971
8135,7964
8146,7959
8131,7946
8116,7972
8154,7952
8130,7947
8144,7958
8143,7989
8178,7957
8154,7942
8167,7947
8170,7949
8180,7968
8180,7977
8175,7986
8181,7953
8159,7970
8167,7947
8144,7954
8168,7967
8160,7957
8160,7957
8187,7960
8195,7945
8154,7963
8163,7969
8147,7960
8168,7962
8178,7947
8162,7953
8139,7948
8137,7972
8146,7957
8131,7947
8152,7953
8141,7941
8149,7959
8146,7970
8100,7934
8011,7960
7884,7952
7812,7936
7691,7945
7547,7925
7538,7927
7471,7911
7463,7920
7497,7899
7437,7897
7455,7900
7437,7883
7417,7871
7441,7867
7400,7857
7510,7860
7468,7834
7474,7839
7463,7829
7462,7815
7384,7815
7350,7807
7319,7786
7321,7792
7299,7788
7457,7779
7380,7762
7409,7774
7357,7751
7282,7751
7294,7748
7336,7715
7430,7722
7405,7705
7386,7699
7307,7707
7318,7687
7327,7683
7401,7670
7283,7663
7278,7648
7282,7654
7369,7639
7345,7622
7206,7623
7228,7621
7230,7600
7338,7591
7153,7593
7222,7585
7283,7578
7157,7564
7126,7562
7186,7555
7241,7537
7122,7542
7193,7547
7198,7521
7177,7521
7184,7489
7201,7484
7092,7483
7182,7468
7210,7471
7017,7459
7212,7458
7163,7452
7151,7431
7243,7436
7126,7417
7156,7409
7058,7410
6987,7399
7249,7378
7093,7383
7222,7375
7117,7363
7117,7370
7128,7361
6991,7332
7169,7332
7053,7318
7126,7327
7022,7313
7050,7311
7008,7306
7073,7285
6968,7276
7072,7280
6973,7270
7008,7256
6941,7252
7023,7235
7061,7229
7079,7211
7013,7222
6883,7206
6974,7209
6922,7188
7055,7180
6955,7172
7033,7174
7044,7181
7140,7171
7032,7158
7002,7163
7140,7168
7120,7152
7210,7158
7187,7162
7098,7140
7233,7163
7069,7163
7181,7156
7139,7157
7253,7165
7219,7153
7020,7159
7340,7163
7146,7151
7088,7152
7242,7147
7117,7157
7252,7156
7379,7150
7184,7148
7387,7151
7201,7153
7304,7156
7217,7150
7101,7159
7320,7154
7107,7157
7192,7155
7261,7157
7253,7167
7307,7154
7198,7160
7170,7166
7206,7147
7124,7159
7317,7150
7193,7148
7342,7159
7239,7158
7092,7164
7155,7152
7122,7166
7272,7165
7114,7151
7161,7155
7202,7160
7293,7171
7203,7154
7243,7166
7162,7159
7191,7141
7127,7149
7235,7152
7215,7154
7213,7146
7306,7137
7063,7160
7411,7151
7076,7162
7105,7157
7324,7157
7091,7164
7295,7158
7354,7156
7274,7164
7326,7157
7108,7148
7182,7170
7199,7154
7240,7158
7243,7162
7188,7172
7327,7152
7183,7153
7099,7162
7221,7161
7189,7157
7249,7148
7203,7157
7213,7168
7296,7158
7240,7148
7375,7161
7171,7155
7145,7161
7163,7164
7126,7164
7210,7159
7302,7152
7237,7164
7286,7147
7106,7162
7312,7153
7169,7150
7189,7149
7387,7146
7178,7158
7341,7158
7138,7151
7353,7155
7210,7158
7065,7157
7216,7155
7121,7146
7154,7164
7233,7155
7121,7163
7263,7155
7273,7149
7139,7150
7217,7156
7085,7154
7240,7156
7080,7154
7202,7163
7261,7151
7175,7153
7186,7146
7121,7150
7187,7150
7114,7154
7117,7164
7295,7155
7271,7154
7354,7157
7274,7139
7077,7153
7320,7158
7096,7155
7217,7164
7256,7157
7141,7140
7302,7149
7194,7149
7229,7155
7185,7156
7181,7159
7299,7164
7205,7173
7194,7148
7292,7153
7147,7155
7370,7148
7143,7151
7087,7157
7213,7145
7095,7163
7218,7156
7308,7157
7212,7152
7271,7165
7119,7157
7309,7157
7182,7147
7202,7143
7326,7157
7159,7162
7288,7158
7155,7146
7344,7158
7206,7163
7026,7162
7181,7163
7104,7151
7194,7155
7210,7154
7144,7155
7250,7148
7212,7160
7163,7149
7194,7142
7079,7171
7294,7166
7045,7158
7215,7160
7262,7138
7234,7152
7267,7155
7244,7157
7069,7157
7223,7159
7100,7160
7231,7158
7253,7140
7295,7159
7285,7169
7083,7161
7346,7155
7064,7147
7179,7163
7269,7151
7138,7159
7223,7156
7171,7156
7257,7165
7262,7163
7186,7145
7209,7160
7299,7151
7234,7162
7206,7135
7182,7148
7310,7145
7129,7151
7179,7153
7141,7146
7153,7157
7290,7155
7086,7153
7222,7159
7287,7162
7179,7153
7304,7157
7188,7155
7135,7156
7179,7160
7129,7144
7306,7150
7234,7149
7344,7154
7222,7159
7059,7163
7266,7153
7121,7166
7189,7154
7205,7156
7242,7152
7238,7156
7246,7149
7275,7153
7174,7139
7121,7169
7217,7155
7209,7159
7158,7168
7268,7147
7163,7159
7285,7162
7260,7149
7149,7161
7184,7155
7190,7147
7258,7157
7165,7158
7294,7151
7241,7146
7113,7149
7235,7157
7048,7143
7205,7150
7029,7166
7112,7151
7248,7147
7158,7147
7290,7158
7243,7159
7140,7155
7190,7152
7209,7152
7158,7146
7251,7155
7121,7159
7325,7153
7223,7156
7296,7147
7137,7148
7111,7155
7250,7142
7103,7149
7235,7154
7329,7157
7202,7141
7347,7158
7143,7159
7087,7151
7227,7145
7139,7159
7292,7159
7148,7154
7318,7157
7233,7170
7107,7147
7185,7148
7058,7164
7195,7178
7128,7148
7138,7148
7178,7163
7159,7147
7216,7151
7145,7151
7116,7150
7236,7168
7181,7154
7176,7155
7304,7152
7208,7159
7400,7162
7178,7163
7330,7153
7188,7157
7057,7150
7253,7154
7032,7154
7254,7173
7318,7143
7208,7161
7320,7165
7119,7158
7246,7156
7081,7164
7129,7161
7315,7165
7148,7137
7308,7143
7220,7161
7161,7152
7228,7157
7201,7157
7181,7149
7194,7171
7198,7159
7245,7149
7255,7155
7235,7156
7256,7152
7168,7150
7314,7162
7169,7160
7200,7150
7275,7148
7218,7156
7358,7151
7138,7134
7368,7166
7193,7149
7115,7159
7430,7149
7028,7163
7302,7153
7256,7153
7239,7145
7231,7146
7069,7150
7172,7157
7198,7150
7127,7148
7188,7154
7218,7151
7228,7144
7200,7140
7176,7149
7297,7149
7218,7150
7148,7160
7113,7171
7208,7152
7312,7165
7188,7156
7263,7150
7189,7148
7147,7151
7226,7153
7126,7157
7243,7150
7312,7153
7293,7155
7295,7151
7114,7159
7281,7152
7087,7149
7201,7138
7337,7160
7114,7143
7298,7148
7190,7147
7209,7151
7183,7145
7155,7151
7287,7154
7172,7145
7178,7166
7347,7143
7124,7153
7370,7159
7290,7153
7090,7147
7410,7155
7097,7161
7231,7155
7154,7153
7188,7156
7366,7153
7327,7160
7252,7158
7207,7148
7187,7151
7219,7154
7182,7152
7420,7162
7344,7158
7363,7170
7390,7162
7292,7173
7437,7187
7351,7184
7429,7197
7433,7203
7504,7203
7511,7214
7443,7218
7517,7231
7442,7241
7577,7254
7508,7245
7533,7265
7457,7278
7510,7278
7553,7277
7618,7300
7558,7303
7588,7319
7572,7317
7592,7327
7554,7329
7647,7330
7619,7353
7649,7351
7573,7355
7617,7364
7567,7382
7652,7384
7750,7389
7578,7406
7679,7408
7679,7414
7669,7426
7637,7430
7661,7443
7635,7450
7674,7455
7738,7478
7698,7482
7685,7487
7685,7487
7742,7509
7743,7509
7749,7512
7739,7527
7615,7523
7752,7542
7835,7554
7772,7554
7669,7563
7723,7580
7676,7580
7718,7591
7813,7585
7782,7616
7711,7610
7731,7629
7810,7618
7851,7633
7731,7640
7750,7654
7844,7651
7820,7675
7848,7653
7759,7677
7792,7683
7848,7709
7919,7701
7905,7701
7809,7719
7804,7757
7830,7738
7911,7730
7969,7763
7878,7757
7780,7776
7843,7772
7805,7776
7956,7789
7907,7801
7979,7792
7902,7821
7916,7836
7902,7827
7873,7836
7869,7861
7923,7885
7987,7863
7987,7858
8030,7886
8033,7886
8000,7898
8023,7903
8025,7898
8030,7921
8011,7915
7989,7925
7948,7944
7918,7943
7952,7939
7918,7945
7900,7948
7866,7954
7883,7944
7871,7965
7864,7957
7864,7945
7827,7944
7852,7952
7818,7945
7858,7957
7831,7948
7834,7962
7814,7953
7786,7976
7813,7927
7801,7971
7801,7968
7814,7980
7794,7952
7808,7956
7801,7956
7798,7945
7793,7949
7788,7961
7801,7964
7782,7944
7802,7954
7772,7950
7796,7967
7799,7954
7777,7954
7826,7951
7779,7958
7789,7961
7789,7927
7791,7968
7798,7965
7795,7937
7812,7974
7809,7953
7799,7945
7829,7959
7830,7940
7814,7954
7874,7962
7959,7958
8045,7960
8133,7959
8235,7982
8317,7970
8324,7984
8416,7989
8441,7988
8467,8003
8429,8002
8488,8025
8482,8023
8474,8013
8454,8047
8455,8060
8417,8056
8419,8064
8389,8075
8410,8075
8457,8101
8491,8094
8494,8102
8561,8113
8577,8121
8568,8127
8413,8143
8422,8138
8416,8158
8637,8165
8659,8177
8585,8161
8523,8176
8553,8189
8544,8199
8654,8202
8648,8209
8639,8225
8592,8237
8595,8240
8645,8248
8679,8255
8652,8277
8571,8278
8684,8267
8689,8295
8644,8305
8587,8308
8564,8300
8716,8327
8613,8325
8523,8340
8644,8326
8797,8358
8530,8359
8670,8375
8777,8368
8726,8377
8651,8398
8788,8397
8667,8410
8610,8418
8711,8415
8702,8431
8684,8444
8808,8450
8691,8456
8785,8466
8811,8461
8700,8481
8724,8477
8706,8504
8817,8501
8899,8512
8693,8519
8893,8536
8812,8525
8886,8555
8733,8543
8815,8553
8857,8571
8778,8579
8901,8596
8792,8593
8868,8603
8793,8608
8897,8610
8847,8630
9001,8631
8911,8652
8959,8644
8850,8656
8914,8659
8868,8672
8958,8667
8750,8681
8862,8698
8935,8691
8875,8717
8938,8732
8959,8727
8889,8738
8825,8731
8767,8744
8684,8758
8685,8747
8887,8749
8692,8758
8784,8749
8771,8753
8647,8764
8756,8755
8566,8755
8685,8757
8843,8747
8695,8748
8835,8756
8666,8754
8782,8752
8654,8753
8630,8760
8763,8760
8610,8763
8708,8753
8786,8757
8643,8750
8717,8760
8598,8763
8645,8765
8652,8761
8640,8750
8737,8748
8604,8765
8738,8759
8670,8753
8578,8758
8666,8753
8555,8745
8723,8755
8617,8763
8697,8756
8720,8761
8631,8755
8726,8764
8708,8764
8642,8762
8697,8749
8576,8756
8805,8740
8867,8757
8697,8770
8800,8760
8616,8761
8803,8753
8618,8750
8581,8758
8728,8765
8670,8752
8649,8752
8692,8758
8707,8759
8760,8756
8637,8751
8693,8762
8639,8749
8737,8748
8798,8761
8624,8766
8754,8756
8718,8750
8586,8753
8734,8746
8550,8761
8647,8762
8612,8755
8691,8762
8802,8754
8687,8752
8806,8760
8705,8754
8659,8762
8663,8765
8653,8758
8797,8761
8685,8753
8680,8762
8687,8752
8545,8759
8719,8758
8610,8742
8590,8754
8782,8754
8572,8770
8752,8763
8743,8754
8766,8754
8698,8745
8595,8770
8701,8756
8647,8755
8672,8762
8810,8768
8556,8754
8780,8755
8679,8765
8578,8756
8690,8765
8554,8755
8779,8748
8612,8758
8736,8763
8776,8764
8611,8742
8793,8763
8711,8756
8573,8766
8699,8750
8591,8764
8707,8746
8807,8765
8701,8763
8794,8752
8627,8754
8808,8764
8601,8749
8626,8756
8766,8761
8635,8763
8786,8756
8694,8754
8866,8758
8712,8769
8550,8762
8712,8757
8575,8758
8730,8759
8812,8758
8536,8756
8824,8754
8775,8762
8620,8765
8751,8757
8647,8758
8737,8756
8599,8758
8703,8765
8686,8769
8634,8769
8749,8762
8647,8750
8649,8760
8677,8765
8579,8764
8782,8770
8704,8752
8817,8755
8691,8753
8518,8758
8695,8758
8573,8755
8637,8756
8837,8761
8601,8754
8757,8766
8693,8758
8761,8753
8750,8756
8625,8757
8720,8760
8633,8749
8721,8760
8849,8760
8691,8757
8775,8758
8661,8759
8650,8756
8645,8754
8531,8756
8723,8770
8552,8752
8690,8751
8832,8763
8596,8772
8768,8758
8611,8754
8601,8756
8657,8763
8609,8761
8750,8755
8704,8755
8724,8758
8725,8752
8624,8764
8690,8749
8579,8760
8674,8758
8775,8758
8640,8755
8853,8760
8807,8747
8761,8758
8765,8761
8599,8757
8741,8748
8635,8756
8676,8756
8762,8755
8651,8750
8722,8764
8713,8751
8702,8766
8647,8767
8613,8761
8800,8755
8574,8762
8809,8766
8725,8754
8509,8755
8719,8760
8557,8752
8655,8760
8634,8756
8608,8753
8799,8778
8679,8752
8846,8772
8731,8753
8557,8743
8629,8758
8630,8754
8810,8763
8782,8755
8687,8766
8831,8759
8698,8748
8653,8752
8661,8761
8621,8753
8784,8759
8577,8750
8760,8748
8833,8761
8725,8766
8785,8755
8624,8748
8661,8754
8664,8755
8582,8765
8805,8753
8545,8748
8722,8754
8738,8762
8573,8774
8768,8751
8615,8760
8644,8758
8786,8762
8609,8763
8828,8759
8663,8760
8885,8750
8682,8762
8561,8768
8760,8758
8591,8746
8682,8754
8822,8745
8618,8751
8831,8760
8737,8773
8643,8750
8657,8756
8587,8756
8794,8753
8568,8750
8837,8758
8684,8746
8544,8759
8762,8753
8618,8764
8697,8771
8600,8762
8673,8763
8798,8760
8715,8755
8795,8771
8723,8754
8588,8754
8823,8758
8635,8750
8663,8751
8807,8760
8671,8769
8822,8748
8681,8745
8781,8759
8678,8765
8610,8758
8724,8758
8654,8750
8747,8760
8763,8746
8682,8753
8742,8749
8601,8753
8732,8768
8613,8754
8616,8758
8812,8744
8533,8755
8750,8764
8669,8755
8515,8760
8713,8757
8675,8761
8681,8747
8599,8758
8651,8752
8745,8752
8692,8755
8832,8751
8674,8756
8657,8756
8701,8745
8579,8750
8738,8765
8763,8751
8654,8756
8852,8761
8656,8765
8816,8757
8710,8760
8599,8763
8734,8753
8590,8757
8793,8742
8777,8769
8749,8757
8746,8754
8630,8754
8703,8762
8636,8756
8628,8762
8811,8746
8591,8739
8741,8749
8701,8753
8587,8761
8760,8749
8566,8759
8664,8754
8626,8751
8672,8757
8788,8777
8771,8757
8717,8759
8671,8755
8654,8757
8736,8750
8697,8769
8741,8759
8808,8749
8731,8768
8797,8758
8630,8763
8799,8776
8646,8753
8615,8757
8815,8747
8586,8756
8816,8759
8747,8750
8797,8769
8829,8759
8578,8757
8678,8766
8609,8767
8561,8752
8777,8765
8601,8753
8746,8750
8705,8756
8641,8764
8753,8755
8667,8759
8672,8754
8691,8768
8729,8759
8769,8761
8607,8753
8788,8757
8738,8757
8651,8768
8696,8757
8648,8741
8787,8767
8742,8760
8731,8746
8771,8755
8647,8762
8735,8758
8612,8747
8631,8761
8737,8755
8629,8758
8771,8768
8628,8742
8700,8754
8678,8746
8464,8735
8663,8724
8356,8733
8529,8730
8642,8717
8473,8711
8549,8692
8371,8686
8385,8701
8333,8677
8446,8665
8550,8658
8289,8653
8374,8646
8403,8640
8384,8620
8363,8633
8456,8615
8338,8614
8337,8607
8345,8595
8307,8579
8298,8584
8288,8568
8281,8568
8282,8561
8291,8553
8254,8530
8403,8546
8152,8531
8137,8509
8255,8511
8231,8494
8328,8504
8162,8486
8263,8479
8248,8463
8239,8461
8324,8447
8268,8437
8267,8427
8294,8429
8219,8434
8315,8412
8289,8407
8220,8394
8297,8376
8262,8371
8223,8380
8116,8365
8253,8355
8073,8350
8206,8343
8366,8336
8406,8335
8229,8317
8059,8308
8183,8302
8162,8302
8092,8291
8145,8280
8140,8264
8149,8251
8052,8249
8078,8244
8137,8234
8146,8232
8056,8228
8028,8219
8032,8193
8154,8190
8102,8184
8102,8178
8009,8179
8014,8151
8012,8171
8124,8163
8183,8145
8045,8133
8048,8111
7965,8113
7987,8110
8016,8075
8019,8094
8027,8088
8101,8081
8083,8069
8080,8052
8033,8046
8050,8034
7984,8047
7981,8035
7912,8018
7949,8025
7948,8012
7913,7995
7874,7983
7888,7965
7937,7985
8015,7983
8055,7968
8032,7965
8031,7978
8044,7957
8068,7961
8065,7957
8082,7951
8092,7952
8111,7948
8130,7959
8143,7950
8146,7952
8154,7945
8154,7954
8124,7951
8150,7948
8136,7969
8160,7947
8168,7961
8142,7971
8151,7964
8164,7963
8150,7955
8176,7961
8160,7957
8136,7954
8149,7949
8157,7950
8179,7954
8173,7979
8173,7942
8150,7952
8173,7982
8170,7970
8163,7950
8161,7966
8152,7952
8131,7947
8172,7964
8136,7938
8129,7949
8108,7948
8138,7965
8136,7952
8121,7956
8134,7964
8139,7928
8054,7940
7955,7935
7878,7940
7764,7944
7693,7938
7615,7937
7575,7931
7467,7907
7408,7920
7497,7930
7397,7898
7427,7899
7426,7892
7423,7877
7445,7859
7403,7854
7469,7856
7466,7835
7491,7834
7479,7833
7485,7818
7388,7820
7349,7796
7325,7803
7333,7801
7378,7785
7437,7762
7378,7757
7435,7762
7292,7747
7328,7745
7330,7753
7376,7727
7399,7718
7401,7714
7308,7709
7291,7692
7312,7695
7364,7679
7384,7668
7308,7681
7273,7658
7302,7642
7370,7636
7373,7632
7276,7622
7345,7619
7231,7602
7392,7588
7067,7586
7291,7583
7275,7562
7068,7575
7275,7558
7235,7535
7248,7536
7153,7540
7233,7520
7237,7514
7116,7509
7177,7501
7214,7492
7137,7486
7219,7476
7117,7464
7099,7449
7224,7443
7076,7441
7113,7455
7191,7435
7070,7422
7193,7432
7138,7416
7122,7399
7216,7386
7078,7390
7163,7370
7020,7357
7225,7354
7118,7346
7089,7339
7138,7344
7030,7323
7154,7311
7046,7305
6991,7311
6990,7291
7101,7281
7012,7284
7085,7276
6953,7273
7017,7258
7047,7245
7024,7242
6987,7232
7015,7221
6928,7217
6894,7197
7007,7193
6914,7199
7010,7193
6987,7188
7041,7181
7108,7171
7140,7173
7229,7168
7109,7159
7193,7162
7167,7158
7101,7163
7217,7149
7119,7162
7284,7159
7219,7157
7277,7169
7237,7159
7064,7164
7231,7159
6977,7147
7221,7156
7308,7151
7138,7145
7331,7162
7362,7145
7280,7156
7389,7154
7126,7161
7236,7158
7171,7156
7229,7147
7306,7162
7172,7154
7319,7150
7244,7147
7174,7158
7230,7152
7207,7150
7303,7164
7138,7149
7237,7156
7396,7152
7200,7157
7325,7156
7173,7151
7172,7164
7226,7174
7172,7159
7163,7141
7118,7150
7302,7158
7213,7153
7111,7148
7196,7159
7194,7152
7226,7159
7336,7161
7127,7146
7317,7156
7177,7154
7058,7150
7206,7154
7086,7152
7238,7156
7102,7150
7186,7155
7299,7162
7179,7159
7301,7162
7193,7152
7106,7157
7313,7153
7154,7146
7308,7148
7248,7150
7284,7164
7288,7151
7131,7151
7236,7152
7124,7160
7178,7158
7241,7151
7100,7146
7260,7140
7249,7170
7297,7154
7320,7146
7098,7154
7210,7162
7182,7163
7238,7149
7319,7158
7136,7155
7288,7165
7306,7145
7201,7149
7195,7139
7134,7157
7245,7158
7095,7151
7201,7156
7272,7162
7142,7160
7376,7159
7088,7155
7125,7161
7194,7151
7102,7152
7234,7160
7159,7156
7243,7152
7230,7153
7164,7147
7208,7156
7240,7154
7195,7157
7141,7155
7215,7156
7186,7152
7191,7137
7307,7147
7224,7157
7086,7140
7281,7147
7125,7163
7198,7159
7296,7154
7147,7158
7280,7166
7180,7157
7141,7163
7233,7148
7155,7156
7305,7162
7109,7158
7300,7153
7215,7154
7088,7152
7231,7157
7051,7165
7141,7147
7171,7153
7155,7159
7224,7150
7158,7151
7287,7162
7223,7152
7144,7151
7217,7169
7110,7154
7227,7161
7326,7154
7113,7162
7339,7169
7276,7147
7260,7146
7269,7156
7166,7156
7271,7154
7142,7147
7191,7160
7219,7147
7221,7157
7346,7153
7100,7152
7196,7155
7134,7148
7162,7149
7275,7150
7090,7149
7248,7164
7211,7148
7152,7150
7226,7150
7226,7161
7153,7152
7219,7160
7186,7147
7160,7154
7155,7142
7310,7156
7155,7151
7132,7154
7223,7157
7149,7152
7215,7157
7342,7147
7146,7159
7342,7152
7282,7157
7281,7154
7279,7144
7099,7159
7230,7155
7083,7155
7230,7160
7213,7155
7288,7163
7228,7142
7091,7147
7170,7153
7130,7156
7170,7150
7180,7162
7175,7149
7194,7161
7151,7162
7198,7157
7212,7163
7151,7150
7312,7153
7141,7153
7221,7160
7281,7154
7189,7156
7317,7158
7318,7151
7091,7151
7274,7154
7140,7141
7227,7154
7303,7154
7183,7152
7348,7155
7147,7158
7385,7163
7213,7161
7115,7167
7382,7145
7044,7162
7246,7156
7272,7150
7250,7165
7273,7172
7126,7152
7223,7141
7173,7151
7158,7154
7234,7148
7125,7155
7237,7169
7265,7158
7178,7149
7250,7155
7251,7154
7197,7163
7210,7143
7234,7160
7245,7151
7213,7153
7270,7146
7159,7148
7074,7162
7257,7150
7092,7165
7303,7152
7210,7157
7245,7166
7217,7158
7081,7145
7236,7159
7080,7152
7146,7152
7237,7154
7154,7159
7166,7156
7156,7155
7200,7158
7250,7142
7108,7146
7229,7168
7203,7165
7168,7157
7309,7157
7189,7148
7338,7166
7249,7156
7063,7155
7332,7149
7143,7161
7209,7156
7323,7152
7145,7152
7311,7159
7288,7154
7220,7152
7192,7140
7163,7152
7235,7155
7131,7161
7261,7165
7229,7152
7267,7158
7209,7152
7159,7156
7255,7141
7153,7157
7206,7150
7279,7148
7123,7152
7296,7151
7241,7158
7079,7155
7230,7141
7148,7158
7173,7157
7161,7142
7177,7164
7264,7165
7111,7162
7300,7158
7205,7163
7040,7163
7232,7144
7094,7156
7339,7146
7307,7152
7282,7162
7270,7158
7136,7149
7252,7165
7186,7144
7169,7152
7252,7148
7126,7156
7190,7161
7270,7156
7195,7147
7265,7149
7201,7155
7244,7156
7212,7150
7120,7157
7279,7161
7186,7151
7296,7155
7205,7151
7119,7151
7225,7153
7104,7151
7218,7157
7132,7152
7166,7153
7371,7164
7154,7152
7390,7162
7231,7151
7186,7159
7184,7147
7085,7165
7310,7156
7240,7146
7230,7159
7248,7153
7209,7160
7170,7158
7189,7154
7286,7153
7255,7144
7166,7153
7296,7157
7325,7146
7204,7157
7297,7157
7106,7161
7135,7161
7182,7156
7164,7169
7241,7157
7172,7156
7287,7152
7242,7151
7208,7159
7235,7152
7110,7170
7329,7158
7090,7153
7330,7164
7271,7149
7113,7154
7305,7165
7156,7159
7119,7154
7165,7171
7161,7146
7251,7148
7266,7158
7268,7153
7266,7146
7208,7155
7285,7154
7166,7155
7105,7156
7304,7153
7119,7157
7287,7153
7261,7159
7257,7150
7290,7148
7167,7151
7191,7158
7205,7151
7187,7157
7301,7157
7216,7150
7392,7151
7206,7143
7244,7161
7294,7151
7298,7160
7443,7170
7356,7177
7467,7186
7511,7185
7446,7189
7448,7206
7470,7201
7493,7217
7409,7221
7517,7239
7503,7233
7497,7256
7476,7255
7527,7264
7541,7276
7548,7277
7517,7277
7578,7295
7602,7305
7619,7305
7587,7310
7580,7335
7594,7319
7619,7344
7643,7345
7561,7370
7578,7376
7661,7374
7571,7378
7635,7392
7680,7402
7663,7391
7654,7413
7610,7431
7690,7422
7565,7442
7648,7450
7724,7450
7677,7463
7667,7474
7749,7469
7668,7492
7687,7496
7747,7502
7692,7516
7708,7520
7734,7526
7633,7527
7719,7550
7650,7541
7782,7559
7687,7566
7786,7586
7684,7582
7720,7581
7814,7591
7716,7595
7728,7613
7771,7624
7862,7635
7753,7619
7738,7648
7779,7666
7861,7652
7830,7662
7783,7678
7806,7672
7853,7693
7892,7717
7923,7693
7817,7727
7822,7711
7864,7745
7885,7742
7860,7743
7957,7769
7804,7757
7823,7762
7841,7772
7831,7794
7930,7796
7941,7828
7986,7814
7940,7820
7912,7818
7904,7848
7871,7861
7882,7872
7949,7865
7968,7875
7968,7892
7999,7879
8018,7892
7988,7905
8030,7927
8052,7908
7990,7936
7989,7946
7998,7930
7962,7931
7892,7937
7900,7938
7866,7972
7911,7956
7842,7951
7841,7943
7845,7952
7859,7951
7825,7937
7846,7935
7821,7963
7801,7954
7802,7963
7827,7968
7844,7966
7804,7955
7784,7971
7837,7967
7816,7959
7807,7938
7828,7950
7815,7964
7807,7952
7779,7942
7804,7965
7804,7950
7771,7963
7838,7962
7797,7962
7802,7950
7779,7963
7762,7963
7772,7960
7788,7972
7807,7968
7756,7954
7769,7964
7778,7959
7757,7959
7794,7953
7782,7968
7800,7957
7790,7932
7821,7961
7829,7938
7824,7947
7840,7967
7895,7933
7997,7966
8061,7960
8163,7972
8285,7969
8362,7980
8413,7976
8403,7991
8430,8002
8485,8012
8482,8017
8489,8028
8479,8023
8459,8024
8432,8053
8467,8045
8431,8049
8415,8059
8394,8081
8388,8089
8477,8090
8491,8104
8544,8104
8565,8110
8538,8126
8471,8128
8467,8151
8442,8154
8478,8158
8549,8155
8631,8177
8571,8178
8558,8190
8529,8200
8540,8198
8608,8207
8687,8222
8584,8221
8584,8231
8676,8226
8643,8254
8700,8248
8617,8267
8555,8280
8659,8283
8703,8280
8636,8299
8596,8318
8635,8315
8664,8332
8498,8332
8444,8342
8678,8348
8715,8354
8511,8361
8553,8373
8689,8385
8661,8381
8598,8396
8765,8408
8643,8399
8647,8422
8747,8423
8666,8435
8726,8436
8767,8453
8648,8451
8748,8482
8787,8468
8676,8476
8756,8481
8706,8504
8697,8497
8776,8510
8814,8544
8872,8527
8706,8549
8892,8548
8703,8549
8857,8571
8778,8571
8816,8583
8897,8589
8771,8592
8862,8602
8853,8622
8885,8616
8899,8630
8907,8632
8862,8639
8893,8653
8841,8664
8890,8671
8867,8674
8915,8686
8961,8697
8912,8694
9010,8705
8896,8707
8878,8719
8865,8741
8771,8741
8803,8742
8910,8740
8968,8750
8611,8746
8633,8752
8664,8750
8709,8765
8848,8758
8596,8763
8760,8761
8752,8760
8610,8763
8765,8754
8581,8757
8715,8764
8673,8756
8735,8754
8804,8757
8572,8771
8821,8747
8637,8765
8588,8759
8685,8757
8558,8752
8681,8759
8759,8765
8587,8751
8762,8750
8709,8760
8761,8761
8655,8752
8553,8755
8766,8776
8650,8758
8781,8756
8562,8754
8743,8760
8645,8765
8566,8763
8653,8764
8530,8758
8553,8763
8800,8764
8623,8763
8811,8759
8742,8767
8639,8748
8785,8757
8608,8750
8739,8754
8598,8755
8740,8751
8767,8755
8666,8770
8798,8760
8667,8752
8625,8765
8717,8750
8611,8755
8727,8761
8777,8752
8673,8768
8738,8759
8570,8755
8757,8760
8548,8744
8672,8759
8796,8752
8609,8760
8769,8751
8762,8751
8691,8757
8787,8748
8598,8767
8705,8763
8646,8756
8749,8765
8851,8748
8687,8753
8828,8762
8615,8754
8592,8763
8636,8747
8497,8756
8703,8762
8527,8755
8675,8749
8832,8757
8659,8753
8876,8758
8693,8756
8608,8769
8712,8753
8613,8755
8717,8773
8673,8752
8711,8765
8720,8750
8616,8758
8757,8756
8578,8756
8650,8755
8812,8750
8625,8738
8774,8758
8766,8758
8833,8761
8868,8771
8616,8759
8711,8747
8649,8764
8756,8758
8797,8762
8637,8753
8710,8750
8682,8763
8652,8758
8701,8757
8649,8758
8789,8754
8573,8736
8727,8760
8831,8747
8565,8752
8795,8747
8538,8752
8651,8763
8943,8759
8586,8760
8822,8762
8699,8747
8783,8759
8805,8749
8569,8756
8626,8758
8641,8761
8642,8774
8808,8747
8642,8752
8852,8767
8722,8751
8649,8751
8750,8750
8669,8760
8761,8751
8578,8767
8737,8757
8760,8759
8669,8756
8799,8761
8617,8755
8649,8772
8673,8752
8618,8763
8743,8746
8596,8759
8830,8762
8689,8759
8547,8761
8799,8760
8595,8754
8672,8760
8810,8758
8598,8757
8735,8749
8674,8749
8821,8757
8730,8747
8527,8759
8740,8768
8571,8764
8692,8756
8740,8754
8660,8756
8769,8756
8693,8759
8647,8761
8764,8760
8684,8768
8724,8755
8614,8756
8719,8762
8777,8731
8618,8754
8753,8751
8582,8754
8684,8750
8564,8742
8598,8764
8718,8759
8711,8776
8769,8771
8726,8753
8594,8772
8778,8750
8614,8756
8654,8773
8786,8754
8651,8756
8829,8752
8680,8749
8784,8754
8731,8755
8656,8756
8675,8753
8641,8760
8751,8754
8757,8750
8698,8765
8778,8760
8676,8746
8648,8773
8663,8759
8625,8765
8811,8755
8526,8756
8743,8770
8781,8755
8576,8754
8833,8752
8636,8759
8594,8755
8646,8743
8637,8750
8693,8752
8706,8765
8813,8760
8710,8753
8647,8769
8773,8755
8592,8754
8724,8760
8812,8756
8692,8764
8810,8751
8702,8762
8812,8758
8794,8753
8599,8765
8729,8758
8570,8761
8716,8762
8800,8752
8746,8768
8794,8764
8622,8764
8670,8748
8651,8753
8693,8759
8753,8764
8560,8754
8802,8768
8760,8763
8581,8755
8745,8757
8578,8765
8697,8758
8640,8738
8653,8764
8782,8753
8645,8750
8856,8760
8748,8760
8609,8755
8769,8761
8627,8757
8704,8746
8714,8758
8694,8752
8797,8750
8707,8750
8782,8759
8677,8753
8693,8767
8806,8771
8595,8733
8838,8759
8794,8765
8772,8752
8767,8770
8533,8756
8636,8759
8691,8749
8609,8746
8800,8766
8526,8757
8749,8759
8746,8749
8587,8759
8767,8771
8644,8761
8776,8753
8612,8752
8679,8761
8787,8771
8689,8747
8834,8760
8720,8747
8560,8759
8793,8758
8578,8760
8748,8759
8755,8761
8757,8767
8754,8755
8580,8759
8766,8763
8660,8759
8606,8771
8756,8757
8568,8761
8755,8763
8752,8760
8697,8752
8640,8758
8586,8762
8742,8769
8613,8751
8675,8758
8789,8756
8662,8755
8755,8773
8618,8762
8567,8763
8717,8752
8576,8768
8640,8760
8669,8752
8654,8758
8829,8756
8719,8759
8789,8750
8715,8753
8664,8751
8736,8759
8598,8766
8747,8760
8743,8732
8802,8765
8740,8753
8559,8761
8778,8759
8633,8761
8665,8756
8789,8758
8549,8742
8757,8760
8786,8750
8696,8756
8737,8766
8656,8744
8738,8749
8662,8761
8644,8756
8696,8755
8657,8767
8744,8764
8657,8750
8566,8763
8777,8761
8622,8755
8687,8762
8624,8752
8752,8759
8821,8755
8560,8758
8851,8752
8636,8755
8586,8763
8654,8764
8558,8747
8738,8758
8767,8755
8738,8768
8730,8759
8614,8740
8750,8752
8678,8763
8622,8763
8754,8743
8622,8753
8788,8751
8745,8753
8712,8758
8728,8747
8595,8752
8669,8743
8678,8759
8659,8759
8764,8757
8665,8767
8780,8769
8656,8760
8650,8751
8692,8758
8577,8762
8705,8753
8637,8751
8809,8764
8731,8752
8627,8758
8768,8760
8623,8756
8646,8756
8698,8752
8480,8751
8580,8734
8510,8724
8697,8728
8605,8730
8312,8723
8560,8718
8308,8694
8455,8700
8451,8693
8412,8689
8485,8673
8257,8678
8361,8665
8423,8653
8411,8658
8375,8631
8321,8645
8298,8626
8369,8603
8301,8618
8359,8600
8285,8585
8306,8579
8334,8563
8302,8571
8235,8565
8282,8547
8338,8537
8204,8534
8259,8536
8182,8525
8246,8518
8298,8504
8331,8501
8307,8485
8189,8475
8329,8481
8267,8467
8304,8454
8323,8443
8219,8443
8291,8430
8281,8425
8254,8413
8287,8417
8259,8393
8237,8394
8275,8396
8297,8372
8247,8368
8236,8376
8287,8352
8165,8352
8312,8311
8403,8315
8461,8334
8093,8307
8205,8304
8291,8285
8197,8289
8068,8304
8134,8277
8171,8260
8103,8265
8062,8247
8072,8238
8148,8224
8095,8224
7991,8218
7994,8196
8058,8193
8154,8186
8163,8194
8094,8153
8048,8182
7994,8155
7990,8131
8168,8127
8180,8127
8027,8135
8047,8110
7955,8125
7999,8104
7969,8098
8053,8090
8065,8085
8065,8068
8069,8080
8024,8055
8002,8044
7990,8029
7963,8027
7985,8016
7924,8024
7931,8002
7901,7995
7879,7986
7968,7982
8027,7972
7973,8002
7993,7974
8028,7974
8038,7975
8091,7953
8080,7951
8097,7966
8083,7958
8089,7944
8118,7972
8123,7958
8176,7939
8134,7958
8140,7963
8147,7958
8154,7968
8183,7960
8162,7972
8134,7944
8169,7965
8186,7942
8147,7960
8156,7949
8151,7955
8163,7956
8173,7964
8163,7959
8176,7947
8168,7956
8174,7962
8189,7956
8178,7953
8144,7954
8156,7949
8157,7959
8162,7950
8186,7969
8151,7957
8167,7962
8170,7969
8175,7967
8182,7948
8149,7944
8171,7963
8149,7942
8159,7957
8138,7945
8170,7958
8114,7971
8061,7966
7968,7951
7824,7956
7728,7958
7623,7942
7549,7926
7492,7932
7511,7921
7416,7909
7415,7901
7430,7895
7449,7880
7430,7881
7385,7881
7395,7868
7441,7852
7431,7849
7466,7849
7493,7833
7472,7823
7431,7814
7385,7807
7342,7795
7364,7806
7338,7795
7414,7780
7432,7769
7391,7765
7424,7752
7303,7743
7286,7746
7318,7726
7395,7719
7399,7712
7359,7702
7322,7701
7310,7691
7347,7698
7393,7667
7331,7667
7289,7675
7277,7626
7340,7648
7409,7642
7253,7625
7175,7626
7221,7596
7336,7591
7199,7603
7120,7593
7255,7570
7222,7574
7074,7566
7282,7557
7250,7536
7192,7547
7135,7530
7255,7518
7194,7517
7114,7502
7249,7501
7138,7487
7118,7483
7234,7484
7155,7476
7098,7469
7193,7470
7089,7433
7169,7439
7204,7435
7169,7410
7173,7411
7026,7407
7264,7395
7121,7388
7039,7374
7223,7370
7070,7355
7147,7365
7030,7346
7139,7344
7063,7325
7135,7329
7098,7321
7101,7316
7002,7300
7050,7290
7062,7300
7094,7271
7044,7270
7031,7260
7011,7253
6976,7235
7030,7239
6928,7223
6915,7221
7023,7217
6975,7203
6959,7195
6859,7193
7009,7188
7029,7180
7135,7183
7034,7163
6995,7170
7068,7164
7079,7165
7135,7165
7253,7148
7147,7157
7262,7159
7162,7157
7151,7173
7106,7159
7107,7159
7381,7157
7162,7144
7262,7177
7145,7145
7091,7161
7277,7168
7135,7165
7099,7164
7302,7150
7161,7158
7287,7149
7287,7150
7172,7147
7267,7158
7206,7149
7256,7154
7209,7159
7202,7163
7381,7149
7225,7160
7355,7157
7311,7162
7219,7166
7266,7152
7119,7156
7267,7161
7288,7160
7213,7142
7293,7154
7181,7158
7310,7160
7115,7162
7114,7152
7255,7158
7150,7149
7229,7162
7185,7155
7220,7157
7258,7147
7106,7146
7157,7157
7096,7153
7114,7157
7307,7165
7113,7154
7263,7143
7209,7150
7098,7159
7306,7155
7168,7157
7252,7154
7157,7165
7257,7145
7368,7149
7195,7148
7309,7169
7134,7149
7105,7163
7130,7139
7101,7146
7321,7150
7198,7152
7188,7149
7240,7170
7127,7142
7282,7163
7165,7152
7167,7160
7227,7157
7237,7157
7207,7158
7293,7155
7278,7158
7331,7167
7146,7153
7241,7154
7106,7148
7194,7145
7312,7160
7243,7148
7319,7155
7173,7156
7144,7160
7264,7153
7109,7163
7319,7160
7155,7157
7290,7159
7299,7161
7112,7146
7306,7164
7112,7152
7110,7159
7050,7153
7061,7158
7237,7163
7180,7169
7147,7162
7176,7145
7114,7161
7219,7153
7133,7158
7070,7143
7315,7167
7147,7156
7319,7163
7172,7150
7318,7162
7310,7162
7115,7166
7168,7147
7101,7151
7226,7166
7309,7148
7158,7141
7313,7148
7158,7153
7152,7147
7173,7148
7179,7147
7354,7158
7097,7155
7313,7164
7293,7148
7133,7154
7320,7147
7190,7155
7162,7151
7147,7151
7163,7155
7241,7157
7304,7144
7201,7154
7294,7151
7060,7152
7310,7154
7132,7151
7061,7149
7269,7151
7217,7167
7251,7159
7196,7145
7270,7146
7291,7155
7129,7149
7267,7155
7106,7158
7239,7149
7357,7156
7206,7154
7290,7153
7144,7152
7135,7160
7106,7163
7114,7153
7231,7151
7125,7161
7173,7154
7193,7151
7243,7159
7186,7150
7169,7148
7131,7161
7168,7153
7180,7165
7306,7146
7155,7150
7268,7152
7198,7160
7083,7148
7330,7152
7121,7149
7189,7152
7305,7148
7168,7153
7310,7154
7170,7153
7262,7146
7234,7160
7182,7143
7286,7152
7103,7141
7287,7154
7285,7155
7212,7156
7234,7147
7139,7147
7156,7166
7172,7150
7213,7155
7273,7161
7202,7149
7197,7157
7225,7157
7107,7156
7285,7154
7149,7157
7200,7156
7257,7136
7151,7154
7244,7156
7175,7161
7272,7155
7218,7164
7134,7160
7245,7166
7080,7158
7222,7166
7349,7153
7234,7158
7344,7154
7184,7145
7290,7163
7146,7162
7158,7167
7265,7152
7125,7152
7245,7158
7293,7149
7165,7145
7243,7150
7225,7153
7178,7156
7234,7160
7222,7155
7203,7164
7181,7161
7231,7141
7237,7153
7147,7151
7276,7152
7069,7151
7156,7152
7315,7157
7164,7153
7346,7147
7187,7155
7300,7159
7218,7156
7197,7151
7283,7144
7090,7153
7247,7153
7193,7134
7260,7160
7247,7159
7127,7166
7188,7154
7195,7153
7254,7156
7301,7160
7245,7141
7248,7159
7269,7158
7194,7157
7266,7158
7191,7153
7165,7139
7162,7164
7064,7160
7290,7151
7250,7154
7265,7155
7193,7152
7115,7151
7247,7161
7085,7162
7259,7151
7278,7155
7274,7155
7307,7161
7133,7159
7237,7155
7171,7149
7148,7155
7270,7163
7150,7147
7204,7160
7225,7158
7192,7152
7227,7151
7171,7148
7163,7158
7172,7154
7183,7157
7230,7163
7075,7160
7264,7151
7304,7152
7108,7153
7264,7149
7108,7148
7185,7160
7101,7145
7155,7155
7377,7154
7210,7161
7322,7156
7155,7161
7048,7156
7235,7156
7073,7152
7224,7169
7198,7148
7254,7158
7289,7159
7191,7151
7216,7159
7251,7153
7305,7147
7204,7156
7232,7147
7203,7175
7275,7148
7299,7156
7273,7152
7141,7153
7220,7157
7155,7151
7169,7144
7309,7159
7068,7153
7286,7148
7281,7163
7107,7157
7300,7155
7181,7158
7328,7161
7152,7157
7284,7153
7222,7148
7117,7160
7265,7169
7086,7154
7106,7156
7188,7158
7118,7152
7234,7159
7195,7160
7282,7152
7309,7161
7193,7157
7268,7160
7239,7157
7208,7152
7251,7159
7072,7154
7242,7156
7328,7151
7179,7149
7245,7150
7173,7159
7224,7168
7153,7156
7172,7161
7331,7160
7183,7152
7338,7155
7159,7153
7132,7166
7203,7155
7100,7151
7305,7155
7113,7161
7264,7155
7297,7147
7147,7156
7284,7150
7241,7162
7178,7149
7291,7159
7237,7165
7193,7158
7261,7164
7274,7158
7345,7148
7154,7156
7296,7152
7191,7153
7203,7159
7362,7160
7113,7151
7256,7152
7351,7154
7224,7149
7348,7155
7194,7167
7258,7151
7162,7162
7235,7151
7357,7151
7327,7160
7339,7158
7317,7160
7388,7167
7289,7171
7371,7188
7489,7189
7401,7183
7440,7210
7454,7210
7472,7224
7482,7251
7484,7234
7648,7239
7558,7265
7538,7253
7477,7263
7519,7274
7543,7289
7561,7284
7494,7286
7616,7297
7577,7308
7611,7324
7551,7322
7629,7335
7586,7351
7639,7351
7655,7362
7685,7372
7697,7367
7575,7389
7647,7389
7659,7396
7732,7410
7714,7404
7609,7416
7641,7431
7638,7424
7725,7449
7716,7446
7701,7469
7713,7470
7672,7488
7728,7483
7726,7500
7691,7513
7675,7517
7818,7519
7723,7545
7729,7533
7875,7532
7736,7554
7695,7568
7715,7557
7707,7572
7639,7579
7735,7608
7775,7600
7744,7597
7727,7621
7792,7641
7784,7637
7792,7629
7748,7636
7810,7648
7866,7673
7856,7667
7772,7665
7837,7684
7852,7684
7926,7703
7908,7697
7805,7710
7772,7726
7864,7732
7911,7733
7948,7753
7943,7763
7798,7770
7847,7767
7849,7772
7909,7794
7917,7790
7973,7806
7892,7824
7924,7823
7924,7862
7874,7818
7879,7858
7922,7838
7959,7867
7968,7869
8002,7870
8012,7880
8000,7901
8065,7912
8105,7932
8065,7921
8013,7931
7924,7932
7956,7947
8002,7927
7955,7923
7903,7951
7903,7940
7927,7941
7886,7954
7875,7932
7839,7951
7859,7961
7871,7945
7824,7941
7869,7945
7822,7977
7806,7949
7846,7963
7804,7964
7859,7962
7769,7969
7800,7936
7801,7950
7828,7960
7819,7953
7838,7975
7814,7957
7797,7957
7797,7943
7807,7966
7798,7949
7810,7952
7777,7950
7774,7955
7782,7960
7798,7935
7798,7951
7769,7966
7751,7959
7784,7961
7773,7961
7792,7942
7795,7982
7802,7943
7799,7953
7821,7964
7795,7958
7829,7965
7823,7950
7832,7939
7851,7953
7917,7949
7973,7961
8079,7974
8184,7962
8358,7977
8327,7979
8375,7979
8397,7993
8457,7997
8450,8026
8503,8011
8497,8033
8475,8045
8477,8045
8466,8063
8454,8045
8409,8078
8414,8078
8406,8080
8404,8086
8508,8084
8494,8097
8549,8115
8516,8116
8510,8132
8436,8138
8451,8128
8397,8153
8584,8158
8593,8167
8614,8174
8565,8196
8526,8207
8560,8204
8572,8212
8637,8209
8659,8229
8574,8232
8610,8239
8655,8235
8664,8248
8667,8280
8581,8267
8588,8292
8678,8277
8647,8309
8534,8302
8637,8310
8723,8310
8653,8327
8558,8344
8505,8336
8694,8359
8548,8347
8633,8364
8615,8361
8689,8377
8599,8377
8743,8396
8730,8411
8684,8402
8671,8445
8727,8424
8646,8435
8687,8441
8715,8450
8622,8454
8776,8481
8694,8471
8742,8487
8648,8491
8761,8505
8893,8488
8719,8529
8852,8525
8877,8534
8797,8533
8787,8556
8710,8567
8918,8573
8735,8576
8884,8577
8804,8588
8853,8590
8767,8606
8852,8610
8868,8629
8893,8633
8833,8638
8841,8659
8859,8662
8938,8656
8902,8671
8959,8677
8819,8690
8951,8698
8838,8698
8958,8710
8991,8722
8952,8724
8998,8732
8810,8731
8853,8748
8696,8747
8825,8762
8826,8748
8736,8746
8775,8763
8599,8754
8604,8747
8667,8751
8531,8755
8759,8764
8593,8748
8790,8761
8725,8752
8589,8766
8694,8750
8567,8749
8661,8760
8833,8760
8663,8756
8773,8757
8638,8755
8782,8757
8693,8757
8630,8755
8673,8763
8670,8754
8729,8751
8767,8759
8642,8752
8778,8749
8616,8757
8695,8763
8552,8758
8596,8761
8758,8760
8573,8758
8764,8763
8671,8751
8512,8764
8791,8751
8573,8749
8651,8756
8652,8758
8632,8755
8815,8759
8685,8755
8854,8763
8695,8747
8651,8757
8748,8750
8608,8772
8701,8766
8835,8765
8711,8751
8791,8757
8674,8750
8847,8767
8744,8763
8612,8756
8752,8758
8600,8750
8850,8746
8700,8748
8708,8755
8677,8763
8678,8759
8702,8762
8611,8759
8634,8759
8797,8759
8625,8749
8820,8764
8710,8755
8547,8752
8780,8765
8572,8753
8686,8747
8559,8756
8696,8755
8864,8751
8654,8754
8747,8755
8713,8761
8540,8759
8773,8778
8590,8746
8681,8757
8793,8754
8672,8754
8799,8758
8633,8749
8878,8748
8597,8758
8542,8757
8826,8755
8547,8761
8744,8774
8769,8757
8717,8755
8769,8748
8597,8746
8688,8770
8595,8760
8570,8764
8879,8759
8501,8756
8755,8759
8735,8758
8673,8755
8718,8758
8651,8760
8701,8751
8641,8759
8747,8757
8742,8763
8621,8752
8845,8755
8690,8750
8623,8764
8622,8750
8542,8752
8905,8760
8765,8760
8728,8760
8788,8767
8610,8752
8787,8756
8605,8756
8560,8758
8741,8747
8649,8747
8786,8757
8667,8751
8701,8758
8821,8749
8570,8757
8660,8753
8649,8758
8679,8760
8755,8765
8642,8755
8807,8754
8714,8750
8577,8753
8754,8764
8630,8757
8676,8754
8661,8750
8702,8769
8794,8760
8593,8769
8811,8758
8616,8746
8645,8768
8623,8749
8683,8754
8790,8761
8735,8761
8727,8759
8755,8748
8553,8749
8769,8751
8564,8759
8596,8762
8886,8757
8538,8759
8831,8754
8748,8744
8784,8750
8745,8761
8577,8758
8696,8764
8600,8755
8653,8761
8710,8749
8661,8748
8721,8749
8692,8747
8614,8746
8652,8752
8531,8768
8736,8760
8624,8764
8723,8761
8719,8763
8526,8770
8808,8758
8614,8761
8585,8755
8625,8757
8594,8758
8792,8760
8698,8749
8689,8759
8709,8750
8634,8759
8708,8762
8565,8750
8695,8767
8818,8761
8646,8766
8809,8767
8664,8745
8806,8761
8691,8760
8564,8756
8702,8755
8583,8761
8720,8755
8791,8757
8694,8760
8819,8747
8607,8767
8640,8750
8642,8756
8602,8761
8802,8762
8553,8765
8676,8762
8693,8748
8550,8762
8793,8753
8597,8763
8615,8762
8605,8755
8630,8750
8899,8742
8739,8755
8807,8762
8780,8756
8599,8766
8797,8773
8587,8763
8647,8757
8812,8763
8633,8764
8756,8761
8692,8739
8784,8762
8703,8746
8598,8741
8771,8763
8660,8770
8787,8759
8727,8757
8734,8758
8798,8762
8612,8740
8626,8757
8601,8756
8553,8747
8760,8762
8542,8755
8722,8761
8810,8754
8664,8755
8796,8757
8635,8750
8703,8761
8649,8759
8689,8764
8739,8759
8613,8762
8767,8760
8683,8750
8608,8748
8747,8773
8591,8759
8730,8771
8794,8756
8671,8755
8786,8754
8610,8760
8854,8754
8616,8758
8633,8753
8783,8749
8630,8752
8738,8765
8693,8746
8701,8759
8797,8759
8642,8764
8629,8751
8665,8759
8692,8758
8861,8751
8708,8766
8826,8752
8782,8752
8623,8775
8760,8763
8557,8752
8630,8756
8874,8751
8590,8745
8725,8767
8732,8748
8797,8753
8722,8757
8583,8760
8753,8749
8608,8758
8679,8757
8648,8761
8730,8754
8750,8750
8576,8753
8682,8748
8555,8759
8616,8751
8774,8764
8685,8760
8790,8769
8790,8763
8602,8758
8857,8760
8646,8750
8685,8758
8692,8752
8650,8767
8780,8759
8684,8756
8689,8754
8712,8753
8665,8753
8759,8753
8582,8751
8686,8766
8794,8745
8632,8757
8786,8761
8651,8765
8828,8755
8655,8762
8576,8749
8759,8763
8607,8749
8730,8759
8769,8757
8686,8765
8771,8745
8650,8760
8653,8759
8673,8764
8696,8765
8756,8752
8679,8761
8763,8765
8742,8749
8650,8744
8786,8746
8569,8756
8737,8759
8628,8759
8661,8764
8814,8756
8650,8752
8849,8748
8691,8751
8569,8767
8738,8750
8524,8755
8723,8754
8765,8760
8650,8765
8800,8749
8622,8753
8771,8747
8633,8759
8620,8756
8755,8749
8627,8751
8718,8757
8751,8758
8776,8760
8863,8752
8611,8754
8654,8760
8649,8749
8611,8750
8721,8755
8618,8759
8654,8749
8752,8762
8644,8776
8783,8760
8736,8760
8725,8746
8635,8762
8674,8745
8775,8759
8689,8760
8771,8757
8611,8765
8669,8761
8635,8772
8603,8751
8750,8763
8705,8756
8750,8750
8724,8749
8513,8751
8680,8749
8541,8750
8587,8738
8731,8741
8386,8727
8662,8730
8467,8726
8640,8722
8518,8706
8335,8714
8472,8705
8286,8678
8519,8678
8444,8664
8453,8662
8409,8649
8377,8643
8319,8640
8395,8629
8329,8618
8314,8616
8303,8605
8297,8595
8249,8586
8285,8588
8272,8568
8320,8570
8287,8566
8264,8548
8337,8547
8357,8526
8185,8514
8181,8529
8330,8503
8306,8500
8230,8487
8227,8487
8212,8475
8313,8470
8260,8460
8314,8432
8288,8446
8209,8438
8299,8425
8274,8438
8267,8417
8307,8421
8251,8405
8296,8394
8264,8382
8281,8364
8196,8354
8287,8334
8164,8358
8165,8360
8376,8332
8387,8322
8315,8328
8000,8308
8302,8298
8110,8292
8057,8304
8074,8287
8166,8277
8151,8285
8130,8240
8061,8238
8124,8254
8163,8211
8088,8218
8051,8222
8031,8220
8113,8207
8140,8172
8122,8183
8066,8164
7982,8175
8006,8163
8058,8146
8163,8139
8120,8137
8001,8121
7908,8099
8012,8122
7995,8097
8024,8085
8036,8075
8104,8071
8117,8074
8083,8056
8033,8057
8031,8041
8030,8037
7928,8035
7906,8033
7940,7993
7898,8003
7929,7991
7898,7988
7887,7967
7964,7977
7991,7959
8042,7976
8009,7973
8036,7956
8094,7964
8044,7944
8086,7944
8093,7944
8115,7965
8091,7957
8135,7969
8145,7954
8147,7952
8135,7971
8172,7955
8160,7980
8161,7939
8150,7963
8145,7974
8165,7952
8184,7974
8184,7965
8147,7946
8181,7948
8163,7942
8187,7950
8131,7938
8137,7941
8170,7942
8172,7949
8153,7964
8148,7963
8197,7967
8156,7948
8207,7944
8132,7957
8173,7964
8162,7952
8137,7953
8202,7944
8135,7957
8120,7953
8151,7969
8169,7969
8157,7954
8160,7960
8146,7947
8152,7959
8103,7936
8016,7942
7929,7959
7803,7933
7657,7951
7609,7939
7594,7937
7482,7929
7456,7919
7454,7907
7458,7915
7448,7888
7414,7880
7442,7883
7413,7879
7405,7865
7465,7841
7498,7838
7458,7823
7477,7842
7484,7809
7402,7805
7359,7800
7353,7799
7316,7793
7322,7795
7422,7785
7394,7773
7427,7754
7356,7752
7331,7750
7331,7741
7366,7736
7400,7712
7388,7710
7307,7708
7302,7686
7294,7662
7388,7680
7448,7676
7309,7665
7292,7662
7260,7644
7377,7629
7344,7623
7244,7627
7301,7617
7300,7612
7438,7600
7111,7597
7260,7583
7288,7572
7119,7555
7204,7562
7202,7560
7254,7547
7122,7511
7222,7530
7244,7522
7163,7517
7182,7501
7165,7497
7107,7485
7195,7490
7233,7475
7138,7466
7193,7450
7111,7457
7165,7443
7215,7427
7149,7423
7184,7417
7223,7412
7109,7397
7242,7397
7061,7384
7146,7381
7057,7365
7132,7356
7246,7343
7029,7337
7140,7334
7089,7327
7162,7321
7061,7318
7086,7296
6935,7300
7121,7283
7013,7283
7055,7284
6981,7270
7043,7265
6936,7250
7066,7245
7070,7236
7070,7221
6999,7218
6941,7205
7016,7197
6884,7198
6968,7175
6970,7184
7004,7175
7068,7164
7146,7178
7104,7159
7011,7169
7180,7150
7143,7154
7183,7165
7216,7157
7193,7172
7319,7164
7099,7161
7339,7159
7122,7154
7106,7165
7276,7147
7081,7153
7345,7156
7260,7144
7294,7160
7306,7152
7186,7149
7263,7155
7188,7151
7159,7155
7387,7162
7160,7158
7299,7155
7264,7141
7138,7148
7317,7153
7164,7157
7266,7166
7234,7158
7203,7160
7327,7164
7211,7155
7289,7157
7235,7153
7153,7147
7214,7143
7146,7157
7273,7165
7271,7150
7267,7158
7210,7154
7151,7159
7196,7163
7167,7153
7162,7170
7266,7148
7121,7152
7231,7152
7295,7151
7198,7161
7272,7159
7094,7164
7220,7147
7070,7154
7115,7153
7268,7153
7120,7161
7274,7151
7135,7152
7139,7144
7249,7153
7112,7157
7228,7172
7145,7154
7208,7159
7318,7148
7078,7150
7385,7161
7257,7139
7082,7156
7183,7153
7042,7163
7321,7158
7283,7153
7177,7155
7218,7147
7278,7152
7198,7155
7230,7153
7259,7147
7292,7143
7157,7153
7339,7153
7153,7146
7335,7142
7305,7151
7104,7145
7247,7160
7155,7158
7121,7159
7308,7158
7200,7151
7310,7149
7240,7153
7175,7151
7225,7159
7105,7153
7282,7162
7230,7154
7322,7153
7251,7160
7044,7160
7286,7156
7142,7150
7137,7162
7199,7156
7150,7155
7248,7155
7217,7145
7197,7155
7239,7159
7141,7157
7192,7160
7115,7157
7145,7156
7287,7158
7162,7154
7224,7158
7206,7153
7154,7156
7210,7148
7090,7152
7248,7156
7148,7164
7156,7155
7356,7159
7160,7142
7350,7156
7150,7157
7155,7164
7158,7149
7094,7150
7269,7149
7277,7163
7197,7174
7235,7147
7211,7154
7241,7143
7291,7154
7172,7160
7207,7158
7127,7148
7282,7163
7188,7147
7265,7161
7270,7142
7198,7144
7250,7146
7126,7158
7150,7157
7315,7152
7115,7152
7297,7162
7258,7152
7126,7153
7254,7163
7126,7153
7249,7143
7192,7153
7297,7159
7240,7150
7026,7149
7275,7159
7111,7149
7164,7163
7190,7148
7104,7154
7231,7157
7212,7154
7225,7156
7188,7154
7154,7165
7297,7161
7090,7153
7174,7154
7240,7153
7194,7172
7295,7158
7261,7148
7279,7163
7263,7164
7126,7150
7253,7158
7183,7144
7215,7164
7291,7156
7149,7154
7295,7146
7123,7156
7164,7160
7137,7154
7113,7150
7252,7155
7102,7155
7221,7153
7209,7169
7158,7156
7289,7162
7254,7155
7206,7151
7235,7154
7166,7151
7341,7163
7206,7158
7291,7159
7222,7154
7224,7157
7247,7159
7158,7159
7229,7156
7333,7155
7152,7155
7340,7161
7192,7145
7341,7169
7243,7141
7055,7149
7256,7154
7095,7144
7258,7155
7297,7157
7196,7158
7251,7159
7186,7152
7180,7160
7230,7152
7171,7150
7201,7157
7286,7161
7238,7156
7228,7160
7174,7154
7305,7161
7197,7166
7207,7159
7147,7143
7164,7157
7318,7159
7243,7163
7240,7151
7225,7158
7158,7160
7255,7155
7139,7152
7253,7151
7281,7153
7215,7159
7280,7141
7087,7153
7316,7162
7115,7150
7103,7173
7255,7160
7080,7154
7244,7154
7246,7145
7167,7153
7268,7153
7181,7162
7202,7161
7213,7142
7109,7157
7340,7138
7167,7145
7267,7147
7281,7159
7191,7162
7294,7162
7229,7137
7162,7154
7321,7154
7178,7166
7305,7155
7236,7155
7305,7161
7263,7155
7127,7160
7306,7154
7081,7147
7255,7161
7227,7149
7171,7159
7184,7158
7093,7147
7205,7158
7122,7155
7138,7154
7144,7154
7250,7153
7174,7148
7170,7161
7166,7152
7283,7149
7177,7164
7163,7159
7117,7160
7167,7161
7364,7163
7182,7159
7299,7156
7271,7155
7111,7159
7282,7146
7108,7147
7146,7156
7331,7157
7091,7152
7385,7154
7170,7156
7323,7160
7184,7162
7106,7155
7267,7161
7074,7169
7195,7155
7233,7159
7225,7151
7173,7160
7143,7142
7239,7150
7125,7156
7190,7150
7329,7163
7215,7152
7263,7162
7340,7155
7117,7154
7403,7157
7184,7155
7156,7148
7181,7151
7176,7155
7330,7151
7217,7155
7288,7166
7246,7147
7165,7153
7226,7156
7095,7159
7302,7170
7262,7149
7211,7154
7303,7157
7137,7158
7280,7156
7271,7145
7189,7144
7207,7153
7148,7155
7255,7155
7274,7151
7147,7161
7278,7150
7231,7144
7132,7155
7189,7137
7160,7169
7238,7154
7205,7150
7261,7158
7238,7152
7114,7147
7299,7152
7126,7144
7219,7162
7206,7156
7195,7148
7361,7159
7187,7146
7353,7166
7142,7152
7115,7150
7146,7164
7102,7163
7246,7153
7256,7147
7210,7158
7187,7148
7224,7149
7246,7148
7227,7145
7185,7152
7277,7159
7191,7150
7209,7164
7293,7153
7251,7164
7377,7155
7149,7163
7129,7163
7224,7158
7113,7161
7281,7151
7129,7155
7241,7152
7273,7148
7184,7151
7307,7157
7222,7151
7329,7159
7223,7163
7345,7166
7391,7175
7301,7184
7501,7190
7399,7178
7414,7197
7451,7213
7454,7208
7490,7216
7493,7220
7515,7225
7445,7245
7613,7241
7486,7235
7548,7258
7506,7283
7530,7275
7545,7286
7595,7299
7585,7287
7601,7319
7570,7303
7637,7323
7627,7327
7639,7353
7560,7346
7637,7356
7637,7363
7613,7366
7529,7395
7705,7396
7688,7377
7657,7407
7743,7425
7630,7410
7667,7431
7620,7437
7696,7434
7757,7447
7665,7469
7726,7463
7703,7481
7703,7482
7734,7498
7720,7507
7678,7499
7724,7519
7712,7526
7739,7528
7679,7551
7750,7550
7775,7557
7669,7567
7763,7570
7682,7591
7707,7583
7835,7595
7762,7601
7716,7612
7760,7606
7833,7625
7836,7629
7713,7647
7748,7646
7825,7678
7761,7645
7867,7670
7768,7679
7833,7701
7892,7698
7911,7712
7848,7724
7805,7709
7808,7722
7881,7749
7966,7752
7951,7755
7891,7757
7792,7763
7856,7783
7817,7772
7900,7791
7933,7795
7944,7807
7922,7837
7922,7834
7922,7839
7863,7844
7871,7835
7954,7856
7996,7867
7967,7864
8034,7887
7987,7884
8058,7893
8061,7922
8088,7917
8003,7927
8002,7924
8001,7936
7963,7941
7929,7955
7916,7945
7885,7952
7872,7938
7859,7944
7889,7941
7873,7955
7844,7958
7844,7961
7826,7954
7833,7968
7841,7961
7800,7975
7814,7946
7831,7943
7801,7951
7792,7962
7840,7954
7806,7978
7799,7961
7787,7960
7805,7959
7804,7955
7783,7947
7817,7950
7789,7962
7827,7960
7818,7957
7783,7962
7787,7965
7792,7956
7776,7941
7779,7962
7825,7962
7783,7950
7785,7970
7760,7961
7813,7976
7789,7949
7821,7947
7806,7959
7831,7955
7770,7921
7797,7952
7822,7952
7825,7957
7847,7944
7887,7967
7974,7943
8037,7964
8141,7959
8239,7961
8295,7967
8359,7975
8412,7975
8444,7983
8435,8003
8434,8016
8488,8027
8481,8033
8455,8031
8486,8044
8454,8058
8465,8051
8444,8065
8403,8070
8410,8088
8446,8075
8514,8099
8542,8101
8548,8103
8574,8104
8588,8130
8424,8148
8432,8140
8409,8156
8588,8159
8608,8161
8620,8184
8584,8169
8508,8197
8550,8201
8627,8208
8685,8202
8670,8228
8593,8246
8608,8242
8685,8254
8687,8254
8648,8263
8589,8282
8576,8289
8680,8291
8698,8295
8575,8315
8594,8320
8724,8327
8610,8315
8488,8342
8667,8348
8785,8345
8567,8368
8672,8390
8767,8381
8650,8373
8714,8394
8718,8401
8656,8418
8689,8400
8715,8428
8672,8437
8706,8446
8750,8444
8635,8452
8686,8475
8752,8474
8680,8479
8765,8490
8765,8501
8653,8504
8818,8526
8714,8505
8886,8537
8763,8555
8874,8536
8746,8559
8738,8562
8798,8568
8794,8579
8847,8582
8770,8596
8895,8597
8774,8609
8839,8616
8878,8614
8913,8636
8895,8645
8940,8646
8836,8657
8925,8670
8919,8672
8912,8695
8893,8694
8834,8697
8948,8704
8988,8715
9002,8730
8933,8733
8848,8733
8849,8739
8732,8747
8788,8746
8622,8760
8799,8748
8747,8738
8796,8750
8860,8747
8659,8765
8810,8751
8672,8754
8640,8766
8809,8754
8619,8761
8813,8762
8687,8755
8767,8758
8819,8772
8700,8757
8732,8756
8621,8754
8732,8758
8723,8752
8645,8759
8718,8762
8667,8749
8656,8745
8614,8756
8597,8753
8706,8763
8575,8752
8684,8764
8652,8752
8531,8763
8689,8762
8554,8758
8688,8762
8597,8756
8626,8768
8734,8757
8718,8757
8735,8761
8732,8766
8616,8761
8768,8753
8644,8751
8763,8745
8872,8754
8639,8748
8832,8766
8710,8755
8783,8763
8708,8756
8589,8766
8732,8757
8665,8758
8611,8757
8757,8756
8688,8754
8796,8765
8651,8750
8683,8765
8658,8756
8640,8757
8754,8752
8630,8748
8759,8757
8703,8752
8632,8764
8751,8764
8550,8749
8659,8780
8611,8743
8652,8768
8820,8762
8761,8749
8859,8756
8823,8752
8583,8763
8807,8758
8600,8751
8665,8751
8741,8758
8637,8762
8738,8749
8648,8757
8634,8753
8670,8751
8628,8767
8733,8767
8585,8755
8726,8755
8739,8750
8742,8768
8802,8757
8585,8747
8636,8748
8670,8776
8667,8756
8751,8757
8531,8755
8704,8761
8754,8758
8580,8765
8757,8756
8632,8759
8715,8766
8679,8750
8680,8763
8813,8750
8700,8754
8793,8760
8703,8763
8606,8754
8679,8754
8568,8756
8700,8755
8847,8756
8674,8750
8772,8753
8629,8755
8726,8762
8642,8750
8648,8761
8787,8762
8607,8758
8729,8773
8763,8763
8781,8752
8791,8757
8620,8765
8675,8756
8617,8751
8606,8762
8738,8744
8554,8758
8823,8752
8807,8761
8565,8766
8751,8764
8615,8759
8668,8761
8808,8750
8648,8765
8747,8761
8736,8758
8693,8760
8738,8753
8666,8765
8772,8753
8587,8755
8763,8739
8774,8757
8742,8755
8713,8747
8535,8754
8744,8759
8597,8754
8657,8756
8824,8759
8580,8761
8832,8758
8703,8758
8541,8765
8769,8752
8592,8752
8631,8765
8642,8753
8693,8761
8895,8752
8637,8762
8798,8759
8742,8733
8597,8761
8686,8761
8580,8755
8722,8766
8812,8754
8639,8754
8789,8760
8662,8756
8721,8752
8613,8760
8637,8758
8771,8764
8558,8768
8717,8758
8776,8750
8719,8776
8774,8758
8709,8752
8693,8755
8668,8745
8655,8759
8745,8752
8646,8755
8870,8759
8677,8744
8546,8763
8745,8762
8529,8750
8693,8762
8623,8750
8630,8759
8731,8758
8714,8767
8705,8756
8740,8752
8650,8750
8718,8741
8608,8762
8739,8760
8823,8759
8684,8764
8752,8750
8592,8759
8726,8756
8588,8748
8641,8756
8748,8749
8584,8766
8792,8762
8779,8755
8751,8773
8772,8766
8597,8755
8602,8749
8634,8753
8687,8760
8773,8765
8675,8765
8766,8761
8734,8749
8575,8760
8691,8752
8626,8754
8738,8765
8618,8755
8770,8755
8810,8751
8674,8758
8789,8760
8664,8748
8690,8759
8663,8757
8562,8759
8790,8761
8786,8759
8761,8756
8763,8760
8547,8754
8802,8768
8652,8757
8565,8762
8744,8756
8580,8771
8759,8748
8715,8752
8794,8754
8710,8766
8599,8761
8720,8761
8644,8762
8673,8754
8813,8752
8594,8753
8837,8760
8768,8757
8623,8750
8805,8762
8591,8747
8745,8761
8580,8750
8672,8771
8761,8749
8637,8750
8769,8759
8666,8764
8669,8755
8660,8745
8609,8749
8754,8758
8763,8755
8699,8761
8703,8754
8510,8748
8889,8748
8621,8759
8633,8761
8805,8760
8611,8748
8809,8761
8675,8762
8740,8757
8737,8753
8659,8759
8657,8766
8655,8737
8682,8760
8782,8755
8659,8758
8797,8775
8687,8752
8656,8756
8653,8746
8572,8753
8715,8768
8730,8751
8768,8769
8721,8762
8523,8749
8731,8759
8677,8758
8662,8761
8761,8766
8585,8751
8734,8762
8790,8760
8753,8747
8753,8758
8639,8750
8692,8758
8620,8749
8650,8755
8727,8760
8648,8760
8789,8762
8655,8754
8572,8762
8741,8761
8586,8756
8702,8761
8608,8762
8742,8751
8835,8749
8615,8759
8799,8759
8743,8767
8714,8762
8654,8752
8559,8752
8733,8743
8779,8753
8632,8762
8701,8751
8633,8751
8727,8750
8656,8759
8737,8760
8788,8750
8640,8758
8805,8757
8713,8756
8781,8759
8732,8756
8613,8757
8673,8759
8653,8761
8614,8762
8792,8770
8675,8755
8807,8765
8638,8760
8574,8758
8681,8758
8574,8756
8764,8754
8593,8762
8759,8763
8778,8755
8580,8763
8760,8752
8716,8755
8691,8755
8645,8757
8564,8751
8783,8745
8841,8750
8661,8759
8777,8745
8614,8755
8821,8769
8687,8758
8609,8754
8648,8754
8642,8769
8674,8778
8708,8757
8741,8745
8728,8754
8684,8757
8688,8752
8634,8751
8757,8746
8767,8760
8716,8753
8781,8764
8619,8766
8606,8760
8660,8753
8541,8763
8731,8769
8603,8756
8712,8755
8692,8754
8485,8748
8608,8744
8422,8744
8577,8743
8390,8723
8471,8739
8676,8716
8421,8705
8552,8694
8430,8691
8327,8692
8359,8675
8398,8672
8500,8658
8413,8657
8379,8649
8418,8649
8356,8620
8290,8621
8362,8626
8286,8606
8325,8599
8329,8589
8319,8592
8269,8577
8280,8558
8305,8561
8287,8561
8227,8541
8188,8540
8380,8532
8154,8519
8208,8514
8307,8507
8191,8476
8243,8488
8266,8475
8310,8458
8206,8473
8296,8456
8332,8441
8221,8436
8360,8438
8302,8426
8233,8419
8300,8405
8236,8399
8260,8403
8322,8377
8262,8380
8206,8374
8148,8357
8216,8356
8197,8350
8204,8334
8329,8323
8314,8319
8176,8314
8134,8316
8139,8292
8101,8286
8114,8285
8146,8274
8159,8275
8118,8271
8070,8253
8087,8240
8163,8213
8138,8231
8078,8235
8054,8229
8023,8201
8108,8200
8096,8190
8099,8180
8026,8140
8002,8180
8074,8148
8090,8142
8174,8147
8015,8129
7956,8115
8011,8111
7989,8097
7977,8113
8023,8089
8025,8082
8112,8069
8069,8071
8070,8026
8061,8031
7993,8025
8005,8051
7919,8021
7986,8010
7922,8020
7921,7994
7911,7994
7904,7979
7932,7984
7937,7978
8019,7973
8003,7964
8037,7952
8067,7944
8052,7939
8102,7960
8079,7956
8127,7947
8075,7965
8123,7943
8121,7970
8116,7960
8167,7975
8146,7951
8165,7968
8143,7973
8157,7961
8167,7940
8155,7964
8161,7957
8166,7933
8179,7970
8173,7960
8170,7952
8158,7968
8167,7940
8151,7976
8154,7958
8153,7963
8191,7961
8176,7958
8176,7969
8167,7945
8138,7963
8140,7962
8165,7951
8182,7942
8161,7953
8159,7956
8147,7939
8154,7969
8167,7955
8133,7940
8153,7962
8137,7950
8170,7971
8141,7950
8121,7946
8030,7936
7944,7945
7826,7947
7759,7950
7643,7951
7656,7928
7573,7931
7560,7914
7424,7915
7410,7919
7396,7919
7440,7893
7408,7889
7421,7876
7403,7880
7443,7866
7452,7856
7466,7835
7488,7827
7483,7828
7434,7816
7395,7817
7336,7803
7346,7799
7362,7793
7407,7781
7398,7770
7399,7771
7448,7745
7325,7746
7287,7732
7296,7742
7372,7711
7384,7720
7374,7702
7314,7685
7315,7690
7350,7674
7374,7673
7381,7660
7302,7652
7254,7648
7315,7642
7331,7652
7192,7634
7269,7614
7319,7609
7457,7594
7321,7598
7098,7594
7267,7579
7128,7574
7083,7571
7278,7558
7240,7553
7232,7539
7185,7541
7279,7522
7169,7520
7131,7505
7196,7491
7159,7495
7126,7487
7193,7478
7183,7473
7157,7471
7210,7448
7094,7447
7230,7425
7208,7415
7120,7427
7200,7424
7028,7404
7156,7389
7179,7391
7088,7386
7187,7375
7026,7369
7215,7364
6986,7352
7132,7346
7104,7321
7128,7308
7145,7331
7043,7311
6971,7284
7119,7296
7064,7288
7057,7279
7035,7279
6974,7257
7056,7256
7096,7240
7087,7240
6904,7232
6981,7222
6975,7214
6983,7212
6988,7194
6916,7192
6983,7181
7066,7171
7118,7170
7122,7170
6986,7166
7248,7163
7201,7147
7098,7158
7109,7163
7119,7156
7263,7162
7287,7149
7245,7157
7324,7153
7131,7147
7306,7149
7074,7139
7139,7162
7356,7153
7109,7151
7349,7158
7249,7157
7310,7147
7279,7146
7091,7152
7205,7159
7082,7147
7174,7156
7321,7154
7211,7148
7297,7164
7322,7155
7111,7150
7348,7165
7275,7154
7256,7141
7256,7155
7277,7158
7279,7149
7193,7153
7324,7148
7198,7159
7142,7158
7132,7145
7143,7150
7283,7161
7162,7154
7153,7163
7203,7133
7114,7153
7254,7154
7152,7149
7130,7148
7182,7152
7193,7147
7209,7162
7161,7155
7248,7148
7155,7162
7054,7156
7175,7143
7043,7150
7189,7151
7346,7147
7197,7155
7347,7160
7275,7156
7102,7154
7257,7149
7148,7157
7269,7147
7221,7153
7235,7161
7288,7144
7153,7154
7313,7162
7114,7161
7154,7141
7092,7144
7145,7153
7222,7156
7235,7148
7215,7160
7242,7162
7243,7152
7293,7158
7190,7157
7223,7151
7345,7155
7189,7154
7318,7148
7247,7149
7318,7157
7298,7150
7151,7155
7219,7163
7101,7156
7281,7161
7347,7158
7182,7153
7327,7149
7169,7158
7205,7146
7132,7164
7084,7159
7387,7160
7094,7175
7231,7145
7198,7151
7104,7153
7298,7154
7203,7148
7135,7153
7227,7164
7185,7150
7200,7165
7218,7164
7152,7154
7246,7145
7127,7159
7252,7167
7090,7160
7221,7169
7232,7147
7246,7149
7335,7164
7130,7160
7300,7148
7239,7156
7102,7162
7315,7154
7114,7156
7303,7154
7284,7150
7254,7158
7291,7161
7089,7164
7217,7158
7123,7158
7159,7157
7304,7156
7094,7149
7227,7161
7221,7152
7233,7153
7244,7161
7232,7163
7113,7152
7161,7135
7145,7156
7326,7161
7222,7155
7317,7158
7298,7160
7142,7156
7344,7167
7139,7147
7189,7164
7352,7152
7149,7159
7265,7151
7168,7145
7300,7156
7130,7153
7189,7147
7308,7152
7136,7147
7237,7153
7201,7147
7201,7159
7241,7151
7153,7140
7154,7155
7114,7157
7121,7160
7232,7157
7108,7153
7163,7150
7219,7151
7073,7158
7249,7150
7149,7149
7154,7154
7222,7152
7189,7155
7280,7163
7156,7140
7287,7160
7258,7143
7216,7159
7270,7158
7085,7159
7237,7160
7299,7155
7194,7155
7331,7151
7145,7157
7192,7159
7155,7144
7134,7157
7230,7152
7147,7141
7214,7164
7270,7150
7299,7145
7195,7159
7227,7155
7198,7155
7088,7153
7177,7160
7299,7145
7169,7157
7233,7159
7187,7145
7128,7157
7277,7157
7082,7154
7192,7152
7301,7156
7136,7163
7358,7159
7205,7157
7349,7153
7233,7161
7170,7158
7368,7141
7149,7152
7258,7152
7271,7156
7220,7144
7290,7154
7140,7146
7184,7157
7168,7155
7234,7153
7294,7165
7198,7143
7236,7155
7280,7152
7162,7157
7250,7168
7156,7149
7208,7154
7237,7151
7056,7154
7216,7151
7193,7159
7205,7152
7210,7160
7204,7159
7212,7156
7073,7150
7256,7157
7194,7161
7371,7157
7248,7160
7070,7157
7266,7165
7122,7156
7107,7156
7288,7157
7113,7153
7212,7150
7258,7157
7192,7165
7267,7171
7206,7156
7137,7152
7181,7167
7226,7155
7280,7156
7161,7155
7284,7171
7300,7148
7154,7160
7318,7158
7154,7162
7170,7151
7221,7167
7174,7151
7330,7150
7246,7137
7262,7160
7231,7151
7124,7164
7216,7149
7152,7163
7213,7164
7206,7154
7220,7153
7278,7157
7120,7157
7177,7146
7198,7153
7302,7156
7270,7155
7225,7159
7245,7146
7214,7155
7288,7155
7208,7156
7103,7153
7212,7165
7143,7151
7129,7146
7352,7154
7093,7153
7246,7164
7234,7154
7135,7153
7297,7153
7123,7148
7251,7161
7109,7165
7290,7163
7308,7155
7070,7151
7282,7162
7108,7151
7091,7148
7199,7154
7157,7160
7232,7158
7219,7144
7285,7155
7251,7169
7130,7152
7326,7160
7289,7151
7254,7153
7282,7155
7093,7156
7253,7150
7371,7155
7216,7162
7278,7152
7116,7147
7225,7160
7132,7156
7192,7158
7343,7156
7139,7145
7327,7159
7186,7142
7113,7155
7228,7149
7085,7160
7223,7157
7067,7161
7272,7154
7278,7155
7176,7155
7274,7153
7264,7169
7245,7165
7285,7151
7283,7149
7182,7168
7234,7147
7265,7153
7289,7152
7078,7158
7321,7152
7121,7170
7211,7157
7331,7136
7101,7157
7289,7158
7268,7151
7280,7155
7263,7157
7172,7152
7235,7155
7101,7133
7292,7164
7282,7150
7307,7160
7291,7147
7104,7153
7098,7162
7237,7156
7122,7149
7229,7161
7179,7159
7243,7152
7252,7145
7179,7167
7236,7158
7219,7157
7199,7167
7251,7162
7073,7157
7269,7151
7373,7156
7221,7160
7336,7147
7193,7149
7291,7160
7164,7148
7097,7147
7243,7157
7189,7146
7282,7135
7245,7162
7309,7148
7265,7147
7219,7160
7357,7160
7332,7174
7425,7166
7427,7179
7426,7186
7508,7187
7415,7192
7483,7205
7486,7214
7482,7222
7520,7237
7463,7225
7552,7233
7508,7252
7555,7255
7503,7274
7596,7261
7526,7274
7566,7289
7585,7308
7644,7294
7534,7325
7557,7323
7561,7331
7666,7338
7629,7357
7653,7356
7617,7360
7599,7388
7627,7385
7586,7386
7714,7401
7578,7397
7590,7413
7573,7413
7650,7426
7681,7438
7650,7432
7664,7442
7670,7461
7699,7468
7699,7471
7635,7486
7728,7484
7729,7488
7692,7504
7710,7514
7752,7518
7739,7536
7727,7537
7737,7547
7632,7553
7670,7560
7724,7572
7741,7577
7677,7591
7825,7591
7847,7605
7790,7601
7719,7620
7824,7641
7862,7636
7779,7628
7767,7641
7785,7646
7858,7662
7878,7677
7736,7651
7807,7695
7847,7694
7931,7702
7883,7708
7792,7716
7797,7718
7844,7745
7862,7756
7889,7748
7885,7753
7783,7772
7804,7782
7834,7762
7932,7799
7908,7817
7915,7791
7962,7810
7896,7824
7923,7840
7861,7846
7896,7857
7935,7855
7964,7879
7973,7878
8027,7899
8010,7891
7993,7894
8091,7899
8080,7903
8088,7929
8015,7910
8018,7946
7979,7957
7966,7941
7977,7928
7874,7947
7858,7945
7886,7964
7870,7966
7891,7952
7835,7969
7848,7965
7853,7933
7854,7961
7831,7933
7833,7963
7819,7938
7834,7959
7804,7960
7811,7952
7806,7957
7795,7948
7819,7953
7797,7977
7768,7946
7788,7957
7801,7957
7824,7956
7774,7953
7823,7974
7796,7952
7792,7945
7802,7971
7786,7967
7770,7962
7781,7952
7813,7949
7757,7956
7792,7955
7782,7947
7762,7963
7773,7960
7784,7964
7784,7945
7758,7941
7797,7969
7824,7956
7811,7960
7785,7976
7814,7948
7834,7971
7897,7960
8031,7969
8145,7949
8203,7972
8324,7964
8365,7972
8386,7980
8403,7992
8446,7986
8430,8016
8494,8014
8494,8022
8477,8035
8466,8056
8441,8052
8433,8040
8421,8077
8429,8078
8408,8089
8450,8091
8480,8093
8500,8100
8546,8107
8565,8113
8483,8134
8484,8134
8417,8147
8412,8143
8517,8164
8588,8167
8657,8165
8576,8174
8533,8186
8556,8196
8569,8206
8630,8208
8614,8220
8578,8227
8549,8227
8638,8245
8731,8264
8649,8251
8637,8270
8598,8267
8686,8274
8665,8298
8611,8307
8569,8313
8662,8306
8670,8321
8492,8336
8601,8343
8705,8348
8682,8357
8699,8365
8558,8382
8623,8371
8655,8389
8725,8392
8746,8408
8626,8423
8689,8429
8740,8432
8632,8436
8723,8437
8659,8458
8638,8440
8720,8459
8709,8475
8723,8480
8786,8500
8666,8504
8882,8518
8695,8511
8751,8515
8795,8535
8685,8549
8845,8552
8760,8562
8870,8563
8815,8588
8911,8592
8783,8573
8805,8593
8838,8608
8860,8625
8831,8627
8955,8637
8805,8625
8910,8663
8896,8652
8900,8667
8854,8672
8931,8666
8869,8687
9017,8691
8840,8690
9061,8720
8911,8713
8810,8730
8927,8719
8769,8758
8850,8738
8723,8748
8895,8750
8663,8759
8566,8759
8745,8753
8665,8755
8714,8757
8759,8749
8679,8748
8783,8744
8583,8752
8690,8767
8599,8759
8641,8754
8757,8755
8720,8762
8714,8753
8666,8757
8609,8756
8656,8761
8589,8752
8698,8757
8758,8759
8679,8774
8786,8746
8621,8759
8738,8752
8628,8754
8607,8752
8771,8757
8555,8765
8780,8767
8678,8741
8685,8751
8658,8752
8598,8755
8739,8752
8596,8759
8594,8749
8743,8760
8601,8763
8791,8757
8691,8763
8541,8762
8797,8765
8539,8758
8685,8765
8638,8764
8686,8758
8847,8752
8651,8762
8704,8759
8723,8748
8613,8764
8713,8757
8672,8751
8761,8764
8809,8770
8677,8762
8766,8760
8641,8757
8797,8764
8621,8743
8625,8770
8906,8752
8534,8743
8796,8756
8747,8753
8801,8762
8804,8742
8583,8762
8706,8759
8609,8748
8610,8751
8814,8755
8618,8747
8779,8763
8680,8753
8570,8755
8748,8743
8574,8753
8681,8756
8597,8759
8683,8764
8739,8748
8567,8754
8819,8764
8709,8745
8612,8761
8686,8754
8555,8752
8829,8753
8792,8745
8702,8766
8773,8742
8675,8762
8786,8769
8672,8754
8607,8752
8686,8754
8725,8763
8777,8757
8679,8773
8776,8759
8699,8754
8565,8756
8753,8751
8590,8755
8720,8763
8820,8748
8648,8763
8771,8759
8720,8752
8574,8766
8708,8757
8689,8766
8713,8757
8712,8754
8702,8766
8786,8739
8615,8753
8889,8770
8599,8751
8664,8760
8613,8759
8616,8760
8831,8756
8753,8763
8721,8757
8801,8744
8567,8759
8822,8745
8561,8738
8556,8765
8837,8751
8584,8768
8800,8743
8696,8746
8843,8759
8773,8754
8537,8748
8657,8750
8673,8749
8664,8756
8711,8745
8720,8753
8726,8768
8693,8767
8665,8750
8610,8749
8631,8759
8815,8760
8584,8749
8797,8775
8761,8753
8582,8753
8861,8761
8602,8759
8607,8763
8648,8758
8583,8755
8814,8759
8697,8765
8687,8765
8723,8768
8575,8749
8768,8754
8539,8757
8704,8763
8791,8750
8595,8752
8832,8755
8663,8762
8821,8762
8755,8757
8548,8765
8624,8761
8620,8758
8661,8768
8738,8762
8633,8759
8790,8758
8661,8744
8607,8760
8608,8752
8600,8756
8761,8751
8587,8750
8671,8752
8703,8758
8571,8753
8780,8758
8581,8753
8659,8756
8633,8765
8635,8748
8782,8761
8709,8759
8771,8758
8758,8757
8602,8762
8773,8766
8602,8751
8628,8761
8727,8758
8654,8755
8731,8760
8704,8754
8810,8752
8705,8756
8588,8759
8747,8757
8623,8761
8791,8762
8733,8757
8765,8758
8850,8760
8599,8760
8592,8758
8637,8780
8567,8760
8797,8757
8546,8756
8722,8763
8799,8745
8603,8762
8777,8755
8669,8751
8684,8756
8709,8752
8700,8767
8815,8760
8662,8759
8831,8757
8712,8752
8549,8759
8786,8752
8524,8755
8699,8760
8821,8758
8662,8759
8833,8753
8633,8763
8807,8759
8625,8746
8592,8762
8768,8752
8607,8756
8681,8749
8687,8746
8520,8756
8896,8750
8573,8745
8628,8766
8619,8757
8631,8753
8843,8754
8714,8752
8792,8761
8727,8763
8638,8759
8739,8757
8568,8761
8645,8758
8797,8760
8612,8764
8725,8767
8676,8763
8779,8754
8710,8750
8558,8776
8768,8760
8647,8744
8736,8746
8717,8743
8726,8755
8770,8751
8574,8760
8587,8763
8676,8755
8602,8749
8730,8743
8607,8758
8746,8763
8758,8761
8634,8754
8848,8759
8645,8753
8676,8766
8701,8764
8670,8758
8778,8753
8662,8748
8692,8760
8708,8757
8623,8755
8725,8760
8574,8754
8700,8759
8765,8759
8667,8763
8750,8746
8610,8764
8781,8759
8629,8752
8571,8760
8744,8752
8630,8771
8719,8757
8736,8761
8712,8761
8803,8740
8586,8762
8656,8765
8636,8769
8679,8754
8843,8758
8641,8758
8855,8763
8762,8766
8618,8756
8753,8750
8552,8756
8644,8762
8592,8751
8645,8752
8820,8757
8688,8754
8787,8759
8711,8770
8569,8757
8733,8761
8571,8743
8717,8757
8771,8752
8671,8763
8770,8756
8638,8761
8770,8753
8631,8755
8597,8771
8733,8740
8660,8759
8747,8755
8735,8758
8828,8769
8858,8757
8660,8770
8654,8761
8653,8755
8683,8754
8773,8750
8640,8758
8681,8752
8679,8754
8672,8760
8684,8751
8605,8763
8709,8761
8639,8755
8647,8751
8771,8775
8618,8754
8824,8765
8635,8758
8571,8753
8678,8752
8561,8749
8723,8764
8791,8750
8677,8766
8798,8755
8606,8755
8716,8759
8719,8756
8609,8757
8751,8756
8644,8760
8712,8738
8758,8747
8762,8760
8750,8763
8640,8753
8639,8760
8637,8748
8662,8767
8857,8755
8562,8756
8722,8755
8706,8759
8667,8755
8696,8762
8594,8750
8721,8763
8564,8755
8700,8749
8767,8763
8609,8760
8763,8759
8685,8750
8623,8762
8655,8760
8599,8758
8639,8746
8618,8753
8593,8745
8549,8732
8349,8745
8614,8727
8299,8718
8458,8720
8578,8690
8386,8704
8500,8692
8345,8675
8531,8666
8313,8671
8334,8661
8326,8649
8412,8635
8305,8636
8375,8633
8339,8622
8346,8625
8313,8610
8282,8590
8246,8570
8267,8579
8242,8561
8310,8561
8264,8556
8326,8544
8275,8550
8197,8536
8302,8531
8197,8528
8247,8500
8306,8501
8397,8492
8234,8489
8257,8473
8366,8476
8281,8460
8339,8446
8344,8454
8271,8435
8337,8424
8273,8427
8236,8412
8288,8394
8254,8396
8249,8387
8276,8380
8215,8379
8230,8363
8288,8363
8070,8342
8164,8345
8337,8340
8454,8319
8218,8328
8053,8307
8218,8313
8160,8302
8071,8286
8088,8275
8170,8270
8184,8267
8139,8232
8041,8228
8124,8237
8142,8226
8129,8235
8052,8229
8051,8212
8086,8196
8140,8185
8103,8191
8026,8173
8031,8170
7967,8180
8139,8156
8187,8134
8135,8137
8033,8133
8000,8128
7946,8099
7999,8090
8017,8089
8042,8093
8055,8080
8077,8063
8070,8050
8051,8051
8012,8043
8013,8020
7950,8040
7954,8024
7950,8019
7930,8013
7909,7991
7893,7983
7917,7957
8070,7967
7994,7965
8057,7966
8056,7988
8004,7966
8046,7966
8077,7968
8107,7972
8093,7966
8104,7970
8142,7955
8102,7963
8137,7962
8127,7947
8129,7949
8165,7953
8148,7971
8140,7948
8153,7957
8168,7935
8160,7978
8147,7959
8137,7941
8173,7946
8175,7944
8173,7946
8162,7943
8180,7951
8141,7953
8177,7959
8175,7936
8198,7957
8154,7938
8161,7959
8180,7957
8176,7961
8179,7986
8160,7945
8192,7953
8148,7961
8168,7955
8160,7961
8129,7949
8163,7932
8127,7961
8163,7940
8146,7965
8130,7933
8123,7957
8118,7946
8052,7955
7880,7969
7753,7945
7655,7947
7588,7934
7618,7923
7480,7926
7485,7923
7533,7919
7438,7881
7452,7899
7403,7884
7420,7887
7425,7876
7435,7861
7491,7850
7477,7842
7476,7836
7464,7843
7447,7824
7395,7817
7380,7810
7331,7803
7331,7791
7311,7786
7436,7774
7382,7773
7413,7774
7398,7752
7341,7756
7346,7739
7307,7722
7373,7719
7411,7711
7404,7706
7358,7705
7322,7688
7397,7673
7424,7671
7291,7669
7264,7641
7258,7657
7318,7655
7357,7632
7300,7636
7202,7610
7229,7614
7451,7599
7132,7590
7189,7582
7306,7588
7084,7566
7111,7571
7244,7564
7245,7546
7143,7533
7142,7527
7246,7518
7126,7503
7162,7496
7219,7492
7123,7486
7153,7490
7198,7483
7093,7463
7247,7459
7182,7442
7157,7446
7239,7436
7116,7420
7209,7415
7114,7422
7137,7395
7220,7397
7049,7382
7189,7382
7163,7369
7103,7373
7171,7363
7115,7338
7170,7331
7097,7327
7120,7325
7102,7315
7082,7299
6997,7289
7067,7290
6967,7275
7095,7280
6926,7267
7016,7254
6981,7252
6991,7243
6999,7234
6945,7223
6956,7220
6941,7220
6914,7203
6946,7180
7028,7186
7004,7173
7032,7170
7107,7176
7130,7170
7009,7149
7039,7165
7182,7163
7115,7151
7238,7156
7227,7152
7128,7158
7299,7162
7088,7162
7315,7161
7228,7157
7260,7160
7210,7157
7030,7161
7179,7159
7157,7158
7078,7148
7377,7130
7103,7156
7297,7147
7417,7161
7123,7157
7402,7160
7153,7159
7268,7162
7238,7156
7207,7164
7327,7153
7287,7159
7338,7154
7246,7161
7155,7159
7300,7151
7196,7141
7216,7157
7321,7157
7188,7150
7286,7159
7141,7146
7301,7158
7238,7144
7160,7169
7181,7145
7060,7156
7289,7151
7251,7153
7237,7166
7200,7157
7233,7139
7237,7147
7109,7141
7156,7156
7197,7143
7147,7150
7289,7156
7153,7158
7067,7147
7270,7161
7061,7165
7191,7153
7135,7166
7124,7153
7291,7159
7181,7155
7278,7154
7310,7155
7184,7149
7261,7159
7123,7152
7266,7148
7311,7158
7211,7153
7259,7156
7131,7159
7294,7160
7192,7153
7091,7161
7258,7155
7095,7152
7285,7159
7328,7166
7217,7147
7322,7161
7229,7150
7273,7136
7122,7148
7145,7153
7306,7158
7162,7143
7242,7157
7225,7154
7180,7156
7249,7159
7109,7158
7217,7159
7171,7152
7235,7149
7367,7155
7138,7147
7348,7153
7177,7155
7145,7156
7129,7150
7087,7153
7287,7161
7225,7163
7247,7162
7171,7167
7254,7145
7189,7166
7232,7159
7188,7163
7161,7159
7125,7150
7303,7159
7185,7148
7238,7161
7201,7152
7119,7150
7282,7157
7101,7154
7158,7156
7333,7152
7163,7152
7363,7165
7240,7148
7178,7149
7210,7159
7114,7158
7260,7159
7162,7155
7298,7159
7140,7153
7076,7159
7333,7148
7133,7149
7070,7149
7205,7153
7204,7176
7281,7150
7273,7156
7245,7160
7264,7162
7169,7157
7308,7155
7133,7160
7141,7165
7314,7151
7138,7148
7288,7150
7252,7154
7267,7151
7247,7156
7098,7151
7209,7154
7143,7157
7208,7156
7322,7151
7186,7170
7307,7149
7191,7147
7140,7158
7142,7144
7080,7158
7273,7152
7118,7151
7222,7168
7230,7156
7171,7160
7260,7164
7250,7151
7140,7169
7227,7158
7111,7159
7296,7161
7134,7155
7281,7161
7203,7155
7146,7164
7229,7157
7127,7135
7133,7159
7311,7161
7081,7159
7305,7150
7275,7149
7304,7154
7245,7153
7087,7148
7229,7152
7131,7153
7276,7162
7247,7162
7222,7158
7303,7155
7165,7151
7188,7159
7194,7150
7237,7155
7232,7156
7259,7154
7273,7150
7224,7163
7118,7155
7347,7160
7145,7159
7226,7151
7128,7154
7197,7154
7354,7152
7290,7154
7256,7150
7276,7151
7194,7159
7295,7153
7135,7154
7237,7156
7343,7150
7186,7156
7352,7153
7127,7152
7388,7159
7162,7149
7081,7159
7228,7149
7121,7164
7271,7171
7249,7159
7190,7151
7277,7167
7275,7155
7173,7166
7225,7150
7106,7151
7293,7143
7183,7154
7235,7165
7283,7156
7223,7139
7235,7152
7218,7155
7181,7164
7128,7152
7143,7155
7301,7146
7173,7149
7336,7153
7203,7152
7096,7142
7216,7155
7054,7152
7295,7155
7244,7149
7199,7163
7240,7156
7077,7158
7271,7167
7215,7151
7153,7149
7147,7161
7267,7154
7289,7155
7247,7157
7211,7156
7295,7153
7200,7151
7181,7148
7161,7147
7154,7161
7338,7156
7211,7166
7288,7151
7317,7157
7137,7158
7295,7152
7118,7158
7148,7151
7304,7154
7219,7157
7290,7155
7098,7162
7345,7146
7150,7160
7101,7153
7248,7150
7081,7157
7247,7163
7184,7158
7170,7152
7153,7149
7152,7154
7198,7150
7125,7152
7130,7162
7314,7158
7145,7152
7217,7160
7282,7144
7142,7147
7366,7149
7146,7161
7164,7160
7140,7161
7161,7159
7326,7157
7216,7167
7317,7164
7199,7155
7093,7160
7231,7160
7079,7157
7297,7152
7252,7158
7175,7153
7293,7156
7145,7152
7271,7156
7242,7156
7140,7153
7187,7152
7234,7157
7175,7152
7217,7144
7232,7151
7251,7153
7218,7159
7148,7149
7179,7158
7178,7160
7331,7152
7185,7154
7309,7155
7266,7150
7126,7155
7281,7146
7110,7142
7135,7151
7224,7163
7199,7162
7379,7161
7173,7144
7308,7162
7149,7152
7131,7150
7191,7156
7100,7149
7210,7159
7299,7155
7190,7156
7213,7154
7206,7158
7259,7163
7166,7150
7182,7151
7274,7158
7210,7142
7174,7149
7309,7153
7171,7158
7336,7168
7099,7148
7158,7162
7208,7149
7152,7155
7274,7169
7166,7157
7302,7157
7185,7155
7160,7149
7241,7149
7137,7155
7307,7155
7080,7145
7254,7162
7286,7152
7158,7163
7248,7158
7125,7155
7136,7155
7208,7155
7126,7155
7262,7153
7257,7158
7165,7162
7321,7157
7212,7155
7325,7154
7213,7151
7130,7150
7294,7172
7156,7160
7282,7157
7258,7161
7235,7132
7369,7152
7213,7146
7202,7154
7213,7161
7191,7164
7372,7159
7177,7149
7408,7139
7276,7160
7335,7163
7316,7167
7379,7178
7453,7168
7353,7188
7510,7196
7488,7207
7525,7209
7488,7219
7482,7218
7491,7224
7484,7216
7630,7243
7483,7252
7515,7260
7473,7257
7504,7276
7563,7286
7557,7301
7550,7298
7606,7305
7592,7325
7614,7315
7549,7334
7668,7344
7579,7338
7624,7357
7559,7358
7584,7366
7628,7377
7683,7397
7643,7394
7605,7407
7690,7403
7602,7415
7717,7433
7709,7443
7625,7440
7670,7446
7733,7458
7742,7467
7754,7489
7649,7491
7683,7490
7795,7500
7714,7508
7715,7521
7830,7530
7572,7547
7715,7538
7894,7547
7792,7556
7677,7562
7723,7577
7702,7584
7723,7590
7871,7605
7767,7615
7699,7618
7796,7621
7904,7621
7824,7637
7748,7658
7773,7637
7853,7669
7844,7678
7813,7669
7785,7687
7850,7698
7902,7718
7921,7694
7890,7713
7850,7716
7840,7730
7898,7737
7938,7760
7948,7753
7817,7772
7796,7772
7825,7777
7832,7797
7909,7792
7907,7805
7930,7806
7941,7815
7923,7814
7868,7839
7874,7845
7860,7866
7966,7855
7961,7885
8000,7859
7968,7865
8014,7876
8041,7913
8064,7902
8068,7921
7979,7924
8011,7940
7920,7932
7935,7942
7895,7941
7925,7961
7900,7965
7882,7943
7868,7962
7833,7954
7857,7955
7836,7957
7878,7941
7825,7952
7816,7934
7817,7955
7822,7941
7834,7957
7822,7964
7827,7955
7802,7959
7838,7948
7793,7964
7831,7955
7813,7947
7788,7945
7802,7955
7799,7965
7788,7947
7785,7940
7791,7966
7769,7980
7807,7947
7814,7947
7759,7974
7788,7951
7777,7936
7776,7962
7765,7942
7771,7944
7754,7954
7777,7960
7766,7950
7786,7965
7798,7942
7806,7967
7803,7963
7806,7940
7823,7950
7816,7977
7839,7967
7852,7958
7960,7960
8073,7976
8196,7956
8204,7973
8363,7969
8412,7974
8403,8002
8418,8003
8458,7988
8486,8003
8494,8025
8505,8023
8466,8032
8481,8045
8478,8063
8436,8054
8453,8071
8409,8093
8378,8082
8483,8088
8473,8096
8521,8089
8580,8121
8494,8123
8558,8139
8435,8134
8467,8143
8438,8161
8622,8159
8660,8161
8596,8174
8559,8194
8519,8180
8571,8206
8636,8212
8663,8221
8601,8223
8578,8236
8565,8242
8631,8245
8681,8264
8654,8256
8535,8279
8661,8273
8685,8288
8648,8307
8552,8302
8645,8299
8726,8313
8669,8331
8530,8344
8677,8336
8729,8351
8500,8356
8606,8369
8720,8369
8749,8377
8642,8392
8791,8393
8693,8418
8649,8422
8754,8427
8692,8430
8650,8448
8766,8428
8669,8451
8720,8452
8788,8471
8705,8485
8780,8494
8710,8502
8702,8497
8710,8513
8716,8517
8882,8534
8683,8535
8909,8537
8774,8553
8774,8565
8840,8564
8752,8571
8865,8593
8807,8585
8863,8587
8781,8608
8895,8621
8900,8625
8940,8626
8857,8635
8906,8656
8883,8654
8971,8661
8854,8677
8892,8690
8803,8687
8921,8689
8989,8709
8901,8712
9000,8721
8841,8731
8771,8742
8765,8735
8755,8747
8872,8744
8726,8754
8865,8753
8656,8750
8668,8763
8691,8748
8606,8764
8760,8750
8604,8751
8727,8760
8774,8775
8550,8760
8768,8754
8682,8761
8728,8755
8598,8755
8628,8750
8781,8756
8639,8773
8774,8759
8705,8748
8598,8761
8706,8763
8603,8764
8608,8760
8711,8768
8655,8752
8775,8756
8632,8763
8793,8755
8589,8758
8611,8758
8746,8756
8597,8756
8747,8752
8654,8762
8714,8760
8662,8755
8538,8761
8605,8760
8590,8763
8642,8753
8837,8775
8557,8750
8780,8764
8840,8760
8602,8758
8729,8755
8545,8763
8741,8763
8626,8763
8631,8754
8787,8754
8661,8755
8733,8767
8675,8738
8601,8759
8737,8757
8591,8756
8704,8743
8789,8748
8779,8756
8771,8755
8568,8760
8780,8763
8726,8749
8659,8759
8769,8753
8601,8751
8716,8766
8750,8772
8541,8752
8748,8763
8639,8752
8743,8773
8591,8756
8620,8768
8821,8754
8657,8752
8772,8762
8641,8746
8569,8756
8774,8755
8580,8759
8689,8748
8805,8749
8653,8767
8803,8759
8646,8767
8791,8756
8655,8753
8595,8757
8752,8767
8606,8754
8815,8748
8689,8755
8724,8757
8781,8752
8602,8758
8659,8763
8634,8739
8694,8763
8787,8752
8545,8752
8849,8754
8816,8754
8530,8763
8729,8755
8603,8751
8775,8757
8611,8759
8631,8765
8749,8762
8693,8755
8727,8763
8657,8759
8674,8755
8689,8754
8578,8754
8728,8760
8765,8754
8808,8755
8763,8761
8539,8754
8767,8766
8632,8743
8588,8755
8785,8750
8548,8759
8744,8753
8787,8760
8731,8761
8742,8760
8649,8748
8662,8744
8663,8747
8678,8760
8808,8749
8668,8764
8771,8751
8740,8757
8662,8751
8766,8763
8589,8765
8744,8761
8640,8753
8643,8753
8752,8744
8663,8758
8754,8760
8679,8755
8618,8765
8618,8759
8664,8758
8715,8770
8720,8753
8727,8766
8755,8750
8644,8755
8763,8765
8622,8755
8608,8761
8792,8745
8614,8776
8819,8758
8719,8752
8826,8759
8814,8763
8533,8759
8613,8770
8640,8754
8624,8760
8751,8759
8579,8758
8743,8762
8782,8758
8615,8747
8739,8754
8628,8770
8692,8767
8598,8754
8618,8769
8704,8756
8580,8763
8747,8762
8593,8759
8621,8769
8674,8759
8558,8751
8783,8764
8744,8756
8729,8756
8742,8759
8616,8763
8802,8760
8707,8751
8656,8746
8799,8751
8649,8763
8801,8756
8703,8755
8774,8756
8684,8761
8586,8755
8716,8764
8610,8751
8692,8757
8807,8759
8662,8754
8762,8727
8610,8745
8662,8748
8663,8753
8575,8753
8729,8751
8590,8754
8722,8758
8807,8747
8575,8762
8818,8756
8583,8752
8577,8770
8660,8761
8612,8752
8765,8759
8649,8750
8838,8771
8762,8757
8593,8764
8820,8758
8598,8776
8712,8753
8845,8758
8631,8767
8855,8754
8755,8755
8789,8757
8755,8758
8575,8761
8744,8762
8554,8753
8683,8770
8757,8754
8683,8747
8726,8762
8625,8756
8646,8747
8638,8770
8593,8759
8806,8752
8569,8752
8705,8743
8749,8748
8541,8759
8829,8760
8625,8756
8611,8754
8670,8760
8614,8768
8763,8762
8698,8752
8740,8758
8699,8753
8657,8763
8765,8772
8674,8746
8701,8760
8813,8759
8650,8754
8812,8758
8682,8762
8790,8753
8657,8747
8584,8759
8811,8749
8562,8761
8754,8766
8734,8751
8782,8751
8788,8754
8635,8750
8571,8757
8626,8755
8590,8763
8758,8758
8665,8746
8793,8755
8744,8750
8642,8759
8823,8757
8626,8753
8633,8761
8629,8763
8630,8757
8804,8748
8671,8760
8776,8759
8790,8758
8621,8759
8747,8748
8562,8753
8706,8755
8862,8750
8600,8757
8748,8766
8713,8758
8718,8759
8656,8752
8580,8761
8798,8750
8639,8757
8764,8759
8652,8764
8749,8750
8762,8753
8554,8752
8656,8761
8616,8744
8627,8749
8778,8768
8581,8756
8737,8762
8686,8758
8623,8755
8793,8760
8694,8762
8673,8766
8588,8759
8631,8762
8795,8756
8704,8746
8806,8753
8740,8749
8584,8764
8769,8761
8561,8746
8801,8760
8760,8747
8693,8761
8807,8760
8726,8760
8624,8755
8706,8751
8539,8765
8703,8754
8642,8755
8689,8754
8713,8772
8664,8753
8783,8750
8651,8757
8649,8753
8616,8763
8676,8753
8777,8757
8653,8755
8827,8757
8709,8752
8683,8759
8734,8754
8641,8746
8765,8752
8751,8749
8760,8757
8823,8757
8661,8753
8825,8758
8641,8753
8529,8757
8729,8752
8615,8767
8702,8763
8712,8744
8636,8751
8692,8752
8626,8751
8638,8765
8640,8764
8650,8758
8776,8754
8616,8762
8730,8738
8769,8755
8633,8754
8789,8756
8636,8754
8570,8762
8688,8740
8668,8763
8743,8762
8657,8756
8769,8749
8688,8753
8590,8766
8645,8750
8590,8765
8770,8765
8752,8755
8642,8759
8720,8757
8631,8757
8728,8746
8569,8755
8466,8743
8612,8748
8553,8742
8684,8738
8535,8726
8622,8734
8541,8709
8314,8706
8441,8698
8313,8694
8458,8688
8482,8677
8489,8681
8512,8667
8424,8650
8383,8652
8394,8634
8388,8631
8320,8625
8337,8629
8279,8609
8315,8603
8278,8598
8234,8587
8315,8573
8332,8568
8347,8563
8232,8544
8302,8539
8223,8535
8391,8524
8156,8523
8208,8519
8278,8516
8225,8502
8324,8509
8253,8489
8292,8478
8207,8461
8265,8460
8365,8461
8289,8428
8280,8433
8268,8426
8230,8406
8255,8408
8243,8399
8334,8399
8295,8384
8296,8382
8258,8386
8160,8351
8296,8352
8182,8343
8176,8339
8381,8338
8405,8331
8078,8309
8046,8305
8279,8305
8173,8289
8073,8297
8095,8264
8184,8270
8117,8263
8061,8267
8047,8231
8152,8223
8172,8223
8072,8239
8000,8213
8099,8199
8067,8198
8180,8195
8042,8184
8038,8173
8005,8179
8017,8134
8147,8141
8158,8145
8046,8122
8078,8116
7983,8112
7991,8120
7995,8090
8043,8094
8034,8088
8040,8084
8083,8081
8058,8032
8046,8053
7982,8042
7961,8061
7929,8023
7913,8000
7954,8024
7925,8005
7939,8010
7974,7979
8004,7984
7936,7979
8015,7982
8013,7973
8041,7992
8037,7960
8084,7959
8103,7947
8070,7944
8098,7958
8097,7936
8111,7964
8147,7956
8107,7957
8148,7953
8143,7962
8157,7968
8180,7968
8160,7971
8135,7951
8155,7944
8166,7953
8150,7947
8182,7955
8164,7949
8141,7942
8146,7955
8163,7948
8157,7984
8175,7954
8144,7954
8158,7983
8164,7947
8156,7933
8163,7951
8153,7950
8156,7966
8143,7955
8141,7951
8168,7950
8142,7953
8144,7972
8151,7948
8150,7967
8158,7947
8125,7959
8194,7966
8148,7957
8133,7949
8099,7929
8118,7949
7993,7954
7851,7943
7773,7966
7684,7937
7579,7932
7515,7934
7509,7911
7411,7918
7418,7915
7458,7887
7459,7889
7469,7890
7432,7866
7419,7870
7449,7850
7456,7859
7472,7857
7477,7841
7451,7817
7398,7806
7416,7811
7317,7804
7322,7792
7321,7800
7353,7778
7385,7776
7424,7769
7411,7749
7327,7744
7336,7737
7313,7726
7402,7729
7409,7711
7392,7708
7382,7707
7323,7700
7329,7666
7378,7671
7417,7672
7333,7663
7258,7655
7264,7660
7423,7627
7273,7634
7287,7603
7336,7608
7338,7609
7215,7595
7084,7592
7272,7581
7223,7573
7090,7562
7195,7571
7213,7553
7148,7541
7111,7528
7211,7520
7200,7517
7129,7517
7210,7496
7163,7489
7087,7478
7147,7477
7166,7474
7113,7457
7216,7446
7137,7444
7180,7429
7164,7432
7091,7425
7094,7413
6974,7405
7094,7399
7261,7383
7092,7383
7196,7374
7065,7360
7174,7344
6984,7357
7037,7346
7137,7344
7151,7318
7080,7310
7036,7289
7077,7298
7070,7293
7089,7277
7051,7282
7023,7273
7029,7254
7035,7259
6992,7259
7005,7237
7031,7234
7042,7221
6950,7207
6922,7208
7004,7202
6891,7186
7048,7183
7005,7176
6999,7185
7044,7158
7007,7173
7175,7157
7088,7163
7070,7160
7159,7164
7166,7159
7223,7159
7116,7150
7307,7150
7158,7158
7101,7160
7210,7155
7032,7166
7228,7151
7214,7149
7268,7165
7329,7159
7169,7160
7327,7164
7297,7161
7195,7161
7303,7152
7115,7154
7302,7166
7237,7149
7254,7151
7290,7149
7143,7154
7232,7149
7162,7151
7190,7163
7347,7165
7174,7155
7310,7157
7304,7145
7195,7156
7307,7159
7198,7168
7302,7156
7150,7156
7267,7157
7284,7145
7070,7154
7207,7153
7135,7146
7155,7159
7191,7161
7139,7149
7190,7164
7241,7165
7238,7153
7315,7157
7056,7159
7320,7153
7118,7171
7113,7159
7272,7151
7039,7153
7298,7152
7317,7151
7244,7153
7253,7150
7133,7139
7227,7163
7121,7156
7133,7155
7384,7160
7193,7156
7327,7151
7153,7148
7112,7163
7262,7147
7074,7154
7265,7162
7124,7156
7252,7172
7268,7151
7198,7160
7300,7156
7289,7151
7229,7158
7290,7157
7177,7169
7223,7148
7292,7160
7319,7159
7273,7149
7093,7162
7284,7152
7151,7161
7245,7161
7370,7166
7108,7144
7342,7151
7276,7150
7332,7153
7260,7149
7129,7150
7301,7168
7116,7148
7237,7152
7333,7147
7195,7160
7232,7164
7047,7155
7125,7157
7215,7160
7088,7153
7171,7160
7121,7156
7274,7156
7240,7149
7143,7160
7199,7163
7205,7153
7153,7152
7175,7148
7099,7156
7289,7153
7282,7157
7217,7158
7291,7163
7112,7157
7268,7159
7129,7151
7187,7153
7317,7149
7213,7158
7345,7155
7171,7159
7300,7161
7185,7153
7118,7155
7271,7161
7054,7159
7208,7154
7268,7152
7184,7150
7287,7153
7183,7159
7142,7151
7290,7156
7171,7166
7173,7174
7130,7169
7214,7144
7284,7151
7191,7149
7237,7157
7240,7154
7214,7144
7266,7158
7215,7149
7257,7154
7253,7144
7248,7153
7212,7148
7100,7155
7236,7158
7088,7151
7195,7151
7344,7151
7118,7146
7286,7162
7129,7154
7118,7150
7194,7161
7147,7143
7146,7162
7174,7157
7121,7153
7188,7147
7179,7162
7128,7155
7165,7149
7197,7157
7137,7154
7135,7160
7260,7155
7213,7165
7270,7153
7341,7151
7130,7153
7313,7158
7174,7147
7196,7160
7303,7145
7214,7148
7348,7153
7179,7150
7303,7161
7234,7161
7147,7183
7309,7150
7064,7157
7182,7151
7276,7149
7183,7161
7236,7160
7164,7160
7196,7167
7203,7139
7173,7155
7252,7162
7110,7148
7303,7157
7223,7146
7105,7152
7247,7147
7204,7154
7145,7153
7245,7163
7155,7151
7258,7162
7206,7156
7276,7153
7274,7152
7075,7164
7327,7159
7117,7151
7277,7160
7386,7160
7253,7154
7322,7157
7224,7142
7276,7150
7196,7159
7157,7157
7167,7157
7123,7151
7114,7149
7227,7157
7214,7173
7197,7146
7179,7153
7205,7154
7235,7151
7227,7153
7227,7160
7258,7158
7229,7167
7230,7156
7102,7164
7249,7152
7243,7147
7242,7148
7122,7162
7216,7148
7311,7154
7151,7151
7317,7166
7164,7164
7112,7155
7166,7153
7069,7153
7279,7156
7272,7143
7217,7164
7269,7144
7198,7150
7233,7156
7146,7155
7215,7161
7297,7159
7096,7158
7314,7156
7298,7142
7157,7144
7318,7153
7150,7159
7076,7150
7297,7156
7101,7161
7285,7156
7135,7153
7256,7146
7334,7147
7153,7159
7301,7165
7154,7149
7292,7161
7102,7156
7276,7149
7225,7153
7117,7144
7239,7161
7165,7154
7108,7135
7167,7148
7122,7149
7205,7148
7224,7155
7201,7154
7191,7155
7167,7153
7308,7157
7207,7160
7105,7157
7271,7151
7132,7151
7274,7155
7220,7163
7226,7156
7322,7152
7111,7156
7185,7157
7161,7146
7117,7161
7273,7148
7111,7160
7400,7155
7254,7143
7072,7165
7191,7140
7151,7151
7307,7156
7072,7145
7211,7158
7226,7156
7299,7152
7158,7147
7194,7161
7139,7160
7184,7159
7165,7147
7302,7153
7300,7149
7207,7165
7326,7150
7138,7147
7394,7140
7164,7151
7084,7151
7274,7148
7079,7143
7265,7154
7346,7146
7214,7151
7283,7148
7162,7164
7249,7162
7134,7147
7231,7158
7318,7145
7148,7158
7317,7150
7202,7148
7156,7155
7251,7158
7165,7153
7232,7164
7170,7152
7273,7157
7218,7154
7240,7161
7247,7139
7257,7156
7093,7163
7237,7163
7118,7146
7200,7158
7247,7146
7272,7154
7242,7144
7106,7152
7333,7153
7150,7154
7154,7162
7337,7149
7169,7159
7358,7163
7191,7146
7375,7160
7134,7154
7088,7154
7280,7154
7131,7150
7174,7159
7273,7164
7153,7155
7250,7149
7276,7151
7233,7157
7230,7167
7191,7154
7239,7160
7201,7157
7160,7161
7311,7153
7223,7150
7312,7160
7175,7156
7100,7167
7251,7148
7077,7156
7281,7159
7354,7152
7241,7157
7309,7147
7175,7143
7389,7156
7199,7136
7331,7161
7354,7172
7334,7164
7453,7176
7328,7178
7532,7183
7443,7187
7400,7187
7494,7201
7503,7207
7507,7211
7497,7211
7495,7230
7467,7236
7556,7249
7496,7259
7507,7251
7559,7262
7537,7280
7542,7278
7597,7298
7580,7304
7542,7297
7586,7318
7569,7335
7612,7328
7663,7344
7622,7351
7640,7363
7648,7360
7605,7379
7574,7379
7722,7386
7672,7395
7591,7406
7637,7412
7666,7420
7698,7418
7590,7439
7678,7445
7710,7451
7668,7451
7756,7472
7672,7465
7634,7475
7705,7498
7753,7498
7713,7509
7729,7515
7673,7530
7787,7530
7667,7546
7725,7558
7690,7552
7660,7552
7802,7580
7679,7589
7766,7595
7871,7596
7759,7607
7728,7614
7767,7630
7874,7627
7771,7618
7723,7647
7731,7643
7870,7658
7850,7675
7855,7674
7750,7683
7885,7690
7947,7690
7861,7709
7840,7712
7797,7721
7851,7722
7900,7739
7924,7728
7921,7761
7857,7765
7794,7785
7890,7788
7846,7778
7897,7801
7938,7809
7913,7835
7914,7816
7890,7816
7903,7848
7856,7858
7926,7857
7947,7850
7975,7875
7975,7899
7961,7885
8018,7901
8041,7892
8054,7909
8047,7934
8021,7911
7995,7913
8012,7940
7980,7947
7907,7963
7872,7929
7913,7934
7914,7943
7881,7954
7898,7945
7859,7942
7820,7948
7862,7953
7867,7954
7828,7954
7823,7946
7802,7927
7836,7943
7819,7932
7824,7950
7796,7957
7786,7954
7833,7936
7817,7950
7813,7966
7789,7957
7795,7959
7787,7947
7786,7938
7802,7957
7775,7945
7788,7950
7770,7955
7825,7971
7778,7952
7754,7956
7748,7955
7783,7936
7754,7956
7774,7971
7770,7964
7795,7967
7776,7955
7798,7945
7820,7957
7798,7960
7809,7982
7825,7950
7823,7965
7819,7956
7837,7941
7861,7953
7993,7947
8032,7958
8159,7973
8272,7983
8322,7972
8422,7976
8401,7997
8407,7997
8430,8007
8477,8015
8483,8012
8482,8042
8458,8033
8476,8057
8441,8048
8453,8085
8420,8075
8415,8069
8419,8079
8410,8103
8472,8098
8567,8111
8560,8126
8543,8139
8545,8125
8427,8147
8464,8164
8424,8144
8589,8156
8641,8171
8641,8170
8571,8189
8540,8189
8608,8222
8655,8207
8647,8229
8633,8216
8574,8247
8598,8239
8674,8244
8697,8262
8613,8267
8574,8272
8645,8280
8726,8285
8631,8302
8604,8308
8627,8310
8668,8318
8518,8337
8483,8336
8673,8337
8758,8363
8611,8367
8632,8364
8751,8377
8583,8387
8673,8408
8695,8413
8697,8408
8697,8430
8742,8437
8682,8426
8729,8454
8784,8437
8707,8452
8805,8463
8733,8471
8699,8482
8746,8489
8765,8497
8692,8503
8789,8509
8733,8542
8823,8534
8745,8544
8816,8548
8685,8558
8774,8563
8793,8557
8860,8579
8870,8592
8771,8602
8887,8603
8804,8614
8946,8632
8900,8638
8889,8639
8870,8644
8925,8649
8860,8651
8876,8670
8903,8677
8933,8693
8939,8697
8839,8698
8988,8707
8830,8714
8928,8726
8793,8744
8816,8731
8859,8737
8696,8748
8865,8745
8624,8736
8725,8749
8730,8736
8754,8763
8847,8763
8711,8753
8802,8759
8714,8760
8638,8756
8731,8739
8571,8759
8783,8752
8728,8757
8770,8768
8893,8752
8591,8752
8661,8759
8671,8763
8644,8759
8717,8753
8673,8757
8669,8759
8674,8740
8683,8750
8641,8757
8614,8753
8653,8759
8598,8740
8652,8755
8755,8749
8584,8763
8749,8757
8602,8753
8592,8749
8655,8763
8567,8760
8712,8748
8791,8758
8671,8750
8780,8756
8634,8764
8814,8757
8683,8752
8658,8762
8873,8747
8602,8757
8787,8745
8753,8755
8777,8753
8768,8753
8656,8756
8726,8757
8639,8754
8637,8763
8904,8760
8577,8765
8794,8752
8745,8758
8635,8755
8748,8760
8573,8765
8714,8759
8554,8746
8685,8751
8772,8757
8665,8770
8757,8754
8625,8767
8628,8751
8672,8755
8572,8764
8744,8760
8779,8736
8846,8754
8858,8752
8552,8755
8839,8761
8631,8754
8601,8762
8749,8755
8559,8759
8704,8758
8737,8747
8651,8764
8742,8754
8659,8751
8686,8761
8604,8755
8651,8761
8890,8758
8642,8759
8849,8761
8672,8766
8602,8764
8713,8761
8578,8754
8703,8758
8542,8763
8665,8775
8749,8764
8601,8757
8804,8757
8679,8764
8631,8761
8786,8760
8686,8765
8759,8751
8711,8741
8821,8761
8758,8758
8575,8751
8775,8763
8592,8754
8677,8758
8826,8753
8616,8761
8794,8769
8663,8761
8780,8759
8665,8755
8563,8757
8742,8761
8575,8756
8699,8756
8812,8753
8642,8756
8834,8754
8723,8751
8584,8758
8721,8756
8583,8750
8698,8755
8648,8752
8743,8764
8780,8755
8612,8753
8844,8756
8668,8757
8641,8766
8665,8756
8614,8756
8748,8758
8750,8756
8692,8754
8777,8757
8715,8763
8747,8757
8602,8752
8726,8754
8777,8755
8633,8753
8726,8762
8591,8755
8769,8757
8610,8756
8600,8763
8795,8762
8573,8753
8760,8760
8759,8763
8693,8755
8791,8756
8650,8757
8577,8749
8717,8755
8573,8760
8795,8764
8564,8752
8722,8766
8766,8765
8617,8764
8732,8757
8613,8755
8654,8757
8684,8759
8646,8750
8774,8756
8679,8760
8705,8769
8708,8768
8614,8757
8696,8753
8502,8758
8735,8755
8804,8750
8638,8761
8753,8763
8657,8768
8790,8759
8687,8759
8586,8756
8633,8760
8672,8751
8718,8757
8812,8756
8679,8753
8744,8755
8639,8749
8712,8761
8704,8763
8576,8754
8766,8763
8548,8756
8731,8748
8821,8754
8623,8753
8764,8759
8590,8754
8678,8761
8609,8748
8652,8754
8773,8743
8614,8755
8734,8760
8684,8761
8623,8770
8765,8751
8597,8770
8706,8766
8813,8735
8683,8769
8762,8761
8623,8764
8840,8759
8647,8762
8629,8762
8759,8759
8689,8760
8796,8768
8828,8759
8717,8761
8751,8757
8664,8751
8646,8750
8758,8757
8631,8769
8768,8757
8584,8761
8756,8759
8763,8758
8660,8752
8739,8755
8615,8759
8760,8753
8578,8739
8711,8757
8753,8753
8583,8760
8828,8745
8680,8754
8570,8763
8738,8762
8515,8756
8685,8761
8756,8754
8704,8769
8803,8744
8624,8761
8780,8748
8686,8757
8642,8752
8760,8770
8633,8760
8807,8757
8686,8759
8754,8755
8799,8760
8619,8757
8704,8761
8637,8761
8703,8745
8857,8754
8568,8759
8766,8754
8694,8765
8626,8752
8720,8764
8545,8754
8692,8747
8609,8756
8652,8763
8747,8767
8678,8760
8763,8766
8676,8751
8632,8764
8697,8754
8629,8753
8765,8758
8772,8757
8697,8758
8742,8751
8666,8750
8834,8771
8724,8752
8621,8764
8805,8745
8597,8752
8738,8773
8752,8761
8744,8751
8763,8746
8597,8762
8651,8756
8689,8763
8795,8756
8751,8759
8625,8750
8751,8755
8652,8768
8621,8755
8614,8755
8552,8753
8833,8760
8579,8751
8724,8777
8835,8759
8618,8763
8798,8761
8650,8761
8602,8766
8646,8757
8674,8753
8769,8759
8725,8754
8739,8761
8791,8757
8640,8763
8818,8761
8644,8760
8699,8755
8796,8761
8632,8765
8823,8762
8729,8754
8768,8764
8692,8757
8547,8768
8681,8758
8624,8762
8675,8760
8757,8764
8640,8759
8738,8761
8699,8753
8696,8762
8639,8753
8656,8760
8799,8762
8636,8761
8683,8769
8735,8751
8616,8764
8779,8756
8608,8759
8566,8756
8719,8766
8641,8751
8771,8771
8724,8757
8786,8753
8749,8760
8537,8757
8779,8748
8642,8764
8705,8758
8805,8772
8621,8748
8754,8762
8725,8764
8725,8764
8653,8752
8606,8754
8776,8750
8602,8761
8703,8755
8782,8750
8660,8757
8804,8739
8716,8753
8619,8759
8769,8760
8638,8760
8610,8753
8683,8756
8670,8756
8706,8764
8645,8765
8722,8764
8613,8758
8636,8771
8647,8748
8664,8762
8847,8766
8633,8755
8818,8759
8682,8757
8513,8761
8748,8752
8554,8745
8680,8758
8715,8759
8482,8739
8592,8760
8472,8750
8710,8741
8497,8729
8352,8720
8633,8713
8329,8709
8502,8698
8481,8694
8459,8681
8471,8680
8333,8667
8436,8664
8365,8652
8397,8653
8366,8638
8369,8635
8319,8633
8313,8619
8294,8621
8287,8601
8222,8590
8331,8586
8303,8576
8237,8561
8266,8562
8252,8554
8311,8548
8194,8542
8303,8536
8203,8524
8192,8519
8298,8508
8271,8491
8319,8496
8244,8478
8324,8477
8295,8467
8289,8447
8322,8456
8249,8453
8251,8431
8309,8428
8234,8417
8250,8406
8241,8396
8234,8399
8302,8383
8301,8376
8246,8381
8199,8364
8309,8355
8132,8344
8266,8340
8371,8325
8420,8332
8164,8325
8167,8318
8305,8297
8190,8297
8141,8294
8168,8278
8185,8274
8091,8255
8043,8262
8030,8246
8132,8230
8114,8219
8065,8223
7980,8219
8058,8190
8138,8189
8121,8174
8057,8196
8053,8182
8009,8161
7995,8172
8157,8141
8186,8135
8087,8130
8061,8139
8006,8119
7973,8114
8009,8095
8017,8105
8061,8081
8098,8072
8085,8056
8048,8044
8035,8047
8028,8053
8000,8047
7935,8031
7940,8023
7952,8014
7886,7998
7863,7984
7980,7983
7970,7987
7944,7974
8004,7959
8019,7948
8061,7965
8063,7964
8056,7957
8057,7960
8071,7960
8096,7966
8067,7970
8127,7961
8127,7965
8112,7968
8133,7950
8125,7952
8122,7952
8147,7951
8150,7953
8192,7964
8136,7939
8139,7961
8150,7965
8132,7974
8167,7963
8140,7948
8134,7931
8153,7962
8167,7974
8163,7970
8164,7947
8167,7976
8151,7967
8158,7959
8165,7944
8173,7955
8150,7959
8163,7964
8153,7959
8152,7945
8147,7959
8165,7959
8141,7938
8146,7980
8123,7956
8132,7963
8164,7956
8137,7967
8111,7948
8108,7977
8026,7952
7995,7955
7855,7962
7726,7935
7693,7927
7560,7935
7504,7930
7569,7918
7427,7890
7460,7921
7409,7888
7420,7897
7403,7879
7417,7872
7412,7857
7406,7885
7459,7857
7472,7828
7447,7834
7461,7816
7411,7810
7395,7809
7338,7793
7336,7785
7364,7782
7393,7791
7437,7769
7392,7756
7428,7756
7327,7728
7311,7737
7313,7724
7377,7731
7402,7711
7400,7709
7308,7697
7297,7690
7286,7678
7394,7673
7359,7664
7295,7665
7257,7644
7309,7642
7361,7629
7297,7633
7217,7628
7269,7613
7298,7610
7237,7599
7084,7593
7245,7577
7252,7581
7058,7549
7305,7562
7189,7545
7205,7537
7177,7530
7147,7520
7193,7508
7133,7508
7250,7504
7230,7497
7109,7494
7173,7471
7211,7469
7128,7446
7269,7455
7095,7460
7103,7431
7194,7446
7120,7415
7141,7410
7010,7395
7191,7400
7140,7391
7063,7380
7207,7361
7024,7369
7116,7354
7085,7342
7107,7334
7074,7341
7088,7333
7083,7310
7080,7315
7077,7293
7068,7271
7032,7283
7071,7275
7077,7281
6982,7260
7078,7258
6893,7242
6958,7235
6954,7238
6952,7222
6978,7211
6943,7203
6938,7190
6887,7181
7037,7189
7061,7173
7083,7169
7068,7160
7059,7164
7145,7158
7010,7165
7091,7165
7166,7163
7181,7153
7207,7159
7053,7155
7225,7163
7050,7152
7170,7145
7390,7168
7121,7153
7210,7149
7119,7158
7094,7154
7286,7151
7126,7156
7220,7149
7279,7161
7266,7146
7333,7155
7138,7153
7372,7167
7175,7152
7165,7151
7293,7152
7120,7148
7283,7141
7431,7159
7194,7155
7334,7153
7236,7151
7158,7152
7234,7160
7112,7153
7301,7153
7185,7163
7272,7152
7165,7148
7113,7158
7218,7153
7043,7151
7153,7161
7090,7151
7182,7152
7255,7147
7191,7142
7212,7158
7272,7156
7114,7157
7290,7159
7105,7153
7202,7143
7228,7151
7186,7161
7219,7146
7125,7156
7310,7165
7190,7146
7145,7159
7289,7161
7103,7151
7274,7150
7321,7147
7205,7160
7337,7161
7253,7156
7134,7159
7156,7152
7160,7148
7354,7146
7083,7155
7247,7158
7186,7154
7119,7155
7264,7151
7166,7148
7137,7157
7253,7154
7269,7144
7234,7161
7234,7152
7246,7163
7269,7158
7144,7158
7183,7155
7076,7158
7262,7154
7355,7158
7292,7152
7360,7150
7169,7160
7328,7155
7187,7167
7129,7155
7309,7150
7152,7155
7344,7146
7269,7179
7305,7158
7292,7152
7071,7155
7184,7160
7038,7152
7011,7163
7246,7166
7098,7144
7204,7155
7218,7160
7137,7154
7284,7151
7124,7156
7140,7154
7159,7151
7188,7149
7288,7157
7159,7154
7307,7156
7217,7159
7196,7162
7176,7150
7105,7157
7314,7161
7297,7162
7243,7148
7301,7151
7058,7149
7333,7136
7145,7147
7192,7150
7334,7153
7154,7145
7292,7163
7162,7153
7280,7157
7234,7147
7158,7157
7133,7152
7201,7161
7202,7153
7186,7150
7182,7151
7217,7158
7231,7155
7097,7151
7254,7154
7100,7149
7292,7160
7155,7136
7268,7154
7374,7142
7122,7161
7345,7160
7233,7162
7112,7164
7228,7163
7149,7137
7267,7159
7293,7152
7237,7161
7251,7142
7107,7157
7228,7152
7007,7154
7155,7145
7250,7161
7134,7151
7194,7160
7129,7161
7261,7154
7218,7156
7114,7155
7155,7151
7140,7150
7177,7153
7278,7159
7194,7169
7248,7149
7270,7144
7145,7150
7323,7150
7135,7157
7259,7166
7157,7154
7209,7152
7264,7160
7125,7157
7335,7143
7174,7154
7203,7163
7025,7155
7173,7155
7293,7150
7188,7154
7260,7154
7228,7148
7136,7157
7235,7150
7174,7161
7179,7147
7259,7152
7199,7161
7231,7153
7230,7152
7150,7153
7219,7143
7140,7164
7215,7159
7220,7154
7218,7153
7309,7153
7094,7146
7291,7151
7212,7157
7175,7157
7205,7134
7074,7159
7326,7149
7296,7153
7249,7149
7300,7147
7169,7154
7272,7154
7142,7141
7189,7160
7271,7159
7147,7170
7230,7159
7209,7152
7215,7156
7233,7157
7225,7142
7216,7159
7153,7151
7271,7158
7267,7151
7198,7164
7254,7162
7203,7159
7062,7160
7281,7155
7084,7161
7190,7155
7148,7163
7201,7160
7287,7162
7166,7153
7240,7154
7138,7156
7253,7152
7095,7156
7162,7153
7274,7148
7189,7159
7231,7149
7223,7153
7091,7150
7223,7156
7141,7154
7223,7148
7279,7154
7217,7163
7311,7146
7221,7155
7353,7153
7262,7150
7132,7152
7207,7159
7146,7158
7149,7169
7266,7157
7140,7154
7284,7155
7172,7167
7173,7154
7191,7157
7079,7154
7285,7140
7125,7153
7319,7152
7303,7157
7104,7154
7274,7154
7109,7169
7173,7177
7112,7149
7155,7161
7222,7155
7234,7162
7188,7152
7189,7151
7237,7148
7160,7164
7188,7152
7246,7150
7232,7148
7161,7163
7289,7161
7167,7146
7370,7158
7217,7151
7053,7159
7206,7150
7085,7157
7200,7153
7408,7155
7133,7155
7315,7149
7144,7160
7164,7164
7190,7148
7153,7156
7300,7145
7124,7146
7307,7146
7253,7157
7120,7153
7256,7153
7195,7151
7303,7164
7162,7155
7229,7158
7233,7157
7250,7154
7334,7164
7261,7157
7109,7144
7264,7147
7084,7141
7189,7149
7328,7152
7115,7147
7324,7155
7228,7151
7372,7150
7254,7151
7152,7144
7306,7160
7135,7147
7356,7150
7171,7168
7337,7151
7194,7171
7084,7161
7183,7162
7093,7149
7119,7145
7264,7154
7143,7156
7227,7148
7293,7152
7238,7145
7244,7148
7216,7150
7226,7163
7263,7158
7119,7163
7245,7156
7284,7151
7242,7156
7187,7168
7157,7150
7179,7151
7094,7158
7249,7158
7257,7152
7200,7160
7307,7156
7166,7156
7368,7160
7216,7149
7162,7154
7275,7146
7148,7163
7253,7151
7241,7140
7274,7154
7226,7168
7199,7164
7266,7164
7226,7162
7276,7152
7208,7151
7143,7155
7315,7160
7280,7161
7094,7165
7316,7144
7136,7156
7233,7163
7130,7141
7177,7164
7335,7149
7304,7162
7282,7163
7376,7160
7259,7165
7215,7153
7204,7158
7307,7158
7268,7155
7366,7159
7348,7171
7306,7153
7394,7171
7306,7171
7381,7178
7466,7188
7418,7196
7501,7192
7514,7201
7522,7219
7482,7220
7458,7242
7562,7237
7575,7251
7499,7253
7475,7258
7532,7270
7498,7284
7572,7284
7576,7292
7566,7301
7603,7315
7613,7319
7625,7322
7608,7332
7587,7331
7624,7342
7632,7355
7623,7370
7674,7381
7623,7392
7630,7403
7628,7411
7599,7408
7735,7418
7621,7427
7658,7431
7636,7445
7674,7442
7725,7443
7720,7468
7661,7471
7741,7492
7722,7485
7694,7501
7730,7505
7723,7497
7787,7513
7655,7530
7724,7547
7868,7544
7722,7539
7752,7570
7632,7568
7767,7572
7698,7580
7726,7593
7832,7595
7795,7600
7701,7633
7775,7619
7866,7627
7796,7645
7728,7649
7826,7653
7826,7675
7850,7667
7802,7671
7783,7689
7864,7685
7902,7702
7886,7719
7873,7718
7803,7722
7868,7738
7905,7756
7921,7749
7921,7757
7764,7786
7813,7761
7883,7788
7911,7798
7961,7789
7926,7816
7951,7810
7881,7816
7915,7826
7933,7840
7888,7825
7934,7854
7926,7869
7986,7870
7989,7882
8008,7879
8039,7909
8017,7915
8054,7919
8042,7908
8013,7917
7963,7923
7995,7952
7934,7950
7920,7950
7866,7945
7914,7942
7905,7928
7868,7943
7855,7950
7849,7944
7850,7958
7840,7962
7853,7946
7846,7948
7831,7967
7822,7964
7822,7959
7803,7947
7800,7932
7833,7963
7821,7971
7835,7963
7821,7947
7805,7951
7805,7946
7827,7956
7801,7939
7817,7952
7808,7969
7793,7959
7808,7951
7767,7949
7842,7962
7765,7962
7756,7982
7770,7955
7794,7957
7783,7939
7781,7976
7760,7948
7777,7962
7798,7957
7785,7942
7798,7949
7801,7973
7785,7952
7791,7946
7830,7945
7819,7968
7828,7944
7860,7960
7932,7955
8053,7984
8223,7961
8229,7970
8305,7981
8398,7994
8435,8003
8452,7977
8486,8006
8485,8034
8490,8018
8520,8042
8448,8045
8485,8053
8441,8041
8420,8069
8402,8072
8394,8092
8405,8078
8475,8088
8486,8110
8520,8107
8526,8115
8502,8132
8584,8120
8444,8135
8426,8159
8434,8154
8626,8161
8657,8173
8602,8182
8555,8178
8499,8189
8607,8213
8599,8215
8669,8227
8622,8219
8603,8239
8605,8256
8659,8252
8686,8262
8627,8263
8592,8275
8689,8300
8669,8306
8684,8296
8541,8305
8725,8301
8701,8324
8590,8335
8502,8337
8686,8344
8777,8365
8568,8370
8613,8363
8789,8389
8627,8382
8717,8389
8718,8400
8674,8395
8693,8416
8721,8429
8687,8436
8677,8444
8723,8456
8680,8461
8672,8461
8782,8473
8687,8483
8714,8488
8738,8489
8873,8501
8751,8517
8715,8531
8893,8522
8738,8539
8898,8558
8728,8559
8840,8556
8735,8571
8771,8578
8866,8597
8812,8593
8863,8604
8797,8628
8863,8622
8910,8626
8898,8637
8905,8642
8859,8648
8866,8656
8929,8675
8927,8680
8860,8688
8856,8691
8855,8689
8938,8712
8931,8713
8949,8728
8935,8733
8791,8731
8823,8746
8705,8748
8859,8746
8584,8747
8830,8758
8729,8736
8645,8757
8835,8762
8673,8755
8658,8755
8634,8758
8644,8756
8847,8752
8624,8761
8803,8755
8725,8748
8583,8755
8793,8749
8568,8750
8720,8755
8734,8756
8704,8760
8732,8756
8728,8757
8661,8758
8644,8762
8724,8761
8818,8752
8631,8750
8778,8767
8724,8753
8720,8752
8656,8749
8414,8764
8633,8759
8526,8751
8587,8758
8699,8758
8642,8755
8684,8755
8725,8748
8569,8751
8740,8744
8556,8761
8732,8758
8582,8754
8747,8768
8913,8756
8624,8764
8861,8753
8673,8751
8695,8762
8658,8754
8593,8762
8723,8768
8759,8763
8642,8754
8786,8764
8661,8764
8833,8764
8704,8755
8612,8758
8844,8762
8634,8763
8775,8764
8660,8751
8754,8765
8713,8742
8584,8747
8633,8760
8615,8751
8601,8762
8823,8757
8583,8741
8751,8757
8729,8750
8567,8765
8829,8751
8563,8758
8774,8750
8576,8754
8690,8766
8739,8759
8632,8767
8732,8755
8622,8749
8669,8749
8764,8768
8643,8765
8736,8764
8771,8761
8756,8762
8818,8772
8545,8755
8632,8768
8522,8745
8648,8770
8759,8764
8600,8761
8769,8759
8707,8745
8583,8761
8760,8761
8570,8760
8684,8760
8657,8758
8738,8761
8813,8763
8563,8746
8838,8755
8695,8760
8641,8752
8725,8757
8619,8756
8709,8747
8783,8754
8691,8760
8830,8754
8691,8751
8818,8763
8664,8760
8651,8749
8882,8762
8598,8752
8781,8756
8699,8762
8821,8757
8788,8752
8580,8757
8632,8754
8645,8749
8632,8760
8811,8769
8611,8754
8768,8755
8728,8752
8562,8754
8778,8751
8532,8771
8723,8750
8635,8751
8646,8753
8788,8754
8712,8759
8758,8770
8750,8758
8686,8768
8750,8755
8688,8754
8721,8760
8711,8757
8697,8756
8734,8757
8613,8754
8700,8756
8580,8757
8674,8761
8838,8753
8580,8749
8775,8749
8736,8744
8769,8744
8729,8756
8521,8763
8649,8755
8591,8757
8613,8760
8736,8745
8675,8766
8783,8756
8672,8750
8650,8769
8617,8759
8621,8759
8742,8756
8574,8739
8730,8758
8804,8755
8668,8766
8794,8760
8652,8763
8618,8758
8645,8761
8619,8752
8748,8756
8671,8758
8742,8770
8760,8758
8593,8766
8761,8754
8582,8755
8637,8755
8801,8762
8608,8755
8736,8751
8663,8751
8816,8766
8687,8749
8623,8751
8775,8759
8533,8776
8712,8763
8798,8760
8683,8763
8813,8760
8703,8760
8559,8756
8756,8752
8651,8755
8753,8759
8596,8759
8718,8766
8808,8756
8618,8752
8748,8755
8561,8749
8703,8772
8559,8762
8594,8765
8774,8767
8697,8766
8801,8760
8804,8749
8577,8766
8784,8761
8590,8749
8593,8756
8839,8750
8682,8754
8786,8760
8684,8757
8782,8764
8722,8750
8612,8755
8735,8753
8632,8760
8721,8767
8760,8748
8708,8744
8810,8754
8645,8760
8582,8759
8647,8761
8646,8751
8852,8752
8539,8758
8751,8752
8750,8753
8599,8761
8793,8747
8539,8750
8601,8758
8655,8753
8565,8758
8697,8758
8732,8761
8743,8760
8733,8748
8589,8762
8737,8775
8617,8762
8721,8752
8771,8752
8640,8749
8825,8746
8648,8756
8844,8764
8696,8756
8613,8754
8785,8748
8574,8761
8750,8763
8818,8751
8706,8768
8792,8757
8597,8762
8640,8763
8668,8753
8682,8747
8819,8767
8558,8760
8775,8746
8744,8753
8592,8760
8750,8761
8594,8759
8706,8756
8615,8750
8618,8760
8811,8767
8761,8756
8819,8760
8758,8750
8555,8748
8733,8758
8646,8757
8639,8755
8693,8753
8708,8759
8771,8764
8664,8761
8780,8759
8702,8757
8652,8763
8781,8767
8595,8753
8757,8766
8748,8755
8755,8763
8694,8761
8544,8750
8642,8753
8636,8746
8631,8751
8743,8757
8562,8743
8774,8755
8750,8771
8603,8759
8770,8760
8637,8763
8694,8760
8688,8756
8650,8766
8740,8756
8646,8763
8756,8765
8675,8748
8580,8756
8734,8759
8628,8770
8704,8754
8753,8751
8783,8745
8822,8757
8579,8750
8845,8766
8678,8765
8600,8761
8741,8755
8567,8755
8717,8777
8753,8754
8699,8763
8686,8757
8616,8750
8737,8756
8596,8755
8673,8771
8809,8747
8647,8753
8783,8756
8704,8768
8554,8762
8683,8758
8617,8741
8703,8758
8686,8753
8701,8761
8808,8772
8631,8751
8807,8759
8665,8759
8590,8758
8707,8757
8552,8771
8748,8762
8735,8755
8752,8763
8775,8754
8574,8750
8758,8762
8631,8760
8637,8748
8710,8760
8586,8754
8782,8771
8812,8756
8689,8756
8760,8758
8642,8748
8700,8763
8680,8748
8600,8755
8656,8747
8668,8761
8670,8764
8664,8755
8641,8760
8751,8746
8655,8756
8680,8754
8668,8765
8853,8756
8759,8748
8549,8767
8770,8764
8557,8756
8602,8758
8633,8763
8539,8748
8707,8759
8714,8757
8692,8755
8647,8747
8529,8752
8589,8750
8464,8741
8557,8744
8645,8748
8453,8722
8640,8709
8410,8719
8583,8698
8438,8692
8329,8687
8515,8681
8354,8675
8511,8661
8416,8655
8333,8655
8353,8637
8344,8631
8335,8630
8367,8608
8278,8609
8329,8596
8303,8596
8318,8594
8313,8586
8286,8551
8310,8565
8287,8547
8302,8540
8229,8540
8362,8523
8102,8528
8257,8511
8310,8510
8190,8492
8251,8491
8206,8471
8370,8476
8230,8456
8253,8451
8401,8444
8267,8451
8274,8432
8318,8423
8267,8424
8315,8408
8208,8398
8219,8395
8318,8379
8313,8394
8226,8348
8144,8358
8259,8345
8221,8346
8218,8342
8374,8341
8337,8326
8182,8326
8119,8307
8125,8271
8065,8287
8146,8282
8141,8252
8150,8264
8133,8263
8083,8249
8093,8218
8180,8237
8138,8225
8082,8219
8043,8220
8031,8191
8129,8182
8133,8168
8075,8182
8032,8185
8018,8165
8062,8167
8122,8137
8176,8143
8010,8124
7966,8111
7999,8124
7965,8093
7969,8096
8017,8108
8067,8089
8087,8066
8111,8066
8072,8061
8020,8064
8038,8035
7980,8019
7961,8018
7932,8011
7879,8017
7892,7998
7926,7999
7935,7995
7926,7962
7934,7974
8056,7971
8004,7969
8075,7947
8032,7945
8077,7942
8081,7955
8070,7960
8083,7984
8128,7980
8121,7958
8110,7952
8150,7950
8136,7961
8159,7974
8159,7963
8178,7939
8161,7958
8131,7956
8140,7951
8172,7963
8146,7957
8126,7953
8151,7956
8146,7959
8157,7972
8158,7958
8162,7944
8158,7942
8192,7953
8157,7961
8178,7958
8165,7953
8163,7950
8171,7966
8150,7961
8152,7945
8133,7964
8187,7966
8152,7966
8171,7954
8127,7955
8147,7959
8145,7968
8138,7952
8124,7954
8109,8000
8155,7946
8101,7949
8035,7961
7935,7957
7784,7959
7751,7961
7653,7940
7607,7935
7486,7930
7540,7930
7456,7887
7441,7896
7444,7895
7456,7884
7390,7879
7444,7883
7430,7882
7418,7841
7459,7850
7456,7846
7481,7825
7464,7817
7371,7818
7395,7821
7358,7797
7322,7798
7362,7795
7405,7787
7402,7759
7422,7775
7419,7753
7313,7748
7283,7742
7297,7739
7361,7724
7398,7715
7390,7714
7334,7703
7307,7676
7341,7679
7378,7674
7338,7652
7281,7663
7296,7647
7338,7643
7297,7637
7212,7624
7268,7616
7322,7616
7438,7617
7133,7588
7077,7591
7314,7586
7176,7566
7074,7569
7321,7558
7228,7536
7113,7538
7212,7530
7260,7532
7155,7529
7150,7505
7192,7490
7113,7487
7205,7483
7244,7486
7114,7460
7201,7452
7225,7456
7110,7448
7283,7424
7094,7436
7116,7423
7208,7414
7061,7408
7180,7384
7145,7394
7169,7371
7123,7357
7014,7371
7211,7352
7006,7339
7138,7338
7109,7336
7167,7322
7077,7324
7063,7303
6987,7291
7140,7301
7068,7285
7060,7274
6979,7260
7051,7261
7077,7268
7112,7244
7080,7227
6954,7228
6956,7228
6962,7210
6943,7203
7015,7198
6933,7194
6945,7176
7027,7197
7069,7177
7098,7165
7024,7164
7213,7166
7211,7162
7165,7161
7182,7163
7176,7165
7236,7147
7263,7157
7254,7161
7321,7154
7184,7153
7329,7165
7088,7153
7159,7163
7317,7151
7126,7156
7311,7158
7274,7152
7301,7141
7298,7154
7118,7170
7231,7159
7109,7146
7193,7153
7332,7142
7214,7156
7298,7156
7315,7156
7163,7159
7365,7152
7182,7147
7233,7151
7240,7152
7245,7159
7306,7154
7205,7161
7315,7161
7213,7151
7148,7154
7194,7157
7133,7151
7327,7152
7195,7157
7190,7165
7200,7148
7116,7159
7299,7153
7198,7142
7111,7159
7175,7156
7211,7163
7188,7138
7169,7158
7211,7155
7134,7153
7074,7149
7239,7148
7068,7148
7255,7159
7400,7147
7203,7154
7400,7159
7226,7160
7067,7157
7288,7151
7105,7154
7324,7162
7098,7158
7270,7180
7358,7156
7187,7172
7342,7149
7175,7139
7145,7143
7129,7151
7130,7146
7250,7151
7238,7153
7201,7138
7205,7160
7199,7154
7302,7164
7175,7158
7176,7151
7343,7150
7217,7159
7340,7155
7238,7156
7309,7148
7313,7149
7132,7154
7216,7154
7143,7152
7247,7157
7326,7161
7152,7154
7378,7158
7160,7156
7153,7159
7120,7150
7110,7159
7369,7153
7111,7155
7250,7143
7230,7154
7117,7167
7296,7139
7135,7168
7107,7152
7237,7145
7172,7158
7118,7154
7298,7158
7136,7152
7266,7167
7096,7152
7274,7155
7105,7153
7195,7134
7229,7164
7226,7154
7348,7157
7150,7161
7324,7167
7241,7158
7096,7158
7310,7155
7113,7135
7344,7155
7390,7150
7193,7163
7312,7154
7122,7159
7191,7162
7091,7156
7109,7153
7298,7154
7139,7152
7219,7161
7197,7140
7248,7153
7236,7155
7189,7155
7109,7150
7171,7158
7121,7155
7296,7152
7194,7145
7328,7148
7321,7156
7112,7152
7322,7146
7109,7145
7146,7161
7310,7152
7190,7155
7271,7165
7204,7155
7330,7158
7229,7147
7197,7159
7304,7164
7131,7153
7261,7157
7227,7151
7184,7151
7247,7148
7169,7150
7164,7149
7154,7156
7156,7146
7218,7147
7077,7161
7201,7154
7290,7149
7092,7154
7272,7152
7130,7152
7138,7160
7229,7157
7147,7134
7284,7153
7221,7151
7231,7163
7227,7162
7215,7143
7288,7160
7070,7143
7233,7159
7320,7161
7255,7155
7303,7160
7083,7149
7266,7153
7182,7159
7148,7158
7270,7146
7148,7154
7219,7165
7236,7153
7168,7152
7213,7151
7229,7153
7124,7160
7184,7151
7186,7150
7315,7150
7200,7158
7301,7152
7260,7151
7036,7147
7413,7157
7114,7155
7179,7142
7219,7151
7133,7154
7366,7161
7182,7153
7367,7148
7192,7153
7177,7161
7322,7153
7138,7150
7224,7167
7232,7156
7185,7151
7301,7153
7175,7161
7180,7151
7190,7149
7266,7161
7298,7151
7146,7159
7264,7155
7272,7159
7237,7159
7216,7153
7195,7150
7176,7155
7217,7146
7100,7159
7232,7152
7216,7161
7203,7153
7223,7142
7204,7150
7219,7158
7109,7160
7255,7153
7244,7151
7348,7159
7276,7154
7021,7148
7288,7153
7097,7151
7134,7163
7284,7142
7111,7162
7192,7160
7278,7151
7182,7155
7262,7140
7209,7159
7176,7146
7170,7155
7216,7160
7292,7153
7141,7168
7256,7162
7294,7158
7178,7158
7300,7152
7134,7151
7209,7140
7169,7145
7170,7153
7302,7149
7231,7171
7319,7145
7224,7148
7126,7144
7260,7158
7155,7153
7208,7152
7107,7141
7259,7156
7278,7150
7143,7158
7216,7161
7206,7150
7268,7149
7221,7159
7251,7160
7280,7156
7220,7146
7355,7158
7213,7142
7089,7154
7209,7163
7116,7154
7075,7158
7368,7156
7088,7158
7251,7153
7280,7149
7072,7150
7352,7157
7118,7153
7244,7157
7130,7153
7273,7160
7319,7162
7109,7153
7306,7157
7127,7148
7134,7163
7191,7155
7110,7155
7204,7156
7267,7163
7244,7147
7263,7137
7126,7150
7245,7139
7227,7151
7273,7150
7250,7150
7104,7160
7280,7158
7337,7159
7256,7140
7274,7140
7169,7154
7215,7160
7124,7155
7166,7153
7343,7148
7105,7165
7376,7150
7206,7156
7062,7153
7217,7152
7071,7152
7230,7142
7098,7164
7264,7162
7302,7160
7173,7153
7250,7164
7302,7158
7143,7160
7297,7153
7244,7158
7188,7158
7253,7156
7257,7150
7254,7165
7158,7166
7252,7158
7199,7148
7232,7162
7309,7150
7152,7164
7252,7162
7263,7148
7302,7154
7335,7159
7148,7157
7237,7154
7120,7138
7251,7155
7290,7156
7263,7173
7300,7146
7057,7152
7117,7165
7159,7157
7083,7142
7242,7160
7191,7161
7276,7157
7290,7156
7151,7152
7229,7167
7222,7162
7177,7165
7292,7149
7075,7153
7254,7157
7398,7165
7238,7161
7323,7155
7173,7148
7263,7157
7190,7145
7158,7160
7336,7163
7195,7159
7350,7145
7226,7152
7398,7151
7269,7164
7200,7153
7324,7154
7306,7155
7464,7171
7415,7174
7435,7174
7458,7189
7433,7195
7440,7205
7487,7208
7465,7209
7516,7232
7446,7230
7569,7240
7524,7261
7496,7262
7528,7272
7601,7264
7523,7274
7564,7283
7579,7301
7599,7303
7536,7309
7585,7316
7537,7327
7641,7322
7641,7344
7659,7361
7596,7361
7661,7369
7648,7372
7514,7390
7741,7395
7720,7394
7657,7405
7600,7424
7634,7426
7630,7437
7651,7448
7752,7444
7736,7455
7710,7462
7708,7482
7694,7484
7681,7489
7719,7498
7694,7479
7705,7518
7753,7513
7780,7521
7784,7536
7788,7549
7688,7550
7665,7556
7692,7560
7762,7578
7682,7582
7808,7588
7864,7603
7787,7611
7729,7620
7774,7631
7895,7638
7774,7622
7744,7657
7811,7657
7861,7676
7843,7668
7833,7672
7801,7689
7939,7701
7929,7714
7869,7715
7840,7717
7834,7717
7876,7746
7868,7749
7916,7732
7907,7774
7806,7768
7832,7775
7835,7784
7857,7791
7946,7773
7947,7817
7950,7825
7906,7824
7893,7829
7920,7837
7907,7837
7871,7861
7953,7848
7962,7877
7985,7890
8038,7880
8016,7901
8012,7909
8051,7897
8061,7914
8024,7936
8017,7935
7993,7907
7927,7947
7960,7929
7871,7958
7886,7948
7879,7973
7868,7942
7878,7956
7843,7947
7876,7959
7872,7967
7843,7949
7818,7962
7796,7946
7833,7939
7806,7962
7785,7957
7835,7954
7841,7954
7805,7934
7810,7986
7824,7961
7802,7956
7793,7943
7822,7952
7816,7934
7797,7953
7790,7981
7778,7945
7785,7976
7797,7961
7785,7978
7771,7965
7773,7950
7790,7953
7771,7958
7769,7971
7758,7925
7771,7945
7781,7958
7796,7965
7782,7951
7778,7946
7812,7955
7796,7951
7798,7960
7827,7971
7817,7950
7829,7954
7881,7945
8028,7956
8146,7973
8204,7957
8312,7987
8352,7974
8381,7978
8402,8008
8416,7992
8447,8022
8523,8022
8506,8025
8462,8026
8474,8044
8496,8043
8441,8053
8452,8074
8429,8064
8386,8084
8432,8088
8446,8097
8499,8111
8522,8114
8589,8114
8496,8116
8491,8150
8446,8142
8403,8149
8520,8156
8582,8166
8608,8180
8564,8190
8523,8189
8542,8193
8573,8212
8666,8217
8650,8210
8581,8226
8552,8242
8640,8244
8705,8246
8703,8255
8602,8258
8584,8284
8714,8264
8655,8295
8607,8322
8587,8298
8658,8313
8636,8319
8478,8332
8612,8342
8669,8347
8684,8355
8684,8371
8577,8373
8647,8379
8638,8383
8727,8397
8747,8401
8630,8417
8731,8421
8716,8423
8629,8439
8736,8449
8634,8458
8643,8466
8722,8482
8644,8482
8688,8489
8809,8492
8726,8511
8867,8513
8733,8510
8785,8519
8778,8537
8666,8544
8843,8544
8764,8561
8883,8566
8777,8578
8889,8587
8788,8594
8785,8611
8836,8617
8874,8602
8877,8619
8898,8635
8887,8633
8900,8647
8913,8660
8899,8647
8834,8673
8951,8677
8863,8678
8993,8706
8934,8710
9015,8711
8928,8719
8790,8722
8887,8715
8750,8746
8834,8745
8716,8742
8905,8751
8697,8750
8611,8756
8724,8751
8684,8756
8712,8752
8736,8745
8683,8746
8740,8752
8633,8751
8672,8763
8578,8755
8624,8759
8741,8755
8665,8765
8689,8750
8667,8755
8609,8777
8718,8750
8608,8754
8671,8765
8638,8754
8624,8758
8759,8755
8648,8761
8780,8764
8711,8753
8548,8757
8722,8762
8575,8759
8777,8762
8652,8749
8686,8765
8708,8758
8606,8758
8677,8745
8613,8760
8644,8765
8730,8746
8582,8755
8763,8757
8700,8754
8807,8754
8805,8766
8527,8755
8618,8751
8587,8759
8645,8756
8818,8751
8682,8746
8677,8754
8719,8756
8685,8755
8708,8755
8656,8756
8730,8748
8638,8758
8755,8755
8779,8756
8589,8758
8799,8763
8657,8753
8630,8764
8568,8766
8599,8761
8776,8755
8685,8752
8734,8752
8796,8757
8598,8761
8821,8760
8575,8752
8627,8753
8789,8769
8733,8762
8768,8745
8662,8760
8839,8772
8671,8765
8568,8758
8668,8769
8612,8756
8696,8763
8760,8746
8659,8760
8803,8772
8645,8753
8578,8763
8650,8764
8576,8763
8835,8759
8531,8761
8720,8758
8766,8758
8667,8749
8747,8755
8716,8749
8576,8755
8634,8750
8632,8762
8755,8751
8685,8758
8748,8757
8700,8746
8573,8761
8811,8768
8519,8762
8709,8757
8841,8761
8636,8756
8764,8737
8705,8752
8600,8750
8780,8748
8624,8757
8724,8750
8659,8753
8672,8764
8746,8761
8582,8752
8875,8751
8635,8761
8605,8767
8618,8756
8616,8759
8840,8756
8760,8759
8738,8760
8818,8760
8609,8767
8836,8747
8565,8760
8546,8763
8821,8754
8572,8755
8790,8755
8746,8756
8754,8762
8724,8746
8606,8757
8691,8761
8666,8760
8683,8758
8735,8751
8727,8763
8809,8756
8689,8754
8623,8750
8685,8760
8590,8752
8783,8758
8596,8744
8726,8758
8662,8756
8527,8757
8869,8742
8555,8759
8580,8765
8638,8755
8590,8759
8781,8767
8726,8758
8689,8757
8747,8756
8623,8755
8772,8743
8570,8759
8708,8762
8775,8745
8595,8755
8803,8761
8669,8758
8774,8762
8739,8752
8598,8758
8649,8758
8659,8741
8626,8760
8727,8755
8664,8759
8758,8744
8719,8757
8680,8744
8581,8750
8637,8752
8748,8748
8575,8760
8678,8756
8748,8761
8553,8763
8774,8774
8597,8748
8609,8766
8633,8769
8637,8761
8806,8749
8757,8757
8742,8746
8738,8754
8627,8762
8781,8760
8619,8757
8591,8759
8738,8762
8666,8758
8707,8772
8730,8755
8748,8754
8717,8763
8616,8763
8790,8759
8592,8745
8780,8754
8734,8758
8743,8760
8803,8760
8656,8752
8615,8756
8643,8753
8567,8756
8803,8758
8552,8759
8662,8756
8807,8749
8652,8758
8780,8757
8683,8759
8721,8754
8666,8748
8679,8763
8776,8748
8658,8760
8817,8753
8704,8760
8598,8768
8819,8762
8564,8749
8688,8761
8790,8758
8642,8751
8783,8749
8654,8746
8821,8758
8633,8757
8572,8765
8755,8762
8580,8749
8669,8754
8756,8748
8744,8768
8824,8758
8654,8745
8627,8759
8622,8759
8606,8755
8886,8759
8563,8756
8791,8762
8742,8765
8656,8750
8783,8759
8606,8764
8611,8757
8649,8750
8606,8751
8743,8752
8691,8752
8812,8766
8754,8760
8572,8765
8753,8754
8618,8759
8785,8759
8734,8753
8744,8760
8814,8760
8624,8750
8784,8765
8611,8757
8597,8764
8745,8754
8609,8762
8723,8756
8816,8746
8755,8751
8840,8754
8672,8761
8682,8758
8677,8760
8651,8764
8725,8750
8578,8756
8694,8749
8734,8760
8646,8754
8676,8762
8607,8756
8691,8756
8652,8755
8675,8760
8806,8749
8625,8759
8818,8753
8630,8757
8540,8751
8814,8763
8620,8755
8677,8742
8723,8763
8665,8756
8724,8754
8625,8760
8668,8764
8600,8743
8745,8767
8816,8760
8632,8760
8791,8768
8726,8748
8754,8750
8795,8759
8547,8763
8630,8754
8622,8755
8683,8758
8788,8756
8566,8749
8786,8761
8733,8755
8541,8764
8731,8759
8582,8730
8750,8757
8775,8758
8691,8762
8743,8745
8627,8754
8732,8764
8607,8746
8633,8764
8685,8758
8744,8762
8746,8761
8766,8757
8753,8755
8824,8770
8651,8757
8721,8754
8661,8743
8691,8760
8794,8761
8583,8750
8702,8758
8748,8765
8684,8762
8716,8766
8625,8757
8720,8775
8606,8758
8677,8759
8809,8763
8591,8755
8810,8764
8590,8755
8599,8758
8698,8753
8554,8757
8789,8763
8803,8760
8663,8761
8825,8758
8648,8767
8777,8750
8693,8762
8621,8756
8735,8756
8649,8765
8701,8766
8726,8752
8725,8757
8747,8750
8754,8760
8758,8754
8595,8755
8729,8766
8831,8759
8604,8757
8697,8758
8705,8744
8639,8757
8653,8766
8618,8756
8749,8758
8570,8752
8699,8765
8803,8757
8574,8761
8803,8768
8690,8760
8603,8752
8686,8755
8558,8753
8661,8744
8592,8754
8624,8745
8596,8743
8333,8739
8626,8724
8317,8718
8484,8726
8584,8707
8406,8710
8510,8699
8316,8682
8530,8684
8280,8656
8304,8661
8334,8655
8401,8643
8368,8639
8387,8627
8293,8621
8390,8612
8333,8605
8272,8597
8283,8586
8329,8592
8265,8564
8296,8575
8258,8566
8315,8544
8266,8542
8252,8530
8229,8526
8194,8529
8272,8487
8304,8488
8351,8489
8183,8485
8210,8477
8367,8474
8261,8456
8305,8449
8299,8463
8217,8430
8386,8432
8264,8419
8245,8423
8304,8413
8240,8404
8281,8401
8291,8364
8239,8353
8237,8357
8275,8354
8095,8372
8187,8357
8370,8338
8468,8320
8212,8322
8010,8306
8222,8309
8153,8301
8111,8283
8047,8270
8143,8277
8156,8266
8087,8263
7991,8246
8137,8238
8157,8238
8123,8220
8029,8215
8036,8208
8076,8187
8145,8185
8076,8187
8067,8168
8000,8165
8000,8168
8142,8154
8171,8145
8124,8149
8051,8120
8010,8098
8004,8103
7982,8112
8024,8101
8026,8074
8077,8068
8102,8073
8082,8066
8036,8057
8011,8069
7995,8035
7942,8062
7937,8032
7941,8015
7895,7989
7874,8015
7920,7987
7870,7972
8030,7991
7964,7967
8027,7962
7985,7952
8035,7961
8070,7954
8062,7951
8072,7965
8086,7954
8089,7970
8093,7956
8097,7948
8115,7961
8134,7958
8153,7956
8122,7977
8132,7976
8194,7971
8170,7965
8175,7962
8111,7969
8123,7937
8179,7969
8175,7958
8171,7949
8170,7953
8162,7953
8142,7956
8163,7943
8162,7943
8161,7966
8173,7950
8163,7949
8158,7949
8171,7973
8163,7969
8138,7967
8170,7941
8172,7952
8131,7982
8141,7945
8157,7949
8170,7964
8116,7968
8127,7965
8128,7954
8147,7949
8126,7959
8130,7956
8112,7957
8013,7946
7868,7957
7828,7954
7690,7937
7572,7924
7568,7920
7479,7935
7518,7924
7515,7905
7398,7891
7455,7902
7421,7880
7426,7865
7429,7869
7447,7847
7459,7856
7461,7838
7490,7849
7448,7823
7447,7840
7407,7819
7364,7811
7327,7800
7344,7794
7337,7789
7449,7769
7388,7765
7413,7751
7384,7765
7364,7752
7312,7742
7342,7723
7384,7711
7403,7701
7366,7706
7324,7709
7263,7686
7337,7670
7398,7670
7329,7665
7268,7646
7274,7662
7344,7639
7359,7625
7268,7622
7220,7611
7210,7611
7421,7594
7175,7576
7172,7578
7311,7556
7061,7561
7075,7560
7231,7559
7277,7539
7124,7538
7160,7537
7218,7509
7131,7519
7152,7506
7251,7496
7102,7475
7186,7486
7219,7470
7092,7463
7194,7468
7210,7447
7125,7452
7224,7431
7115,7418
7167,7420
7176,7417
7199,7404
7280,7392
7068,7387
7116,7366
7139,7377
7122,7360
7195,7357
7133,7341
7154,7341
7061,7333
7148,7330
7079,7310
7115,7301
6932,7306
7068,7284
6983,7274
7107,7277
6973,7267
7043,7255
6992,7241
7029,7237
6979,7231
6961,7229
6949,7219
6924,7207
6938,7198
6925,7187
7019,7185
7007,7166
7007,7184
7114,7175
7150,7165
6980,7168
7018,7159
7176,7165
7131,7153
7186,7150
7128,7164
7157,7165
7161,7157
7087,7163
7325,7153
7244,7161
7312,7159
7215,7153
7024,7153
7300,7158
7217,7154
7110,7155
7324,7149
7093,7152
7300,7158
7394,7141
7219,7162
7353,7152
7123,7150
7244,7162
7183,7156
7088,7150
7309,7164
7148,7154
7306,7144
7263,7151
7215,7154
7314,7154
7223,7145
7221,7156
7186,7161
7178,7164
7293,7156
7180,7158
7298,7161
7213,7147
7172,7151
7126,7155
7108,7143
7255,7148
7263,7157
7223,7156
7230,7149
7217,7153
7242,7157
7152,7157
7120,7160
7265,7147
7105,7156
7303,7157
7200,7158
7293,7153
7268,7141
7027,7152
7222,7142
7061,7155
7215,7167
7332,7161
7110,7148
7361,7161
7313,7151
7170,7161
7265,7147
7153,7157
7322,7160
7157,7161
7294,7149
7192,7154
7071,7158
7323,7149
7264,7152
7121,7150
7219,7153
7205,7145
7287,7153
7330,7157
7280,7163
7331,7150
7172,7155
7298,7137
7148,7162
7192,7151
7301,7156
7193,7148
7291,7147
7166,7147
7269,7151
7203,7159
7116,7161
7247,7154
7155,7147
7197,7159
7336,7157
7198,7146
7320,7160
7177,7156
7176,7160
7146,7167
7104,7150
7267,7153
7073,7154
7229,7159
7205,7158
7240,7155
7196,7154
7283,7158
7187,7150
7209,7153
7124,7161
7293,7157
7216,7147
7266,7144
7183,7164
7146,7150
7255,7153
7127,7150
7150,7156
7314,7152
7167,7166
7289,7151
7210,7148
7310,7158
7205,7152
7104,7153
7295,7159
7152,7151
7274,7154
7205,7146
7217,7148
7332,7174
7162,7163
7142,7161
7201,7152
7208,7163
7285,7146
7185,7145
7250,7165
7297,7163
7131,7160
7324,7164
7123,7154
7152,7153
7157,7159
7109,7153
7270,7154
7285,7160
7229,7160
7241,7151
7137,7156
7263,7172
7177,7158
7207,7152
7328,7147
7210,7167
7296,7158
7135,7145
7334,7155
7170,7154
7094,7150
7248,7151
7159,7161
7248,7159
7242,7158
7141,7154
7238,7150
7254,7169
7175,7165
7213,7144
7159,7159
7329,7165
7113,7156
7245,7139
7143,7159
7145,7152
7208,7154
7155,7141
7196,7160
7323,7155
7110,7137
7296,7145
7269,7152
7292,7160
7279,7154
7068,7150
7224,7158
7149,7159
7265,7153
7248,7157
7236,7151
7273,7158
7130,7149
7137,7158
7186,7156
7172,7149
7258,7160
7300,7157
7271,7148
7183,7167
7073,7165
7304,7147
7140,7173
7204,7155
7106,7156
7150,7152
7314,7145
7328,7158
7226,7148
7248,7153
7173,7158
7228,7163
7126,7151
7220,7156
7342,7157
7200,7149
7343,7146
7161,7147
7372,7169
7129,7153
7045,7159
7222,7157
7138,7152
7218,7154
7243,7160
7185,7152
7249,7147
7253,7161
7208,7158
7207,7153
7149,7159
7286,7166
7183,7149
7195,7163
7261,7149
7263,7160
7243,7158
7215,7152
7175,7157
7151,7164
7194,7156
7240,7155
7179,7149
7327,7150
7216,7145
7110,7150
7189,7148
7049,7156
7264,7163
7249,7151
7226,7144
7247,7142
7082,7150
7283,7162
7193,7158
7160,7157
7185,7145
7272,7155
7259,7154
7196,7149
7183,7157
7330,7148
7209,7153
7181,7157
7153,7157
7103,7149
7342,7152
7078,7155
7196,7149
7296,7160
7199,7160
7260,7154
7143,7153
7182,7149
7239,7140
7204,7156
7281,7144
7185,7149
7310,7148
7140,7153
7099,7157
7172,7154
7105,7152
7261,7162
7257,7169
7182,7160
7179,7155
7141,7160
7280,7157
7160,7158
7158,7157
7270,7155
7219,7166
7223,7151
7298,7156
7230,7153
7393,7147
7171,7150
7142,7163
7186,7151
7132,7152
7329,7150
7062,7142
7305,7151
7255,7148
7069,7157
7254,7151
7052,7159
7314,7155
7053,7149
7159,7160
7261,7148
7140,7145
7273,7155
7189,7155
7162,7148
7250,7161
7255,7152
7184,7163
7205,7143
7208,7153
7313,7168
7248,7151
7290,7148
7119,7162
7198,7161
7355,7157
7132,7159
7335,7157
7261,7156
7300,7147
7396,7164
7154,7147
7166,7154
7226,7156
7192,7149
7361,7150
7163,7160
7319,7157
7149,7148
7130,7158
7136,7157
7065,7167
7246,7150
7085,7160
7181,7154
7185,7166
7192,7156
7262,7155
7167,7154
7188,7151
7327,7156
7204,7146
7197,7157
7277,7146
7217,7153
7386,7155
7158,7152
7327,7161
7206,7149
7158,7155
7296,7159
7147,7152
7257,7156
7217,7155
7277,7157
7259,7150
7134,7162
7312,7164
7054,7149
7260,7160
7308,7152
7180,7166
7299,7172
7192,7149
7173,7160
7224,7163
7079,7156
7264,7156
7192,7151
7153,7166
7324,7144
7234,7156
7362,7150
7218,7145
7207,7151
7231,7156
7204,7153
7271,7158
7230,7155
7258,7177
7342,7158
7197,7150
7212,7154
7174,7148
7198,7161
7349,7152
7179,7157
7381,7163
7282,7150
7336,7168
7333,7162
7365,7179
7485,7186
7377,7187
7494,7199
7510,7201
7506,7207
7445,7216
7446,7225
7477,7237
7503,7239
7604,7239
7485,7244
7536,7251
7477,7263
7529,7278
7581,7285
7593,7294
7545,7298
7613,7311
7597,7324
7637,7328
7557,7323
7623,7340
7658,7354
7629,7357
7559,7363
7618,7374
7626,7380
7648,7385
7710,7392
7598,7409
7707,7411
7597,7421
7702,7432
7693,7445
7672,7453
7651,7454
7702,7467
7723,7465
7758,7483
7669,7496
7705,7491
7765,7503
7726,7515
7671,7513
7798,7538
7620,7536
7686,7544
7884,7554
7803,7551
7646,7550
7723,7585
7674,7577
7708,7589
7877,7574
7815,7603
7704,7614
7764,7615
7769,7620
7859,7626
7737,7649
7756,7648
7819,7657
7844,7665
7835,7671
7747,7686
7835,7692
7930,7679
7936,7714
7874,7706
7849,7729
7826,7710
7850,7756
7914,7750
7979,7756
7841,7746
7775,7784
7811,7786
7835,7787
7980,7814
7929,7822
7948,7805
7912,7814
7932,7809
7898,7835
7869,7826
7879,7837
7898,7865
7988,7856
8000,7863
7976,7907
8014,7900
8036,7892
8061,7894
8066,7903
8004,7911
7994,7924
7934,7931
7958,7936
7938,7934
7959,7947
7878,7944
7872,7952
7857,7955
7882,7953
7863,7945
7854,7953
7836,7930
7851,7946
7831,7953
7828,7968
7803,7939
7799,7978
7833,7957
7810,7949
7838,7964
7814,7957
7813,7965
7818,7944
7851,7963
7825,7954
7806,7963
7799,7953
7819,7955
7812,7966
7802,7956
7795,7951
7798,7959
7828,7960
7770,7950
7801,7948
7771,7965
7763,7952
7755,7967
7799,7953
7780,7947
7768,7971
7795,7967
7790,7943
7789,7949
7788,7942
7828,7976
7777,7959
7814,7945
7835,7962
7829,7936
7847,7943
7932,7957
8054,7962
8109,7967
8215,7967
8345,7979
8415,7974
8395,7982
8434,8002
8470,8008
8477,7992
8492,8026
8509,8029
8495,8031
8459,8035
8471,8058
8426,8070
8416,8078
8396,8065
8395,8080
8474,8101
8475,8101
8509,8104
8560,8116
8487,8111
8565,8127
8443,8136
8444,8135
8425,8155
8635,8155
8688,8170
8610,8176
8596,8196
8547,8179
8599,8195
8659,8213
8700,8205
8650,8208
8593,8228
8593,8235
8657,8250
8668,8261
8714,8259
8540,8270
8651,8283
8700,8286
8670,8305
8549,8304
8646,8300
8694,8324
8675,8322
8474,8335
8700,8345
8736,8344
8523,8358
8597,8378
8738,8377
8734,8381
8676,8396
8765,8400
8692,8405
8650,8424
8788,8402
8709,8429
8618,8436
8800,8450
8696,8460
8736,8456
8781,8474
8715,8480
8768,8490
8694,8494
8733,8494
8726,8508
8678,8522
8851,8542
8684,8540
8877,8541
8791,8560
8849,8566
8821,8569
8736,8581
8879,8598
8792,8585
8850,8597
8771,8609
8925,8607
8889,8617
8967,8635
8864,8637
8907,8646
8889,8654
8969,8657
8884,8675
8993,8678
8769,8698
8892,8704
9018,8706
8908,8723
8981,8714
8815,8726
8786,8738
8810,8742
8812,8744
8831,8745
8765,8752
8896,8748
8682,8757
8709,8749
8662,8740
8620,8761
8780,8755
8559,8747
8779,8768
8803,8747
8545,8764
8762,8750
8698,8765
8705,8761
8665,8755
8619,8760
8775,8755
8670,8764
8731,8759
8647,8746
8631,8749
8741,8755
8634,8761
8643,8747
8722,8750
8648,8762
8845,8757
8671,8761
8776,8768
8675,8752
8523,8756
8724,8756
8548,8755
8762,8760
8674,8756
8718,8759
8741,8779
8552,8759
8567,8749
8626,8762
8616,8756
8807,8750
8562,8753
8788,8752
8797,8751
8597,8784
8756,8759
8670,8753
8680,8754
8698,8764
8629,8758
8729,8760
8615,8755
8704,8745
8650,8749
8619,8760
8744,8763
8579,8764
8690,8754
8755,8750
8769,8761
8781,8760
8564,8748
8874,8762
8697,8749
8582,8755
8741,8769
8586,8760
8730,8763
8798,8763
8728,8757
8758,8756
8651,8753
8786,8757
8613,8755
8633,8758
8864,8769
8602,8752
8795,8762
8622,8762
8563,8759
8764,8752
8553,8752
8643,8753
8624,8768
8576,8766
8814,8767
8656,8765
8790,8760
8664,8768
8583,8762
8693,8765
8537,8768
8750,8748
8777,8761
8685,8770
8804,8761
8636,8753
8754,8748
8693,8763
8628,8758
8762,8759
8593,8763
8850,8767
8831,8744
8782,8758
8732,8760
8603,8760
8686,8752
8672,8754
8626,8766
8776,8749
8621,8747
8691,8760
8702,8750
8645,8756
8730,8761
8588,8753
8731,8754
8551,8750
8769,8761
8820,8758
8569,8764
8786,8758
8635,8763
8629,8782
8692,8760
8555,8753
8749,8758
8788,8765
8710,8767
8705,8744
8663,8761
8629,8758
8669,8752
8658,8755
8780,8753
8683,8755
8766,8755
8721,8750
8642,8769
8731,8757
8584,8759
8781,8756
8626,8745
8668,8740
8771,8751
8629,8760
8760,8762
8559,8735
8557,8762
8603,8753
8567,8759
8785,8770
8748,8755
8737,8763
8783,8758
8623,8759
8819,8759
8657,8753
8605,8754
8728,8759
8608,8752
8816,8758
8757,8761
8800,8757
8822,8754
8571,8763
8640,8763
8625,8751
8629,8772
8739,8763
8587,8755
8751,8756
8780,8752
8633,8761
8723,8749
8588,8754
8692,8753
8571,8747
8631,8754
8679,8758
8547,8759
8728,8766
8600,8753
8674,8754
8573,8753
8516,8768
8837,8759
8768,8753
8743,8759
8758,8754
8616,8753
8861,8764
8693,8757
8649,8775
8811,8763
8634,8758
8790,8752
8715,8754
8771,8756
8674,8751
8591,8749
8741,8762
8609,8756
8709,8763
8765,8756
8664,8758
8778,8749
8652,8758
8644,8755
8681,8761
8568,8758
8762,8757
8585,8759
8704,8761
8760,8754
8591,8763
8807,8762
8614,8757
8611,8758
8705,8761
8610,8766
8778,8758
8724,8751
8926,8779
8772,8756
8601,8751
8764,8764
8644,8753
8718,8751
8804,8755
8623,8758
8866,8777
8764,8751
8733,8751
8724,8762
8579,8768
8746,8763
8582,8756
8679,8757
8767,8753
8697,8759
8764,8746
8617,8748
8632,8759
8646,8744
8584,8745
8783,8754
8547,8762
8700,8754
8735,8757
8568,8767
8861,8768
8648,8763
8579,8762
8689,8741
8596,8758
8743,8751
8641,8751
8740,8765
8715,8755
8618,8743
8791,8761
8721,8752
8742,8766
8788,8752
8686,8756
8818,8760
8675,8754
8766,8763
8678,8747
8613,8764
8804,8760
8538,8758
8710,8757
8752,8761
8727,8755
8779,8755
8636,8763
8603,8764
8639,8754
8575,8757
8762,8750
8669,8764
8794,8755
8762,8753
8638,8750
8822,8757
8639,8755
8657,8758
8589,8750
8633,8735
8828,8751
8721,8757
8722,8746
8711,8758
8655,8769
8698,8751
8546,8755
8742,8755
8773,8754
8636,8762
8769,8752
8677,8753
8711,8759
8668,8755
8557,8745
8773,8733
8619,8759
8724,8746
8676,8763
8747,8765
8798,8765
8606,8753
8619,8758
8634,8769
8649,8757
8817,8750
8588,8757
8740,8777
8742,8757
8647,8750
8823,8760
8684,8763
8675,8749
8601,8755
8588,8756
8740,8752
8698,8764
8736,8764
8736,8755
8617,8754
8694,8759
8614,8751
8729,8759
8730,8752
8669,8756
8794,8751
8650,8761
8756,8760
8633,8760
8592,8766
8777,8767
8632,8762
8718,8755
8717,8749
8710,8767
8772,8760
8664,8757
8631,8763
8619,8757
8619,8756
8748,8765
8666,8744
8719,8763
8731,8763
8615,8767
8773,8772
8575,8760
8719,8763
8582,8754
8639,8741
8815,8750
8650,8755
8836,8768
8614,8754
8543,8758
8751,8764
8559,8753
8765,8749
8712,8764
8640,8759
8704,8759
8621,8761
8788,8753
8679,8756
8641,8757
8779,8754
8646,8747
8741,8755
8749,8769
8659,8761
8771,8744
8663,8756
8601,8755
8707,8750
8654,8743
8764,8748
8642,8769
8812,8765
8718,8762
8648,8761
8667,8754
8617,8767
8777,8755
8735,8767
8704,8759
8803,8754
8607,8754
8761,8770
8575,8753
8463,8758
8660,8744
8503,8749
8687,8738
8553,8733
8627,8718
8558,8703
8328,8711
8464,8706
8329,8696
8440,8703
8580,8678
8416,8677
8532,8671
8450,8659
8406,8641
8376,8641
8362,8638
8351,8614
8363,8604
8307,8610
8348,8606
8286,8596
8271,8594
8351,8577
8266,8570
8314,8566
8277,8536
8276,8542
8210,8546
8370,8519
8168,8515
8269,8515
8306,8500
8270,8507
8273,8486
8277,8483
8339,8473
8303,8459
8274,8462
8376,8462
8265,8428
8291,8433
8251,8434
8241,8431
8242,8417
8283,8404
8286,8393
8285,8375
8277,8379
8216,8379
8152,8350
8294,8359
8150,8353
8176,8325
8386,8343
8411,8319
8088,8312
8015,8295
8277,8300
8166,8284
8042,8284
8111,8277
8175,8258
8118,8264
8086,8248
8073,8237
8167,8243
8157,8229
8110,8248
8026,8216
8085,8213
8136,8201
8168,8191
8083,8190
8049,8164
7999,8153
7986,8140
8129,8132
8182,8130
8056,8117
8069,8125
7981,8111
8032,8101
8026,8096
8011,8108
8035,8072
8076,8064
8074,8051
8066,8062
8041,8040
8014,8053
7972,8036
7963,8024
7941,8010
7924,8000
7923,8015
7961,7990
7966,8006
8017,7986
7946,7985
8019,7972
7989,7978
8052,7986
8032,7965
8042,7958
8061,7978
8103,7967
8096,7965
8107,7942
8111,7936
8116,7965
8076,7962
8119,7964
8115,7922
8177,7952
8173,7968
8180,7955
8156,7945
8146,7952
8160,7953
8136,7963
8165,7976
8183,7941
8176,7968
8144,7949
8178,7954
8161,7950
8137,7965
8166,7948
8166,7939
8173,7954
8183,7946
8162,7941
8179,7947
8144,7947
8144,7973
8181,7952
8167,7960
8134,7959
8140,7954
8148,7946
8119,7962
8148,7958
8130,7960
8140,7953
8148,7965
8153,7946
8136,7940
8069,7939
7970,7963
7850,7955
7777,7941
7666,7927
7581,7940
7498,7928
7502,7918
7373,7924
7414,7918
7471,7901
7400,7897
7423,7882
7426,7888
7427,7867
7414,7875
7459,7857
7480,7841
7486,7829
7455,7827
7411,7821
7388,7812
7333,7812
7340,7803
7308,7791
7327,7787
7414,7768
7398,7762
7424,7760
7325,7739
7290,7743
7326,7737
7351,7737
7438,7725
7383,7721
7340,7704
7317,7687
7334,7685
7396,7680
7376,7656
7293,7667
7277,7660
7287,7644
7353,7643
7236,7633
7162,7626
7324,7609
7324,7600
7199,7592
7081,7593
7294,7583
7218,7568
7098,7572
7241,7563
7222,7559
7188,7543
7133,7542
7227,7516
7211,7524
7168,7507
7180,7515
7191,7492
7109,7500
7177,7481
7145,7461
7121,7450
7158,7463
7142,7442
7181,7442
7180,7420
7123,7421
7147,7412
6980,7399
7252,7396
7224,7383
7044,7374
7200,7373
7027,7374
7205,7341
7039,7351
7156,7346
7174,7342
7116,7334
7110,7326
7031,7308
7027,7299
7075,7303
7003,7283
7027,7281
6973,7260
7025,7271
7029,7232
6951,7242
6996,7226
6943,7232
7025,7236
6967,7207
6910,7210
6995,7197
6887,7197
6964,7192
7015,7176
7037,7180
7005,7163
7019,7158
7181,7161
7092,7159
7113,7162
7220,7154
7149,7154
7218,7153
7120,7145
7334,7155
7162,7154
7088,7159
7340,7155
7033,7144
7211,7156
7194,7144
7320,7158
7290,7153
7105,7154
7095,7163
7256,7154
7215,7149
7312,7149
7138,7147
7340,7161
7293,7154
7171,7148
7310,7152
7153,7146
7204,7164
7196,7160
7214,7150
7339,7149
7303,7151
7297,7145
7284,7157
7156,7149
7295,7163
7205,7153
7252,7152
7268,7152
7252,7157
7306,7149
7082,7160
7240,7155
7094,7161
7101,7147
7265,7156
7097,7154
7178,7148
7275,7154
7176,7138
7320,7156
7114,7148
7156,7160
7130,7155
7109,7166
7311,7145
7054,7153
7279,7165
7345,7149
7136,7152
7288,7153
7139,7168
7196,7161
7078,7156
7130,7169
7380,7166
7215,7159
7360,7156
7122,7138
7103,7161
7245,7155
7075,7152
7237,7161
7254,7163
7303,7155
7294,7149
7165,7157
7285,7151
7260,7153
7239,7161
7265,7163
7223,7157
7232,7145
7312,7151
7291,7158
7253,7163
7115,7164
7252,7153
7166,7158
7233,7155
7402,7161
7054,7161
7362,7150
7291,7152
7107,7140
7333,7159
7136,7150
7232,7155
7140,7160
7218,7159
7298,7159
7127,7162
7209,7163
7072,7150
7102,7154
7194,7157
7113,7152
7171,7159
7205,7147
7218,7148
7252,7149
7161,7143
7201,7157
7185,7149
7146,7153
7299,7151
7092,7159
7299,7156
7270,7151
7240,7159
7265,7154
7090,7160
7234,7150
7136,7141
7159,7157
7315,7151
7239,7154
7363,7156
7221,7154
7182,7158
7182,7158
7161,7155
7275,7149
7062,7163
7219,7161
7331,7145
7142,7151
7246,7161
7208,7156
7191,7152
7231,7152
7133,7145
7180,7160
7323,7155
7266,7161
7295,7151
7066,7159
7352,7154
7218,7148
7205,7147
7320,7162
7173,7154
7336,7162
7284,7162
7269,7161
7251,7157
7099,7151
7247,7159
7093,7148
7244,7167
7323,7160
7202,7156
7291,7157
7077,7159
7118,7158
7185,7152
7116,7159
7181,7159
7207,7169
7258,7156
7186,7150
7176,7145
7192,7156
7112,7144
7188,7164
7134,7155
7176,7162
7259,7154
7247,7160
7271,7147
7336,7151
7096,7155
7279,7148
7169,7146
7171,7150
7306,7155
7147,7156
7303,7154
7297,7160
7182,7158
7183,7144
7144,7146
7247,7151
7105,7155
7244,7153
7220,7150
7177,7155
7231,7162
7175,7147
7209,7130
7222,7151
7200,7153
7272,7155
7121,7136
7288,7151
7254,7153
7152,7161
7243,7159
7214,7159
7165,7149
7265,7163
7158,7161
7293,7140
7206,7158
7301,7154
7251,7154
7059,7145
7233,7160
7057,7152
7248,7161
7373,7160
7237,7159
7337,7161
7180,7150
7162,7148
7183,7167
7126,7152
7211,7154
7129,7163
7187,7156
7222,7150
7242,7156
7217,7170
7215,7155
7221,7153
7220,7162
7167,7162
7230,7158
7218,7155
7233,7155
7285,7163
7082,7156
7251,7158
7201,7142
7220,7157
7354,7151
7187,7155
7317,7162
7158,7150
7329,7165
7143,7138
7127,7155
7241,7155
7059,7145
7234,7163
7282,7151
7204,7157
7266,7154
7158,7163
7257,7157
7136,7145
7211,7158
7276,7153
7093,7151
7358,7158
7272,7147
7112,7160
7337,7160
7140,7142
7107,7152
7279,7157
7083,7154
7261,7154
7271,7154
7217,7157
7332,7150
7151,7166
7301,7158
7161,7156
7274,7159
7306,7162
7254,7160
7275,7158
7120,7145
7275,7149
7180,7161
7130,7170
7169,7160
7140,7156
7192,7148
7253,7144
7194,7161
7202,7154
7134,7154
7212,7155
7184,7164
7129,7158
7312,7151
7147,7160
7241,7153
7240,7155
7072,7149
7307,7153
7091,7153
7108,7159
7170,7158
7086,7148
7322,7155
7181,7171
7367,7159
7272,7154
7098,7145
7212,7163
7093,7142
7276,7148
7309,7152
7206,7153
7260,7158
7229,7159
7159,7148
7226,7147
7246,7151
7255,7160
7167,7156
7271,7143
7282,7158
7214,7144
7311,7164
7097,7143
7178,7155
7189,7150
7099,7158
7319,7176
7084,7154
7300,7155
7351,7146
7157,7163
7330,7142
7087,7145
7223,7152
7119,7175
7284,7160
7295,7165
7085,7157
7335,7160
7190,7166
7108,7156
7235,7155
7171,7152
7299,7155
7335,7159
7217,7162
7239,7162
7274,7137
7312,7147
7307,7155
7117,7163
7208,7158
7113,7158
7207,7154
7227,7150
7260,7157
7257,7144
7132,7141
7218,7159
7166,7156
7171,7167
7325,7165
7121,7154
7403,7156
7234,7152
7130,7158
7182,7158
7106,7157
7279,7161
7089,7155
7170,7162
7269,7161
7250,7151
7217,7164
7288,7153
7160,7157
7282,7159
7211,7139
7228,7153
7334,7160
7185,7158
7288,7147
7231,7147
7304,7152
7224,7144
7165,7150
7260,7153
7101,7149
7259,7155
7361,7152
7202,7148
7320,7166
7170,7149
7257,7160
7220,7144
7325,7157
7394,7162
7362,7163
7477,7170
7312,7176
7314,7186
7425,7188
7407,7197
7443,7197
7504,7208
7504,7214
7484,7213
7493,7233
7465,7238
7566,7244
7525,7259
7568,7271
7540,7264
7535,7291
7588,7296
7592,7292
7603,7299
7542,7323
7574,7314
7598,7318
7616,7332
7567,7339
7650,7350
7625,7355
7611,7365
7573,7383
7557,7384
7710,7395
7579,7407
7592,7417
7662,7411
7616,7424
7704,7437
7627,7445
7714,7441
7664,7465
7630,7466
7723,7477
7698,7476
7661,7485
7673,7500
7704,7502
7703,7515
7748,7525
7696,7522
7733,7547
7660,7546
7715,7559
7718,7538
7702,7571
7745,7586
7652,7588
7707,7587
7778,7596
7786,7600
7724,7606
7773,7622
7877,7625
7803,7631
7771,7651
7822,7648
7827,7672
7817,7680
7770,7668
7723,7694
7859,7685
7923,7713
7864,7706
7801,7720
7822,7723
7900,7741
7889,7742
7916,7763
7925,7767
7775,7773
7802,7789
7879,7788
7927,7781
7920,7793
7952,7802
7960,7811
7929,7825
7929,7844
7883,7832
7917,7852
7902,7869
7938,7870
7980,7868
7970,7877
8006,7883
8016,7895
8052,7911
8054,7901
8047,7898
8021,7909
7952,7932
8041,7949
7958,7940
7971,7952
7931,7937
7914,7960
7885,7935
7817,7968
7896,7950
7850,7946
7850,7957
7826,7932
7824,7947
7834,7968
7838,7939
7816,7967
7811,7959
7827,7959
7823,7956
7855,7945
7802,7945
7780,7950
7804,7953
7858,7950
7779,7962
7800,7948
7797,7955
7793,7952
7807,7956
7793,7947
7792,7958
7781,7947
7759,7967
7782,7946
7791,7949
7787,7939
7788,7968
7767,7966
7779,7957
7769,7953
7743,7962
7807,7947
7790,7966
7787,7954
7814,7960
7800,7965
7801,7939
7815,7949
7827,7950
7820,7957
7839,7953
7997,7954
8081,7966
8143,7950
8247,7981
8297,7966
8391,7996
8424,7974
8438,7986
8446,8013
8461,8019
8479,8025
8449,8032
8469,8036
8466,8054
8463,8039
8431,8082
8429,8073
8395,8079
8400,8079
8493,8092
8475,8106
8546,8103
8526,8100
8543,8121
8531,8147
8432,8152
8427,8141
8455,8166
8595,8166
8608,8163
8624,8188
8541,8193
8545,8197
8598,8205
8700,8199
8645,8225
8611,8240
8579,8235
8623,8253
8691,8253
8698,8255
8593,8277
8592,8269
8690,8278
8702,8295
8647,8306
8603,8312
8720,8315
8698,8329
8504,8341
8538,8332
8645,8354
8785,8363
8642,8375
8679,8380
8697,8371
8584,8382
8781,8401
8778,8403
8689,8415
8691,8421
8727,8442
8661,8439
8734,8438
8724,8447
8623,8457
8740,8472
8708,8476
8699,8496
8773,8472
8753,8496
8880,8512
8809,8512
8735,8506
8842,8536
8812,8547
8858,8544
8737,8558
8858,8567
8780,8570
8834,8596
8841,8584
8800,8600
8904,8602
8816,8613
8812,8622
8886,8632
8915,8652
8871,8646
8872,8661
8830,8663
8872,8661
8953,8674
8869,8682
8890,8698
8872,8705
8979,8707
8870,8712
8963,8730
8980,8721
8787,8749
8815,8726
8650,8744
8872,8754
8610,8745
8724,8757
8772,8762
8755,8749
8846,8760
8673,8752
8610,8760
8701,8747
8632,8754
8751,8760
8589,8746
8726,8757
8710,8751
8577,8765
8827,8747
8568,8759
8634,8765
8642,8754
8608,8767
8712,8752
8727,8749
8644,8750
8701,8748
8657,8765
8694,8756
8612,8750
8668,8761
8748,8749
8599,8770
8721,8763
8557,8758
8726,8755
8606,8760
8590,8766
8697,8755
8567,8760
8689,8781
8794,8760
8635,8760
8781,8762
8624,8771
8666,8753
8650,8758
8662,8759
8806,8745
8691,8761
8800,8755
8729,8751
8658,8736
8681,8766
8529,8753
8701,8757
8774,8773
8596,8759
8831,8746
8727,8757
8793,8752
8717,8755
8605,8750
8825,8756
8564,8756
8705,8755
8724,8757
8668,8759
8742,8759
8621,8761
8594,8758
8656,8763
8611,8769
8779,8759
8583,8750
8786,8759
8796,8761
8553,8767
8862,8761
8545,8757
8668,8759
8612,8753
8643,8751
8716,8755
8677,8758
8706,8767
8726,8759
8621,8748
8744,8755
8647,8761
8666,8761
8816,8753
8681,8759
8842,8757
8589,8750
8768,8756
8657,8754
8627,8754
8677,8744
8599,8764
8687,8757
8707,8764
8689,8754
8722,8750
8574,8768
8596,8758
8678,8770
8636,8763
8776,8765
8645,8754
8757,8750
8753,8749
8618,8754
8730,8759
8629,8752
8700,8762
8648,8759
8729,8755
8806,8757
8658,8766
8796,8762
8660,8757
8619,8754
8683,8757
8563,8752
8734,8752
8800,8760
8655,8766
8834,8766
8634,8765
8789,8753
8746,8759
8614,8758
8776,8763
8568,8765
8664,8758
8743,8746
8763,8757
8768,8758
8581,8766
8728,8758
8677,8744
8656,8756
8761,8757
8644,8769
8704,8762
8748,8744
8655,8753
8782,8756
8730,8754
8705,8756
8586,8753
8720,8755
8814,8750
8611,8756
8741,8754
8621,8751
8676,8772
8645,8763
8555,8759
8704,8749
8768,8773
8725,8751
8773,8759
8566,8768
8793,8748
8659,8757
8535,8760
8829,8762
8613,8751
8780,8753
8719,8752
8721,8759
8780,8757
8617,8746
8662,8765
8654,8756
8661,8747
8741,8758
8638,8757
8746,8758
8678,8735
8591,8753
8719,8750
8595,8747
8751,8763
8504,8744
8727,8761
8800,8766
8625,8755
8719,8762
8612,8755
8556,8756
8669,8758
8532,8755
8636,8759
8776,8749
8701,8755
8745,8742
8604,8759
8808,8753
8621,8758
8646,8756
8784,8755
8582,8756
8798,8763
8715,8755
8761,8763
8834,8760
8628,8762
8703,8752
8599,8749
8710,8760
8803,8750
8658,8756
8777,8764
8630,8754
8622,8776
8681,8753
8587,8767
8733,8755
8610,8754
8727,8761
8774,8752
8627,8751
8739,8766
8635,8755
8773,8762
8596,8756
8646,8754
8802,8749
8730,8773
8744,8768
8773,8750
8620,8751
8789,8755
8666,8749
8638,8765
8778,8763
8673,8745
8807,8760
8762,8754
8754,8756
8748,8752
8649,8747
8797,8759
8629,8750
8722,8756
8789,8757
8702,8754
8743,8750
8612,8765
8551,8764
8741,8756
8555,8762
8724,8759
8559,8756
8662,8768
8783,8757
8618,8758
8784,8758
8647,8744
8701,8753
8675,8757
8587,8754
8776,8772
8707,8757
8790,8753
8707,8757
8638,8747
8721,8755
8626,8757
8703,8771
8771,8745
8778,8745
8790,8754
8626,8764
8644,8760
8702,8763
8625,8768
8790,8754
8547,8762
8689,8766
8813,8768
8640,8756
8757,8760
8638,8759
8666,8768
8662,8749
8623,8760
8814,8759
8801,8748
8826,8759
8744,8759
8592,8754
8767,8752
8629,8757
8651,8759
8820,8755
8562,8761
8811,8762
8714,8752
8769,8775
8734,8757
8687,8770
8716,8759
8634,8750
8704,8750
8695,8753
8743,8756
8716,8749
8560,8746
8644,8763
8676,8752
8612,8765
8779,8763
8536,8757
8777,8758
8804,8761
8640,8754
8811,8756
8635,8757
8636,8757
8655,8762
8619,8752
8695,8755
8715,8753
8741,8767
8719,8756
8561,8750
8754,8760
8602,8761
8615,8754
8813,8755
8674,8763
8810,8760
8622,8747
8788,8763
8685,8755
8578,8758
8750,8765
8505,8745
8683,8760
8756,8745
8684,8748
8742,8755
8634,8755
8663,8757
8683,8764
8680,8760
8784,8754
8623,8765
8785,8766
8789,8760
8620,8753
8734,8750
8593,8753
8695,8762
8657,8754
8604,8762
8825,8765
8684,8771
8794,8763
8687,8759
8585,8753
8799,8769
8588,8756
8719,8763
8895,8756
8601,8766
8751,8757
8691,8754
8741,8758
8737,8741
8625,8763
8678,8754
8583,8751
8802,8752
8834,8757
8653,8759
8805,8763
8634,8758
8611,8765
8707,8759
8582,8759
8715,8762
8604,8750
8651,8762
8736,8752
8673,8748
8718,8742
8670,8752
8650,8752
8650,8750
8692,8758
8764,8751
8624,8763
8777,8761
8635,8751
8560,8763
8667,8764
8570,8753
8714,8760
8735,8753
8700,8750
8728,8752
8526,8745
8611,8740
8438,8742
8412,8733
8670,8730
8377,8716
8632,8727
8491,8713
8498,8703
8449,8683
8303,8687
8521,8679
8305,8662
8462,8664
8344,8662
8406,8640
8366,8642
8340,8635
8351,8631
8346,8612
8310,8608
8297,8602
8255,8595
8321,8572
8272,8575
8314,8570
8282,8567
8276,8547
8307,8559
8181,8539
8357,8526
8179,8519
8236,8504
8282,8509
8283,8507
8282,8488
8232,8490
8319,8475
8206,8462
8327,8447
8329,8446
8251,8443
8363,8425
8259,8419
8198,8404
8296,8398
8246,8395
8259,8384
8282,8379
8250,8372
8259,8371
8216,8354
8194,8344
8203,8345
8251,8335
8388,8334
8326,8325
8013,8310
8157,8296
8119,8284
8036,8284
8106,8279
8133,8267
8149,8261
8077,8263
8053,8232
8115,8229
8179,8233
8132,8239
8095,8214
8029,8218
8081,8191
8152,8176
8105,8183
8076,8192
8031,8162
8029,8167
8119,8150
8170,8161
8155,8124
7997,8112
7986,8123
8017,8113
7945,8105
8036,8097
8073,8095
8045,8078
8128,8064
8089,8063
8059,8045
8020,8049
8031,8033
7948,8031
7948,8023
7931,8021
7911,8007
7881,8005
7872,7989
7933,7982
7991,8003
7968,7979
8043,7980
8017,7974
8076,7980
8042,7974
8075,7965
8095,7968
8048,7960
8106,7966
8100,7958
8158,7963
8108,7944
8132,7955
8086,7977
8155,7959
8117,7967
8173,7973
8190,7951
8141,7970
8159,7960
8163,7957
8177,7957
8148,7975
8161,7950
8184,7952
8155,7935
8151,7965
8174,7969
8150,7941
8152,7947
8146,7960
8191,7957
8175,7965
8177,7953
8175,7934
8169,7943
8166,7957
8137,7951
8163,7966
8172,7961
8156,7963
8170,7943
8142,7960
8121,7952
8152,7967
8117,7962
8149,7966
8122,7960
8090,7970
8060,7961
7952,7967
7800,7958
7757,7938
7624,7944
7636,7939
7500,7936
7523,7926
7509,7905
7444,7893
7402,7877
7437,7887
7401,7887
7406,7878
7413,7863
7447,7849
7484,7848
7462,7854
7467,7841
7429,7824
7364,7816
7402,7801
7325,7804
7316,7789
7358,7783
7433,7781
7398,7774
7394,7758
7411,7756
7306,7737
7310,7738
7339,7724
7378,7721
7421,7709
7364,7710
7325,7700
7303,7697
7347,7684
7417,7680
7347,7659
7289,7657
7277,7652
7325,7655
7345,7624
7273,7609
7176,7621
7291,7604
7479,7596
7109,7596
7115,7597
7284,7574
7155,7570
7095,7578
7307,7558
7242,7542
7102,7541
7196,7527
7232,7502
7156,7525
7148,7499
7192,7508
7152,7497
7167,7485
7218,7468
7097,7475
7217,7460
7245,7444
7109,7447
7245,7430
7141,7434
7123,7413
7172,7413
7058,7405
7198,7385
7138,7384
7149,7366
7114,7376
7053,7373
7185,7362
7030,7353
7163,7332
7083,7318
7177,7315
7054,7315
7100,7302
6966,7287
7145,7289
6963,7292
7051,7278
6966,7273
7054,7253
7051,7255
7097,7244
7062,7239
6942,7226
6976,7220
6954,7210
6960,7200
7018,7187
6966,7195
6974,7184
7097,7182
7093,7177
7157,7172
7112,7157
7209,7172
7192,7170
7135,7162
7228,7165
7159,7152
7241,7158
7271,7161
7168,7159
7320,7158
7170,7153
7352,7160
7158,7157
7085,7163
7331,7162
7084,7150
7253,7155
7273,7161
7165,7162
7171,7153
7178,7159
7202,7158
7119,7146
7100,7159
7373,7157
7173,7158
7265,7160
7359,7143
7157,7161
7406,7149
7235,7160
7185,7146
7311,7150
7221,7154
7274,7153
7260,7144
7269,7168
7247,7154
7134,7155
7318,7162
7122,7154
7296,7162
7220,7150
7121,7156
7263,7163
7191,7154
7032,7161
7243,7154
7143,7155
7185,7151
7187,7158
7179,7162
7213,7157
7107,7153
7253,7159
7090,7160
7123,7156
7111,7130
7172,7142
7326,7160
7155,7161
7267,7154
7246,7149
7083,7139
7310,7152
7153,7144
7242,7152
7354,7150
7201,7162
7345,7145
7234,7149
7353,7154
7159,7162
7119,7148
7338,7136
7109,7154
7238,7154
7276,7151
7200,7153
7150,7155
7238,7154
7226,7158
7190,7152
7179,7146
7390,7149
7163,7158
7279,7144
7266,7153
7084,7158
7334,7158
7090,7136
7148,7153
7146,7159
7169,7156
7258,7155
7191,7148
7369,7167
7229,7156
7169,7149
7208,7157
7125,7152
7317,7148
7206,7166
7194,7157
7266,7162
7162,7150
7282,7158
7205,7161
7142,7144
7265,7159
7154,7159
7248,7158
7222,7165
7159,7171
7285,7152
7123,7148
7183,7149
7159,7159
7152,7153
7234,7163
7167,7165
7263,7151
7178,7151
7098,7158
7327,7144
7154,7153
7288,7153
7104,7152
7233,7161
7350,7155
7141,7159
7327,7153
7153,7166
7132,7156
7200,7150
7116,7157
7288,7155
7294,7152
7171,7142
7244,7163
7314,7162
7183,7159
7244,7159
7105,7157
7335,7155
7117,7174
7281,7153
7223,7149
7279,7157
7349,7143
7149,7149
7161,7159
7167,7150
7098,7145
7300,7145
7107,7158
7273,7162
7284,7162
7111,7162
7278,7158
7112,7155
7260,7162
7111,7156
7222,7152
7313,7159
7102,7161
7315,7156
7205,7159
7166,7153
7127,7161
7207,7142
7271,7156
7184,7149
7194,7151
7327,7147
7104,7151
7291,7151
7171,7150
7160,7155
7283,7148
7127,7157
7239,7148
7247,7163
7230,7160
7333,7166
7203,7149
7221,7168
7097,7152
7171,7155
7341,7141
7181,7162
7323,7161
7142,7155
7104,7153
7260,7168
7178,7163
7262,7158
7128,7151
7216,7155
7287,7168
7279,7157
7239,7158
7255,7158
7125,7154
7227,7141
7165,7152
7297,7160
7189,7141
7244,7144
7251,7154
7169,7159
7300,7153
7107,7160
7156,7157
7306,7153
7141,7158
7322,7166
7258,7137
7307,7149
7270,7143
7098,7148
7280,7155
7145,7153
7177,7152
7242,7133
7193,7152
7276,7160
7187,7162
7164,7137
7225,7164
7303,7158
7226,7142
7212,7153
7183,7152
7309,7154
7157,7151
7242,7153
7168,7159
7148,7153
7232,7148
7054,7152
7247,7159
7258,7148
7176,7157
7254,7152
7107,7158
7291,7161
7133,7142
7228,7160
7320,7155
7260,7153
7316,7150
7059,7148
7286,7167
7137,7158
7068,7156
7261,7158
7121,7159
7274,7154
7228,7152
7254,7154
7317,7157
7222,7146
7106,7164
7244,7158
7150,7151
7214,7160
7110,7149
7154,7156
7305,7149
7273,7152
7258,7149
7214,7147
7155,7143
7183,7152
7176,7156
7313,7158
7270,7160
7317,7168
7240,7162
7116,7159
7311,7153
7096,7149
7178,7158
7217,7145
7195,7152
7278,7150
7140,7152
7197,7150
7246,7157
7218,7152
7203,7152
7238,7144
7191,7165
7259,7158
7248,7153
7257,7152
7145,7148
7157,7158
7191,7153
7087,7155
7325,7159
7068,7154
7208,7159
7265,7156
7135,7156
7370,7153
7166,7167
7151,7163
7360,7145
7151,7164
7325,7146
7190,7172
7217,7161
7161,7160
7091,7156
7258,7171
7137,7157
7225,7149
7115,7153
7379,7155
7322,7158
7213,7154
7138,7151
7280,7179
7217,7154
7251,7155
7110,7141
7242,7160
7423,7159
7161,7153
7333,7162
7145,7145
7132,7153
7204,7148
7130,7156
7268,7146
7239,7161
7315,7153
7226,7154
7072,7150
7266,7152
7071,7158
7217,7156
7274,7155
7146,7161
7308,7154
7207,7153
7270,7158
7284,7166
7170,7146
7243,7155
7197,7161
7142,7158
7250,7152
7223,7155
7307,7156
7246,7158
7130,7174
7262,7152
7244,7165
7290,7154
7126,7157
7231,7159
7329,7145
7154,7160
7310,7161
7183,7149
7200,7143
7134,7150
7155,7147
7335,7154
7150,7159
7309,7163
7141,7143
7075,7154
7302,7156
7105,7152
7147,7153
7164,7148
7287,7154
7248,7161
7169,7136
7247,7158
7224,7158
7182,7154
7246,7157
7073,7143
7248,7164
7342,7146
7232,7140
7366,7157
7210,7149
7126,7158
7299,7153
7134,7154
7270,7150
7215,7145
7267,7156
7323,7155
7221,7161
7343,7151
7216,7158
7358,7157
7299,7184
7412,7186
7457,7180
7366,7191
7507,7192
7419,7200
7479,7207
7498,7214
7444,7214
7515,7216
7449,7237
7595,7246
7500,7234
7583,7257
7492,7256
7608,7262
7556,7286
7602,7297
7567,7284
7632,7313
7519,7313
7602,7320
7576,7327
7673,7334
7582,7344
7636,7358
7583,7362
7596,7374
7679,7388
7567,7378
7732,7388
7592,7399
7619,7402
7587,7414
7683,7420
7708,7433
7570,7443
7729,7459
7712,7452
7705,7472
7730,7475
7677,7471
7656,7498
7727,7496
7705,7492
7743,7519
7778,7525
7715,7525
7688,7534
7875,7560
7694,7552
7653,7570
7776,7571
7742,7570
7709,7585
7850,7611
7793,7600
7787,7615
7725,7613
7847,7617
7782,7624
7784,7636
7777,7640
7780,7668
7859,7651
7867,7674
7790,7672
7785,7692
7899,7690
7899,7713
7918,7715
7829,7725
7851,7722
7883,7726
7903,7745
7892,7750
7860,7769
7768,7785
7838,7784
7834,7782
7860,7790
7943,7807
7954,7799
7912,7815
7925,7836
7911,7829
7893,7861
7878,7856
7923,7861
7962,7856
7970,7867
7982,7881
7982,7889
8054,7901
8015,7903
8079,7899
8080,7913
8017,7936
7929,7919
7951,7936
7911,7932
7940,7945
7833,7942
7870,7936
7863,7956
7872,7967
7843,7942
7854,7950
7830,7962
7863,7967
7830,7937
7810,7947
7797,7934
7806,7955
7826,7941
7821,7955
7842,7949
7837,7956
7805,7946
7824,7963
7789,7962
7789,7949
7771,7952
7791,7970
7790,7978
7820,7951
7781,7957
7778,7956
7767,7971
7835,7954
7812,7949
7788,7942
7760,7943
7791,7953
7774,7956
7765,7929
7794,7963
7785,7966
7768,7958
7799,7959
7781,7950
7805,7971
7793,7941
7812,7965
7815,7945
7827,7923
7847,7952
7816,7946
7932,7961
8035,7950
8165,7963
8206,7971
8337,7957
8408,7987
8382,7984
8424,7985
8425,8011
8459,7995
8480,8008
8507,8020
8493,8047
8489,8046
8451,8054
8459,8053
8412,8061
8456,8086
8392,8081
8414,8080
8489,8098
8534,8100
8543,8109
8547,8114
8493,8134
8453,8135
8451,8130
8441,8151
8549,8151
8600,8164
8642,8175
8550,8185
8586,8192
8569,8206
8591,8208
8696,8219
8685,8210
8546,8225
8564,8233
8649,8240
8665,8251
8621,8266
8601,8274
8560,8278
8685,8287
8667,8283
8592,8299
8593,8310
8695,8321
8655,8332
8486,8333
8671,8348
8729,8360
8608,8359
8676,8360
8790,8381
8694,8380
8748,8384
8776,8402
8677,8410
8704,8415
8757,8429
8649,8437
8670,8430
8779,8443
8680,8449
8660,8457
8814,8474
8688,8480
8690,8477
8709,8488
8679,8505
8782,8509
8697,8524
8851,8529
8717,8521
8863,8540
8791,8558
8761,8551
8808,8570
8747,8578
8925,8592
8745,8590
8857,8586
8790,8612
8946,8608
8866,8626
8920,8620
8841,8643
8949,8655
8821,8654
8920,8663
8900,8675
8908,8686
8907,8697
8985,8695
8934,8700
8863,8713
8927,8726
8777,8727
8847,8738
8752,8743
8852,8729
8774,8736
8584,8754
8785,8736
8583,8752
8780,8760
8612,8762
8680,8770
8836,8753
8685,8761
8788,8755
8663,8749
8575,8765
8651,8758
8566,8763
8782,8754
8807,8761
8701,8755
8691,8749
8590,8762
8748,8756
8610,8752
8647,8750
8700,8767
8625,8760
8753,8756
8657,8757
8825,8773
8769,8759
8571,8764
8668,8768
8535,8763
8735,8746
8641,8741
8703,8749
8755,8756
8606,8756
8588,8759
8654,8755
8511,8764
8719,8757
8574,8746
8757,8760
8767,8754
8610,8758
8783,8764
8612,8756
8618,8767
8609,8763
8593,8753
8820,8762
8692,8760
8727,8758
8782,8753
8620,8756
8850,8766
8695,8757
8670,8752
8773,8753
8664,8764
8806,8762
8738,8752
8818,8761
8648,8761
8612,8752
8750,8761
8672,8757
8761,8757
8729,8753
8633,8746
8768,8764
8641,8767
8644,8773
8620,8747
8556,8751
8840,8753
8561,8750
8703,8757
8790,8764
8538,8758
8782,8757
8586,8759
8618,8768
8644,8768
8618,8753
8714,8752
8673,8757
8800,8749
8720,8753
8579,8771
8781,8755
8616,8759
8745,8763
8800,8754
8628,8753
8829,8746
8668,8755
8753,8749
8690,8759
8623,8762
8733,8757
8622,8757
8732,8762
8800,8756
8594,8746
8741,8760
8698,8768
8710,8755
8648,8760
8669,8755
8809,8758
8652,8760
8725,8765
8676,8760
8608,8764
8763,8764
8560,8746
8595,8753
8693,8754
8646,8756
8787,8756
8637,8747
8849,8760
8688,8754
8624,8758
8754,8752
8604,8759
8674,8750
8787,8767
8594,8757
8778,8760
8685,8753
8811,8759
8625,8751
8637,8759
8841,8751
8543,8742
8776,8771
8769,8758
8715,8762
8814,8773
8649,8761
8581,8761
8744,8757
8653,8758
8678,8760
8740,8756
8695,8757
8702,8765
8616,8763
8704,8757
8608,8752
8792,8754
8573,8762
8750,8751
8766,8751
8598,8762
8858,8764
8646,8749
8589,8746
8724,8770
8562,8755
8750,8754
8760,8761
8653,8759
8836,8757
8720,8759
8731,8764
8592,8745
8646,8755
8713,8749
8655,8759
8759,8758
8754,8764
8542,8757
8742,8756
8627,8751
8628,8767
8693,8755
8614,8752
8760,8752
8649,8756
8761,8767
8672,8759
8542,8754
8709,8773
8617,8753
8685,8760
8748,8749
8623,8767
8767,8764
8650,8755
8787,8772
8655,8750
8645,8757
8796,8760
8632,8737
8830,8764
8791,8759
8675,8762
8761,8779
8619,8755
8629,8756
8653,8758
8583,8774
8763,8753
8572,8760
8667,8763
8720,8749
8630,8762
8753,8755
8590,8771
8740,8755
8600,8753
8701,8754
8733,8747
8619,8752
8830,8744
8695,8755
8599,8749
8685,8754
8513,8752
8735,8756
8719,8748
8633,8755
8840,8755
8680,8758
8887,8763
8709,8747
8624,8768
8813,8757
8624,8761
8747,8762
8676,8755
8667,8762
8720,8748
8691,8757
8704,8765
8632,8750
8673,8763
8759,8751
8625,8755
8794,8757
8661,8764
8606,8754
8702,8754
8571,8761
8704,8753
8603,8758
8616,8762
8787,8729
8643,8751
8815,8752
8672,8752
8579,8758
8745,8765
8660,8761
8812,8758
8694,8753
8698,8754
8756,8757
8643,8755
8747,8756
8545,8753
8602,8758
8850,8754
8582,8745
8706,8749
8792,8747
8764,8749
8787,8752
8616,8747
8708,8750
8623,8752
8703,8760
8767,8755
8688,8762
8766,8759
8661,8758
8602,8775
8656,8764
8546,8751
8702,8753
8588,8766
8689,8760
8825,8756
8590,8761
8923,8761
8659,8757
8622,8768
8773,8765
8601,8758
8754,8752
8744,8756
8647,8753
8824,8759
8677,8773
8739,8749
8649,8749
8631,8758
8818,8742
8535,8753
8701,8761
8733,8749
8761,8752
8688,8773
8582,8761
8735,8746
8583,8761
8689,8761
8798,8764
8652,8754
8801,8759
8624,8762
8609,8757
8750,8751
8633,8767
8756,8745
8589,8758
8708,8755
8773,8756
8567,8750
8773,8756
8621,8767
8624,8774
8623,8766
8632,8762
8828,8762
8751,8754
8750,8763
8797,8759
8581,8754
8747,8756
8578,8754
8645,8756
8784,8754
8621,8766
8767,8774
8672,8766
8738,8761
8677,8751
8626,8754
8738,8764
8611,8753
8715,8760
8722,8758
8758,8745
8851,8754
8594,8753
8662,8761
8695,8730
8667,8758
8744,8761
8713,8751
8699,8774
8760,8762
8660,8762
8776,8762
8625,8752
8632,8765
8827,8752
8582,8764
8821,8749
8729,8758
8798,8751
8712,8757
8562,8763
8719,8754
8518,8757
8668,8755
8824,8752
8653,8761
8734,8753
8615,8763
8584,8762
8703,8745
8551,8762
8671,8753
8556,8758
8665,8758
8777,8756
8677,8758
8828,8760
8703,8753
8674,8766
8733,8749
8725,8760
8715,8766
8709,8761
8736,8754
8718,8762
8623,8757
8715,8746
8567,8752
8707,8760
8836,8752
8701,8763
8820,8761
8637,8749
8787,8755
8679,8762
8593,8758
8712,8753
8495,8754
8572,8752
8604,8763
8612,8757
8636,8746
8360,8734
8420,8728
8393,8722
8370,8715
8573,8694
8353,8690
8519,8695
8342,8682
8382,8675
8329,8663
8272,8661
8414,8654
8382,8644
8354,8647
8326,8626
8370,8621
8340,8617
8307,8592
8297,8592
8238,8585
8313,8575
8277,8578
8198,8567
8267,8556
8393,8554
8216,8544
8303,8534
8238,8525
8175,8519
8229,8505
8273,8483
8360,8483
8159,8471
8192,8475
8330,8469
8301,8463
8440,8451
8296,8446
8243,8444
8309,8426
8258,8419
8237,8405
8282,8403
8238,8397
8237,8394
8284,8382
8200,8379
8241,8374
8278,8361
8087,8355
8215,8351
8392,8340
8461,8326
8200,8313
7995,8294
8289,8295
8180,8291
8115,8289
8062,8282
8184,8271
8145,8271
8116,8254
8051,8251
8122,8238
8169,8213
8083,8219
8032,8206
8057,8207
8085,8207
8158,8170
8084,8178
8047,8173
7931,8157
7971,8168
8125,8143
8181,8139
8109,8143
8065,8106
8030,8120
7992,8114
7978,8104
7990,8089
8007,8068
8042,8077
8140,8072
8051,8068
8060,8061
8058,8033
7949,8035
7933,8015
7956,8018
7916,8015
7932,8003
7896,7996
7911,7987
7930,7981
8040,7978
7990,7979
8023,7973
8089,7972
8023,7962
8091,7957
8081,7970
8107,7961
8043,7967
8098,7950
8081,7967
8135,7950
8098,7974
8122,7962
8169,7953
8148,7972
8130,7949
8129,7936
8164,7986
8182,7978
8108,7949
8125,7963
8154,7950
8158,7949
8164,7952
8164,7952
8135,7952
8179,7947
8143,7952
8162,7961
8190,7970
8174,7945
8147,7961
8132,7959
8184,7959
8169,7972
8153,7960
8158,7953
8185,7949
8160,7960
8155,7951
8119,7967
8136,7965
8151,7949
8130,7941
8168,7971
8123,7964
8142,7973
8132,7957
8052,7948
7982,7959
7903,7971
7720,7941
7685,7936
7548,7950
7534,7918
7545,7914
7436,7924
7475,7911
7426,7890
7471,7904
7442,7887
7422,7882
7425,7887
7421,7862
7463,7853
7455,7842
7467,7831
7445,7827
7436,7829
7386,7818
7353,7817
7340,7796
7350,7795
7304,7780
7415,7772
7392,7762
7431,7761
7375,7759
7345,7740
7309,7725
7306,7729
7415,7719
7396,7723
7302,7703
7318,7692
7321,7682
7378,7674
7399,7677
7270,7672
7256,7657
7307,7646
7353,7632
7350,7632
7260,7621
7257,7621
7270,7626
7313,7593
7048,7598
7212,7585
7254,7575
7077,7564
7127,7566
7233,7536
7260,7549
7181,7530
7166,7522
7231,7529
7132,7525
7164,7511
7215,7493
7084,7489
7171,7480
7198,7467
7066,7461
7222,7455
7208,7450
7138,7429
7191,7430
7071,7424
7209,7422
7096,7415
7222,7401
7234,7391
7017,7381
7153,7370
6979,7367
7129,7349
7071,7352
7142,7339
7126,7349
7092,7335
7112,7304
7028,7307
7107,7298
7023,7292
7057,7292
7026,7280
7076,7274
6967,7263
7090,7256
6916,7239
6981,7242
6928,7222
7047,7214
6921,7226
6930,7203
6990,7201
6912,7194
7042,7181
7084,7179
7008,7184
7086,7169
7173,7174
7225,7177
6978,7162
7155,7170
7086,7147
7225,7157
7249,7157
7038,7159
7222,7164
7015,7157
7206,7146
7326,7149
7217,7150
7278,7154
7057,7155
7128,7152
7230,7153
7111,7161
7295,7159
7146,7136
7305,7167
7399,7163
7118,7161
7427,7154
7185,7158
7183,7158
7253,7157
7066,7153
7252,7147
7380,7156
7225,7168
7261,7153
7245,7144
7283,7156
7197,7160
7139,7158
7323,7156
7169,7147
7332,7151
7176,7157
7332,7170
7300,7142
7084,7156
7172,7161
7119,7151
7287,7161
7278,7160
7178,7158
7202,7153
7283,7153
7190,7154
7226,7139
7136,7156
7267,7154
7099,7160
7229,7167
7219,7157
7073,7158
7302,7157
7115,7153
7148,7138
7127,7148
7084,7152
7287,7154
7279,7153
7292,7156
7373,7155
7163,7155
7289,7145
7080,7173
7226,7155
7299,7146
7195,7158
7231,7175
7146,7147
7340,7159
7244,7150
7146,7141
7247,7159
7225,7154
7221,7150
7297,7148
7259,7151
7303,7154
7220,7154
7223,7154
7178,7151
7083,7141
7284,7159
7065,7158
7246,7152
7291,7162
7152,7155
7333,7162
7162,7150
7186,7158
7340,7156
7214,7156
7387,7143
7159,7153
7360,7156
7191,7163
7104,7155
7246,7164
7043,7164
7207,7156
7312,7152
7122,7150
7262,7156
7273,7162
7209,7147
7249,7152
7161,7150
7148,7159
7133,7154
7278,7163
7242,7149
7139,7156
7248,7160
7187,7155
7247,7150
7141,7159
7158,7154
7327,7156
7257,7155
7289,7158
7271,7146
7067,7167
7286,7141
7135,7156
7233,7154
7304,7149
7234,7147
7270,7163
7088,7152
7325,7161
7188,7158
7142,7155
7178,7155
7195,7154
7221,7141
7197,7153
7253,7150
7217,7143
7160,7165
7183,7148
7145,7159
7103,7139
7310,7166
7123,7150
7287,7153
7370,7146
7107,7169
7307,7154
7172,7159
7149,7160
7175,7139
7205,7156
7301,7154
7167,7151
7272,7176
7160,7145
7164,7161
7170,7148
7028,7163
7263,7156
7249,7158
7170,7153
7238,7166
7185,7165
7277,7157
7244,7157
7109,7159
7139,7166
7121,7156
7244,7162
7230,7160
7240,7157
7209,7162
7200,7149
7165,7159
7233,7156
7140,7158
7294,7153
7078,7155
7269,7157
7251,7150
7062,7152
7331,7162
7099,7160
7233,7166
7075,7161
7179,7156
7275,7148
7159,7134
7226,7153
7170,7154
7168,7160
7259,7140
7168,7140
7226,7152
7223,7158
7244,7164
7203,7156
7150,7146
7325,7161
7192,7139
7216,7155
7272,7162
7178,7155
7312,7155
7317,7153
7247,7154
7294,7160
7153,7148
7169,7169
7142,7149
7158,7153
7362,7167
7112,7144
7314,7147
7241,7152
7169,7161
7226,7151
7095,7145
7218,7160
7118,7151
7173,7151
7230,7150
7200,7158
7216,7159
7207,7156
7187,7160
7204,7152
7140,7149
7274,7160
7251,7151
7175,7156
7258,7154
7221,7157
7235,7156
7254,7150
7222,7163
7214,7150
7192,7160
7280,7149
7228,7148
7308,7163
7262,7148
7097,7158
7305,7165
7072,7148
7254,7150
7262,7157
7140,7163
7246,7153
7156,7148
7118,7155
7232,7157
7106,7156
7181,7154
7264,7154
7242,7155
7235,7157
7192,7153
7299,7151
7239,7145
7116,7157
7226,7164
7173,7162
7249,7159
7299,7144
7198,7155
7342,7162
7152,7147
7290,7153
7171,7165
7102,7159
7312,7156
7091,7158
7321,7153
7255,7151
7299,7161
7209,7156
7087,7155
7204,7159
7122,7142
7186,7148
7169,7155
7164,7161
7160,7156
7145,7155
7202,7152
7112,7162
7106,7138
7318,7163
7216,7153
7227,7148
7329,7142
7097,7150
7423,7143
7151,7155
7095,7155
7214,7161
7094,7151
7246,7159
7354,7148
7200,7165
7305,7140
7112,7152
7297,7156
7097,7157
7225,7155
7288,7151
7095,7160
7277,7170
7189,7157
7260,7156
7242,7158
7146,7152
7272,7142
7181,7156
7232,7152
7296,7156
7205,7158
7313,7147
7259,7150
7130,7169
7244,7161
7167,7154
7226,7164
7250,7157
7212,7161
7292,7153
7157,7160
7335,7152
7172,7142
7097,7152
7356,7151
7150,7158
7419,7177
7247,7159
7363,7163
7252,7154
7103,7158
7277,7141
7081,7150
7185,7155
7275,7148
7163,7154
7198,7153
7255,7150
7239,7146
7178,7169
7177,7162
7293,7150
7204,7157
7190,7164
7286,7160
7169,7152
7331,7159
7114,7149
7129,7163
7188,7147
7072,7158
7253,7164
7355,7153
7229,7158
7296,7156
7139,7151
7356,7159
7108,7148
7219,7167
7285,7156
7192,7164
7387,7150
7195,7145
7326,7158
7210,7166
7182,7150
7261,7161
7214,7147
7316,7161
7243,7154
7195,7154
7278,7145
7262,7158
7068,7160
7255,7154
7106,7151
7186,7156
7158,7145
7209,7150
7302,7162
7211,7138
7312,7165
7273,7160
7164,7152
7264,7167
7184,7153
7338,7159
7237,7168
7374,7161
7304,7156
7268,7173
7372,7179
7318,7179
7391,7188
7506,7196
7449,7197
7461,7197
7482,7210
7512,7219
7439,7225
7487,7238
7535,7231
7628,7243
7520,7254
7507,7258
7500,7263
7537,7277
7563,7288
7582,7282
7544,7297
7562,7309
7605,7310
7626,7339
7568,7336
7666,7348
7661,7349
7640,7353
7584,7370
7621,7373
7645,7383
7642,7401
7659,7401
7637,7397
7759,7426
7599,7429
7620,7424
7653,7427
7639,7439
7688,7446
7671,7463
7741,7463
7712,7488
7692,7488
7703,7490
7722,7498
7687,7500
7757,7517
7708,7517
7629,7545
7816,7515
7788,7549
7764,7558
7633,7565
7757,7582
7677,7582
7709,7591
7817,7604
7812,7608
7699,7617
7753,7632
7838,7633
7830,7638
7728,7653
7805,7642
7833,7665
7853,7662
7767,7673
7841,7684
7813,7699
7907,7714
7889,7721
7878,7695
7799,7728
7875,7733
7914,7748
7963,7750
7944,7772
7780,7757
7792,7763
7838,7768
7884,7788
7926,7801
7924,7773
7956,7796
7901,7823
7934,7823
7882,7846
7840,7841
7895,7847
7947,7861
7958,7848
8019,7851
7997,7888
8018,7916
8009,7882
8058,7895
8059,7935
7979,7934
8021,7926
7966,7924
7979,7953
7913,7921
7869,7927
7883,7931
7909,7963
7840,7939
7886,7965
7827,7924
7842,7955
7838,7979
7808,7940
7856,7971
7815,7953
7806,7967
7814,7946
7832,7947
7821,7959
7836,7948
7792,7942
7794,7962
7824,7954
7823,7946
7817,7934
7771,7937
7801,7952
7829,7970
7806,7957
7796,7953
7799,7950
7787,7945
7828,7938
7812,7958
7780,7949
7798,7961
7762,7949
7776,7940
7795,7943
7787,7937
7778,7956
7767,7957
7781,7978
7799,7931
7796,7947
7821,7960
7799,7982
7827,7960
7825,7947
7829,7960
7888,7934
7956,7954
8052,7963
8151,7965
8215,7997
8368,7950
8366,7992
8404,7992
8417,7999
8470,8019
8488,8016
8490,8029
8473,8037
8482,8040
8474,8049
8467,8051
8412,8066
8432,8075
8390,8069
8398,8088
8483,8101
8526,8097
8534,8103
8563,8107
8506,8124
8582,8132
8448,8146
8421,8147
8502,8154
8632,8159
8689,8156
8605,8170
8582,8188
8531,8200
8545,8212
8643,8216
8665,8214
8628,8220
8540,8247
8613,8236
8664,8255
8675,8259
8585,8270
8529,8275
8672,8277
8691,8292
8683,8302
8585,8303
8700,8310
8655,8322
8616,8338
8525,8346
8674,8358
8756,8361
8534,8366
8536,8360
8646,8380
8706,8388
8617,8388
8768,8402
8665,8413
8661,8419
8750,8429
8660,8443
8717,8440
8802,8442
8655,8462
8701,8467
8756,8473
8679,8475
8809,8482
8703,8496
8762,8500
8758,8504
8715,8523
8911,8525
8703,8546
8807,8551
8780,8551
8842,8561
8798,8581
8750,8579
8848,8587
8825,8602
8823,8613
8780,8605
8911,8625
8918,8617
8907,8647
8858,8638
8915,8647
8912,8654
8931,8677
8854,8679
8924,8684
8785,8690
8871,8690
8984,8713
8916,8726
8946,8729
8946,8722
8745,8738
8821,8735
8780,8743
8905,8748
8680,8740
8856,8759
8721,8747
8671,8751
8766,8754
8580,8751
8674,8750
8774,8745
8722,8756
8847,8764
8619,8757
8826,8751
8728,8756
8641,8755
8725,8756
8533,8768
8754,8759
8751,8753
8754,8757
8730,8759
8591,8755
8613,8763
8601,8761
8653,8749
8788,8753
8576,8761
8735,8760
8699,8754
8544,8767
8634,8748
8560,8762
8689,8764
8531,8757
8721,8760
8725,8750
8606,8761
8766,8765
8710,8762
8526,8759
8713,8762
8582,8760
8780,8748
8779,8764
8771,8764
8893,8761
8604,8755
8824,8759
8672,8767
8711,8761
8780,8756
8631,8748
8741,8757
8682,8757
8665,8752
8771,8760
8637,8755
8678,8769
8650,8751
8594,8753
8761,8750
8715,8760
8736,8752
8629,8759
8644,8739
8678,8763
8597,8751
8735,8753
8559,8754
8705,8755
8768,8745
8584,8756
8779,8758
8683,8755
8634,8751
8783,8754
8607,8740
8818,8758
8705,8750
8763,8753
8671,8759
8628,8752
8675,8760
8571,8748
8645,8754
8854,8746
8536,8761
8773,8762
8683,8750
8609,8750
8692,8755
8534,8757
8691,8757
8547,8743
8669,8755
8716,8753
8658,8748
8795,8762
8613,8763
8603,8755
8666,8752
8596,8760
8767,8758
8749,8751
8815,8752
8837,8751
8532,8756
8859,8755
8614,8753
8670,8747
8731,8750
8593,8759
8722,8755
8735,8759
8735,8761
8800,8751
8652,8753
8764,8751
8525,8761
8647,8760
8854,8751
8663,8766
8791,8764
8595,8756
8678,8758
8696,8757
8580,8767
8735,8749
8602,8751
8703,8764
8806,8758
8578,8748
8775,8759
8682,8758
8582,8765
8764,8747
8584,8768
8781,8753
8780,8753
8715,8769
8798,8760
8673,8753
8736,8758
8669,8764
8804,8750
8790,8758
8608,8760
8786,8757
8668,8759
8791,8762
8678,8760
8569,8758
8771,8764
8529,8759
8810,8765
8818,8754
8641,8757
8847,8762
8650,8762
8626,8762
8662,8756
8558,8751
8701,8752
8641,8750
8738,8733
8787,8746
8591,8749
8872,8747
8584,8754
8617,8772
8689,8751
8562,8757
8751,8771
8733,8750
8720,8768
8779,8768
8663,8754
8718,8764
8591,8763
8686,8761
8786,8756
8703,8753
8738,8759
8638,8762
8745,8754
8618,8759
8636,8752
8693,8763
8607,8756
8746,8758
8743,8757
8669,8760
8727,8751
8623,8759
8632,8756
8682,8753
8590,8757
8791,8761
8589,8752
8745,8757
8775,8761
8622,8753
8743,8758
8693,8754
8643,8759
8716,8758
8675,8756
8768,8760
8721,8761
8801,8768
8743,8759
8587,8754
8676,8753
8450,8763
8696,8748
8837,8766
8579,8758
8799,8748
8687,8761
8770,8751
8741,8754
8551,8770
8676,8763
8625,8758
8675,8759
8767,8755
8793,8756
8785,8741
8633,8756
8689,8762
8670,8767
8653,8741
8785,8758
8571,8756
8804,8755
8797,8780
8606,8768
8797,8748
8626,8759
8682,8759
8593,8747
8673,8755
8788,8750
8608,8755
8763,8761
8723,8753
8614,8770
8727,8762
8552,8746
8757,8757
8815,8760
8641,8751
8762,8753
8685,8751
8847,8753
8629,8751
8522,8776
8757,8752
8580,8751
8756,8756
8763,8753
8728,8770
8818,8756
8651,8763
8593,8750
8742,8754
8632,8763
8765,8756
8614,8763
8765,8769
8743,8755
8632,8761
8739,8749
8592,8763
8777,8764
8562,8749
8733,8758
8760,8753
8550,8755
8787,8761
8710,8762
8591,8761
8698,8765
8543,8752
8719,8758
8831,8759
8678,8758
8834,8748
8719,8751
8802,8762
8621,8750
8537,8752
8712,8765
8582,8755
8754,8758
8737,8759
8719,8752
8811,8769
8617,8746
8640,8757
8622,8763
8722,8765
8785,8752
8601,8754
8780,8746
8705,8748
8607,8757
8693,8763
8525,8746
8659,8755
8586,8760
8643,8756
8740,8755
8679,8755
8784,8763
8661,8761
8653,8751
8710,8758
8613,8774
8816,8749
8739,8780
8731,8766
8758,8754
8538,8757
8875,8765
8648,8757
8583,8757
8824,8754
8564,8755
8732,8761
8752,8751
8780,8778
8822,8753
8607,8759
8714,8753
8640,8753
8699,8762
8750,8759
8631,8758
8726,8756
8758,8755
8685,8750
8641,8759
8558,8755
8765,8755
8636,8755
8619,8756
8792,8770
8668,8738
8762,8761
8679,8756
8662,8754
8698,8750
8628,8752
8708,8754
8662,8754
8722,8751
8750,8759
8596,8753
8678,8761
8614,8748
8683,8766
8820,8752
8608,8745
8795,8759
8709,8753
8532,8759
8741,8760
8513,8756
8661,8761
8609,8752
8675,8752
8766,8762
8725,8757
8778,8759
8770,8755
8653,8758
8734,8758
8613,8766
8738,8759
8759,8750
8679,8764
8708,8762
8627,8754
8735,8751
8637,8760
8638,8766
8780,8770
8657,8752
8696,8755
8705,8764
8799,8765
8756,8757
8569,8755
8690,8756
8631,8759
8675,8763
8719,8760
8663,8749
8718,8752
8639,8740
8590,8761
8594,8762
8458,8747
8606,8748
8502,8740
8646,8744
8673,8724
8327,8721
8628,8714
8366,8701
8336,8692
8430,8689
8415,8689
8537,8679
8268,8669
8580,8670
8445,8657
8402,8653
8414,8632
8364,8630
8287,8630
8345,8616
8277,8596
8334,8595
8250,8597
8327,8573
8313,8572
8344,8563
8246,8546
8331,8556
8300,8538
8252,8542
8423,8530
8179,8513
8270,8510
8277,8495
8252,8495
8261,8484
8224,8481
8287,8467
8311,8462
8366,8467
8337,8449
8249,8422
8313,8435
8287,8422
8231,8419
8265,8409
8261,8397
8236,8394
8302,8385
8306,8370
8255,8365
8180,8364
8304,8351
8188,8354
8364,8339
8369,8323
8355,8322
8014,8306
8078,8300
8191,8289
8120,8280
8055,8275
8142,8283
8186,8275
8086,8261
8038,8254
8119,8230
8137,8222
8118,8230
8056,8225
7991,8222
8045,8197
8130,8191
8113,8186
8106,8170
8000,8152
8027,8151
8032,8169
8177,8175
8165,8131
8028,8118
8031,8111
7984,8115
7981,8109
7978,8094
8033,8096
8055,8092
8085,8072
8048,8048
8061,8061
8069,8057
8024,8062
7970,8016
7976,8009
7981,8020
7890,8007
7915,7993
7907,7990
7964,7989
8043,7990
7941,7972
8016,7961
7989,7967
8022,7943
8028,7956
8100,7958
8094,7967
8080,7934
8101,7955
8081,7961
8112,7953
8121,7948
8128,7962
8120,7943
8144,7971
8168,7951
8175,7964
8172,7953
8152,7969
8144,7958
8149,7977
8136,7960
8172,7953
8205,7954
8148,7951
8157,7969
8174,7965
8157,7949
8166,7954
8153,7960
8162,7965
8164,7956
8177,7962
8172,7947
8157,7964
8148,7966
8142,7955
8159,7956
8154,7974
8154,7950
8150,7940
8152,7944
8135,7938
8139,7955
8143,7935
8137,7969
8111,7933
8148,7965
8117,7947
8012,7940
7969,7948
7860,7958
7662,7939
7654,7939
7627,7934
7482,7909
7509,7922
7414,7919
7403,7905
7461,7896
7428,7901
7422,7889
7430,7871
7422,7863
7424,7852
7444,7862
7479,7828
7495,7838
7460,7812
7394,7825
7341,7801
7402,7805
7321,7781
7276,7792
7385,7766
7368,7772
7404,7755
7387,7747
7283,7741
7315,7747
7314,7727
7355,7724
7425,7711
7351,7729
7324,7697
7328,7683
7342,7682
7414,7668
7400,7671
7257,7661
7261,7638
7330,7650
7394,7627
7242,7620
7195,7607
7366,7617
7351,7603
7180,7598
7166,7591
7271,7576
7199,7573
7082,7562
7253,7554
7207,7555
7124,7538
7166,7531
7245,7524
7187,7514
7145,7503
7205,7492
7131,7496
7164,7482
7200,7463
7164,7472
7163,7454
7171,7442
7053,7444
7147,7433
7128,7429
7188,7425
7153,7401
6989,7399
7295,7395
7201,7397
7093,7381
7190,7380
7076,7353
7219,7352
7013,7348
7197,7347
7138,7342
7123,7318
6987,7307
7120,7298
6993,7288
7078,7277
6956,7286
7019,7282
7021,7275
7017,7256
6952,7249
7024,7251
7052,7227
6994,7225
6989,7210
6976,7217
6935,7205
6924,7189
6954,7186
6962,7193
7021,7166
7087,7160
7069,7178
6960,7167
7007,7162
7116,7163
7107,7167
7258,7155
7104,7145
7261,7159
7214,7163
7049,7165
7245,7151
7154,7159
7278,7167
7072,7153
7193,7171
7259,7158
7147,7153
7318,7156
7197,7153
7052,7155
7291,7151
7099,7142
7276,7159
7392,7156
7236,7152
7396,7150
7210,7157
7321,7147
7294,7153
7185,7162
7302,7152
7214,7161
7323,7155
7276,7169
7301,7161
7297,7148
7155,7153
7169,7163
7222,7152
7213,7138
7322,7150
7165,7158
7318,7163
7160,7155
7082,7161
7100,7155
7121,7153
7217,7146
7136,7164
7155,7158
7254,7153
7106,7161
7291,7141
7121,7152
7073,7159
7137,7148
7088,7143
7299,7152
7302,7140
7234,7153
7353,7154
7137,7149
7335,7154
7179,7154
7108,7167
7303,7159
7097,7158
7309,7156
7249,7157
7289,7163
7245,7144
7143,7139
7254,7158
7110,7149
7173,7156
7325,7151
7222,7151
7286,7162
7195,7152
7140,7159
7245,7156
7145,7166
7224,7149
7293,7143
7190,7150
7333,7157
7117,7153
7320,7155
7248,7167
7155,7151
7259,7148
7223,7151
7268,7164
7267,7159
7290,7153
7303,7165
7141,7142
7275,7152
7191,7137
7242,7165
7352,7157
7161,7155
7376,7157
7159,7150
7037,7163
7120,7155
7053,7153
7205,7153
7132,7155
7164,7158
7245,7166
7238,7152
7145,7154
7189,7150
7158,7156
7200,7142
7140,7154
7297,7162
7255,7165
7261,7160
7264,7154
7065,7158
7390,7154
7108,7144
7167,7151
7316,7153
7140,7157
7305,7160
7163,7155
7305,7167
7252,7159
7141,7159
7299,7157
7066,7153
7239,7158
7345,7151
7167,7159
7344,7151
7245,7164
7208,7145
7167,7144
7171,7152
7309,7147
7170,7150
7166,7151
7339,7147
7100,7162
7330,7156
7197,7151
7094,7160
7286,7156
7134,7146
7182,7160
7296,7154
7171,7159
7234,7155
7175,7156
7252,7159
7125,7146
7179,7156
7304,7158
7200,7150
7362,7158
7149,7152
7302,7157
7162,7162
7137,7152
7244,7155
7167,7158
7087,7167
7268,7158
7134,7149
7190,7150
7199,7159
7173,7154
7199,7149
7118,7151
7256,7166
7084,7159
7211,7142
7150,7156
7137,7148
7362,7166
7100,7147
7075,7165
7196,7143
7136,7148
7293,7154
7180,7156
7331,7156
7342,7138
7087,7167
7238,7153
7085,7161
7250,7163
7331,7162
7158,7162
7303,7151
7216,7162
7223,7152
7187,7155
7253,7154
7268,7144
7180,7151
7239,7155
7279,7153
7293,7154
7293,7151
7110,7148
7174,7151
7203,7158
7129,7159
7246,7160
7068,7150
7265,7145
7270,7150
7152,7163
7326,7166
7118,7155
7182,7158
7196,7156
7200,7159
7363,7149
7104,7165
7303,7148
7185,7154
7130,7155
7268,7140
7137,7159
7158,7158
7259,7152
7195,7156
7289,7155
7231,7154
7248,7165
7235,7153
7228,7156
7220,7154
7159,7156
7220,7160
7213,7165
7224,7159
7280,7149
7126,7156
7132,7153
7174,7157
7179,7160
7378,7155
7119,7160
7300,7156
7266,7164
7017,7167
7284,7160
7040,7144
7177,7157
7076,7159
7187,7157
7311,7158
7186,7143
7215,7158
7239,7149
7209,7162
7151,7148
7223,7145
7192,7155
7309,7154
7237,7155
7339,7147
7195,7157
7372,7158
7214,7145
7076,7147
7242,7146
7063,7154
7210,7157
7309,7149
7207,7154
7354,7155
7186,7155
7145,7158
7246,7152
7157,7153
7292,7156
7172,7162
7235,7165
7152,7155
7096,7154
7266,7158
7156,7158
7214,7164
7186,7147
7283,7154
7257,7155
7135,7167
7303,7155
7222,7157
7145,7150
7241,7160
7084,7162
7250,7158
7375,7158
7174,7161
7289,7157
7141,7150
7179,7145
7146,7161
7103,7152
7351,7146
7047,7159
7303,7156
7237,7157
7080,7157
7289,7160
6962,7149
7141,7163
7150,7152
7192,7153
7285,7168
7235,7151
7245,7126
7250,7155
7225,7152
7258,7159
7219,7151
7178,7154
7235,7159
7306,7155
7299,7148
7185,7154
7256,7152
7257,7153
7200,7141
7341,7156
7115,7158
7276,7160
7310,7153
7298,7148
7301,7154
7194,7156
7239,7157
7164,7162
7164,7154
7326,7168
7180,7161
7269,7169
7164,7161
7095,7156
7256,7149
7137,7148
7163,7158
7251,7141
7288,7161
7298,7152
7169,7150
7218,7156
7227,7157
7192,7161
7257,7164
7079,7159
7228,7161
7398,7148
7182,7159
7321,7154
7220,7150
7226,7149
7204,7168
7169,7156
7284,7159
7175,7153
7288,7169
7239,7145
7356,7148
7306,7136
7104,7158
7210,7157
7036,7148
7142,7155
7306,7165
7093,7157
7265,7149
7179,7154
7161,7163
7258,7156
7183,7160
7155,7153
7211,7146
7197,7151
7346,7159
7220,7143
7273,7157
7336,7161
7165,7148
7261,7165
7184,7165
7178,7157
7335,7143
7193,7151
7322,7155
7213,7162
7310,7157
7164,7145
7224,7167
7478,7163
7231,7161
7404,7164
7307,7168
7491,7169
7391,7160
7357,7175
7433,7197
7379,7194
7483,7192
7471,7214
7504,7225
7500,7228
7447,7241
7600,7245
7512,7258
7571,7257
7485,7266
7539,7276
7526,7280
7603,7290
7552,7283
7619,7323
7566,7311
7608,7323
7551,7343
7609,7351
7601,7364
7636,7352
7610,7356
7658,7373
7592,7379
7515,7390
7712,7395
7646,7402
7702,7401
7638,7412
7588,7436
7679,7420
7680,7444
7656,7456
7684,7458
7696,7463
7703,7472
7701,7481
7697,7486
7764,7497
7731,7509
7685,7513
7813,7512
7764,7527
7737,7539
7879,7542
7636,7563
7660,7559
7704,7582
7666,7577
7673,7585
7756,7594
7763,7595
7821,7611
7739,7607
7779,7623
7803,7663
7776,7662
7775,7642
7834,7656
7844,7672
7860,7664
7728,7688
7851,7680
7840,7702
7886,7704
7888,7707
7802,7719
7813,7734
7851,7739
7959,7730
7907,7730
7927,7758
7812,7784
7847,7778
7846,7759
7937,7800
7909,7801
7950,7811
7939,7825
7866,7833
7916,7834
7873,7853
7897,7845
7919,7854
7949,7870
7938,7839
8033,7882
8012,7894
8040,7885
8064,7910
8075,7892
8077,7923
8020,7924
7956,7915
7975,7933
7967,7953
7962,7958
7886,7919
7894,7963
7860,7946
7869,7947
7868,7946
7876,7968
7888,7957
7847,7964
7857,7957
7854,7971
7818,7955
7827,7932
7833,7949
7846,7942
7803,7958
7809,7951
7812,7979
7802,7949
7825,7951
7793,7956
7813,7939
7784,7959
7799,7967
7817,7971
7809,7959
7781,7933
7795,7959
7787,7968
7792,7948
7787,7983
7769,7941
7801,7957
7780,7952
7802,7933
7769,7948
7795,7946
7784,7962
7783,7977
7774,7965
7786,7947
7804,7955
7797,7952
7849,7956
7833,7940
7838,7946
7849,7958
7969,7943
8008,7957
8112,7952
8200,7971
8294,7992
8316,7978
8418,7989
8412,7988
8442,7996
8466,8017
8502,8023
8516,8021
8504,8069
8491,8046
8453,8036
8469,8064
8454,8063
8389,8071
8409,8079
8399,8094
8467,8105
8523,8109
8542,8099
8545,8121
8564,8123
8476,8156
8437,8151
8434,8154
8649,8148
8574,8175
8637,8177
8560,8184
8534,8188
8532,8199
8621,8207
8640,8209
8649,8226
8630,8231
8581,8246
8635,8243
8686,8238
8659,8264
8532,8251
8568,8282
8665,8280
8660,8297
8627,8301
8623,8322
8732,8317
8656,8318
8536,8339
8607,8341
8731,8344
8741,8362
8663,8361
8763,8373
8765,8384
8604,8386
8745,8404
8664,8404
8642,8412
8691,8427
8745,8429
8652,8450
8701,8445
8679,8455
8778,8463
8755,8479
8721,8480
8768,8487
8666,8491
8746,8508
8904,8503
8654,8510
8779,8534
8813,8530
8823,8542
8757,8552
8738,8557
8873,8581
8798,8579
8856,8575
8768,8583
8872,8599
8801,8600
8884,8613
8847,8620
8926,8627
8835,8645
8899,8660
8851,8650
8901,8658
8932,8676
8953,8665
8762,8690
9009,8687
8844,8710
8930,8714
9007,8714
8850,8729
8930,8735
8810,8742
8848,8741
8680,8742
8724,8747
8903,8753
8676,8758
8777,8751
8704,8755
8790,8747
8727,8754
8563,8750
8705,8752
8641,8759
8687,8760
8746,8764
8693,8751
8660,8767
8610,8758
8617,8765
8586,8760
8618,8760
8745,8746
8594,8759
8718,8754
8747,8761
8623,8757
8757,8760
8719,8759
8678,8761
8689,8740
8618,8753
8766,8759
8615,8763
8775,8740
8606,8765
8561,8759
8593,8746
8568,8753
8720,8750
8723,8760
8650,8752
8800,8762
8630,8759
8622,8746
8691,8758
8582,8762
8783,8760
8620,8753
8728,8759
8756,8749
8621,8753
8779,8755
8738,8752
8624,8769
8666,8762
8751,8765
8748,8755
8679,8772
8801,8759
8770,8749
8591,8757
8718,8753
8581,8758
8766,8757
8763,8747
8697,8753
8755,8760
8669,8758
8764,8762
8649,8762
8540,8757
8700,8751
8591,8753
8733,8761
8696,8759
8695,8752
8761,8749
8690,8757
8665,8780
8585,8765
8672,8749
8800,8762
8611,8759
8731,8756
8709,8752
8531,8751
8736,8759
8548,8759
8628,8756
8635,8762
8580,8750
8768,8760
8670,8758
8811,8753
8680,8756
8573,8752
8737,8757
8674,8754
8719,8755
8744,8752
8656,8755
8754,8762
8661,8750
8796,8761
8624,8754
8558,8760
8805,8754
8562,8764
8741,8760
8774,8753
8753,8765
8867,8760
8587,8752
8575,8752
8671,8755
8623,8761
8762,8772
8655,8755
8786,8756
8681,8765
8559,8750
8723,8753
8556,8753
8748,8760
8593,8767
8652,8757
8787,8754
8641,8762
8848,8768
8678,8746
8547,8759
8754,8757
8589,8765
8752,8759
8784,8753
8603,8756
8809,8750
8747,8749
8696,8758
8679,8771
8682,8759
8732,8759
8656,8764
8724,8762
8720,8754
8737,8761
8735,8766
8674,8757
8661,8749
8737,8746
8670,8759
8770,8754
8700,8752
8845,8744
8650,8757
8600,8765
8727,8758
8674,8763
8661,8754
8669,8754
8683,8754
8789,8753
8616,8759
8816,8761
8646,8747
8595,8769
8671,8760
8584,8746
8801,8770
8824,8767
8738,8763
8779,8749
8617,8753
8805,8757
8650,8759
8603,8763
8735,8755
8651,8755
8661,8760
8720,8758
8708,8765
8745,8757
8563,8734
8677,8762
8623,8759
8635,8756
8702,8750
8726,8754
8761,8762
8640,8759
8579,8762
8689,8749
8571,8758
8737,8747
8554,8751
8675,8758
8844,8762
8703,8753
8778,8752
8671,8754
8631,8759
8670,8763
8638,8749
8723,8753
8698,8756
8717,8759
8712,8759
8677,8763
8721,8749
8610,8750
8691,8759
8804,8751
8640,8771
8814,8753
8634,8754
8787,8761
8697,8750
8537,8753
8647,8761
8592,8758
8658,8760
8794,8747
8604,8756
8815,8746
8700,8756
8621,8746
8697,8759
8621,8750
8873,8759
8761,8756
8725,8758
8813,8757
8619,8747
8831,8746
8630,8758
8639,8748
8832,8753
8597,8751
8765,8751
8762,8763
8731,8765
8756,8746
8591,8757
8735,8756
8597,8758
8691,8756
8746,8751
8692,8762
8789,8761
8646,8745
8571,8765
8693,8752
8516,8755
8703,8764
8587,8765
8718,8758
8829,8759
8641,8764
8821,8745
8674,8763
8632,8749
8669,8757
8627,8747
8744,8755
8724,8752
8697,8761
8730,8747
8667,8753
8739,8752
8606,8752
8677,8765
8811,8751
8608,8763
8776,8761
8660,8760
8826,8768
8676,8749
8580,8761
8739,8748
8584,8761
8676,8760
8811,8749
8647,8748
8806,8757
8659,8752
8583,8754
8730,8750
8665,8764
8772,8757
8664,8755
8799,8756
8808,8753
8600,8755
8815,8761
8587,8763
8589,8768
8681,8756
8561,8749
8755,8772
8788,8771
8772,8751
8756,8766
8650,8751
8757,8759
8632,8756
8658,8768
8756,8756
8670,8765
8749,8764
8649,8755
8731,8765
8694,8752
8574,8765
8698,8752
8614,8756
8706,8766
8813,8757
8765,8758
8875,8757
8675,8757
8681,8769
8701,8738
8608,8762
8777,8758
8569,8759
8683,8762
8805,8759
8648,8747
8802,8756
8593,8747
8628,8747
8712,8755
8553,8744
8812,8746
8710,8751
8773,8770
8707,8758
8634,8739
8725,8762
8601,8755
8730,8755
8842,8755
8659,8766
8834,8759
8658,8754
8750,8764
8750,8764
8624,8760
8694,8758
8656,8755
8717,8753
8749,8755
8780,8746
8736,8758
8643,8754
8703,8765
8654,8753
8713,8756
8765,8763
8545,8757
8802,8755
8736,8752
8528,8765
8742,8770
8532,8751
8640,8765
8555,8768
8607,8749
8845,8752
8622,8765
8793,8761
8709,8759
8556,8757
8845,8759
8575,8755
8597,8768
8812,8753
8701,8771
8834,8770
8657,8763
8808,8759
8702,8754
8649,8752
8741,8752
8602,8760
8695,8753
8772,8757
8717,8763
8813,8752
8658,8754
8659,8754
8636,8761
8661,8755
8783,8761
8587,8757
8749,8764
8713,8749
8630,8762
8691,8759
8580,8756
8679,8761
8582,8752
8706,8761
8746,8774
8544,8742
8711,8746
8571,8744
8512,8748
8500,8744
8327,8732
8609,8729
8573,8709
8523,8726
8564,8713
8296,8699
8486,8693
8262,8678
8462,8684
8529,8668
8315,8657
8335,8653
8379,8645
8333,8645
8353,8621
8333,8618
8272,8622
8293,8604
8294,8600
8254,8591
8346,8574
8265,8578
8340,8573
8313,8554
8278,8536
8254,8540
8366,8538
8276,8528
8156,8495
8270,8505
8216,8510
8316,8481
8235,8485
8311,8468
8257,8478
8297,8459
8320,8461
8243,8448
8211,8436
8354,8437
8278,8423
8243,8411
8274,8401
8235,8396
8301,8395
8274,8404
8233,8370
8141,8371
8269,8356
8117,8345
8158,8345
8380,8345
8439,8320
8224,8321
8024,8302
8240,8300
8135,8294
8038,8287
8079,8276
8157,8273
8191,8268
8065,8273
8085,8249
8097,8230
8174,8226
8079,8227
8011,8208
8021,8214
8093,8204
8156,8176
8098,8201
8020,8164
7952,8171
8027,8146
8109,8163
8174,8138
8041,8131
8020,8138
7989,8116
7991,8103
7995,8098
8018,8099
8038,8097
8088,8075
8088,8082
8061,8063
8056,8053
8031,8051
8012,8031
7945,8023
7923,8020
7936,7998
7920,8006
7939,7980
7882,7992
7886,7984
7968,7978
8041,7961
8058,7966
8034,7947
8016,7938
8074,7968
8081,7964
8085,7937
8097,7938
8076,7975
8141,7975
8153,7956
8079,7974
8156,7951
8124,7958
8184,7963
8169,7944
8127,7959
8156,7957
8136,7969
8160,7944
8159,7964
8154,7955
8149,7941
8158,7945
8167,7948
8162,7967
8141,7962
8163,7945
8161,7962
8151,7956
8169,7979
8160,7953
8163,7959
8158,7951
8163,7963
8159,7929
8186,7949
8150,7956
8156,7952
8173,7965
8111,7957
8156,7961
8151,7952
8144,7937
8147,7941
8164,7957
8120,7953
8144,7969
8095,7972
7947,7969
7917,7958
7777,7938
7668,7931
7626,7938
7587,7928
7464,7927
7421,7906
7510,7919
7486,7896
7403,7905
7434,7889
7405,7882
7396,7872
7430,7846
7476,7856
7474,7842
7459,7831
7477,7814
7453,7829
7394,7814
7349,7803
7339,7802
7361,7801
7385,7786
7424,7769
7384,7764
7401,7772
7285,7745
7341,7746
7319,7734
7354,7726
7379,7713
7391,7710
7351,7699
7341,7703
7281,7685
7385,7681
7404,7683
7332,7667
7268,7656
7313,7635
7357,7640
7328,7636
7270,7625
7324,7620
7256,7616
7472,7594
7086,7601
7300,7568
7275,7574
7120,7575
7254,7565
7293,7545
7258,7542
7115,7537
7232,7525
7218,7521
7143,7496
7223,7502
7238,7509
7100,7479
7190,7478
7175,7465
7137,7466
7196,7442
7134,7441
7089,7450
7214,7434
7148,7429
7149,7424
7176,7397
7097,7407
7198,7381
7068,7367
7166,7372
7032,7377
7218,7345
7216,7348
7060,7345
7153,7340
7116,7324
7185,7309
7041,7316
7032,7309
6977,7279
7113,7293
7041,7282
7021,7266
6987,7279
7061,7259
6995,7236
7078,7236
7023,7235
7059,7226
6974,7225
6923,7214
7030,7191
6903,7192
7001,7180
7018,7184
7100,7172
7044,7164
7163,7151
7138,7159
7072,7161
7221,7166
7088,7151
7083,7158
7279,7153
7148,7170
7318,7154
7154,7152
7313,7158
7207,7150
7072,7146
7243,7157
7040,7144
7276,7155
7309,7155
7186,7170
7306,7160
7257,7151
7157,7153
7331,7160
7131,7159
7308,7152
7145,7148
7258,7159
7300,7149
7202,7154
7358,7153
7183,7151
7200,7166
7204,7157
7201,7153
7301,7157
7313,7156
7254,7143
7333,7153
7188,7163
7271,7148
7152,7156
7233,7161
7303,7153
7257,7157
7228,7162
7142,7161
7213,7152
7190,7164
7145,7158
7238,7151
7173,7161
7263,7169
7325,7145
7154,7166
7318,7158
7109,7158
7117,7158
7157,7154
7059,7148
7268,7151
7084,7157
7228,7153
7236,7158
7102,7162
7287,7156
7093,7152
7194,7157
7207,7154
7216,7157
7407,7175
7153,7160
7338,7160
7227,7151
7087,7158
7206,7157
7046,7157
7228,7160
7257,7163
7171,7159
7255,7152
7304,7161
7266,7147
7327,7154
7206,7157
7208,7152
7196,7148
7310,7153
7309,7163
7244,7166
7275,7134
7193,7153
7219,7155
7144,7154
7190,7155
7366,7164
7149,7157
7313,7152
7274,7151
7150,7160
7316,7160
7091,7162
7217,7147
7166,7139
7167,7151
7226,7150
7106,7155
7290,7144
7228,7139
7166,7154
7226,7160
7195,7147
7272,7157
7229,7151
7222,7154
7228,7144
7192,7161
7350,7165
7146,7151
7073,7161
7270,7159
7114,7161
7210,7153
7298,7153
7199,7152
7224,7159
7166,7144
7218,7150
7173,7153
7224,7162
7351,7155
7130,7151
7359,7158
7199,7145
7062,7161
7212,7144
7045,7160
7228,7150
7134,7160
7179,7148
7272,7167
7139,7168
7324,7161
7299,7150
7159,7150
7268,7158
7071,7153
7300,7149
7332,7152
7225,7151
7291,7164
7234,7157
7287,7153
7194,7148
7133,7153
7261,7154
7088,7139
7247,7166
7214,7148
7244,7151
7242,7168
7090,7173
7225,7152
7102,7160
7197,7150
7265,7147
7100,7150
7238,7154
7198,7148
7145,7143
7219,7157
7185,7150
7165,7145
7139,7156
7207,7161
7157,7150
7112,7164
7325,7155
7097,7149
7145,7158
7276,7146
7106,7153
7231,7149
7340,7167
7186,7159
7296,7150
7198,7153
7178,7160
7249,7156
7179,7166
7316,7146
7125,7174
7264,7158
7195,7150
7144,7155
7183,7147
7079,7157
7195,7156
7097,7148
7169,7151
7251,7146
7156,7158
7259,7153
7240,7144
7189,7152
7214,7154
7138,7162
7306,7162
7263,7164
7258,7148
7269,7168
7186,7155
7321,7151
7229,7168
7116,7157
7258,7154
7127,7143
7271,7157
7244,7154
7272,7147
7345,7159
7134,7160
7304,7150
7100,7150
7272,7153
7301,7159
7136,7154
7235,7151
7192,7157
7144,7153
7278,7155
7105,7155
7115,7171
7310,7154
7182,7152
7222,7147
7166,7134
7296,7155
7209,7162
7184,7157
7179,7153
7220,7162
7306,7154
7280,7162
7255,7152
7267,7155
7182,7153
7289,7146
7131,7153
7132,7149
7286,7153
7122,7150
7355,7163
7199,7154
7298,7167
7196,7162
7045,7153
7241,7162
7033,7157
7217,7160
7255,7159
7150,7144
7270,7157
7226,7161
7222,7159
7219,7167
7127,7158
7231,7151
7182,7147
7224,7154
7303,7161
7207,7162
7343,7157
7286,7156
7142,7163
7283,7156
7116,7161
7246,7152
7236,7150
7282,7169
7368,7147
7165,7156
7278,7163
7136,7146
7242,7160
7277,7154
7151,7168
7206,7150
7199,7154
7331,7155
7222,7161
7113,7155
7235,7155
7178,7153
7211,7157
7225,7146
7168,7163
7336,7160
7212,7153
7083,7158
7285,7161
7141,7154
7202,7155
7130,7155
7253,7157
7290,7158
7128,7158
7364,7162
7241,7159
7081,7158
7255,7144
7067,7157
7342,7158
7299,7163
7315,7145
7271,7157
7122,7154
7189,7156
7114,7155
7193,7154
7239,7153
7155,7141
7155,7154
7199,7160
7249,7130
7220,7156
7171,7154
7296,7161
7200,7156
7219,7155
7332,7155
7210,7155
7379,7162
7193,7156
7102,7157
7224,7154
7101,7166
7297,7146
7076,7136
7177,7149
7266,7135
7132,7155
7333,7156
7150,7152
7253,7161
7159,7153
7140,7158
7331,7159
7201,7152
7339,7154
7243,7136
7170,7154
7315,7166
7195,7143
7312,7151
7195,7155
7167,7156
7336,7155
7230,7154
7084,7154
7275,7146
7093,7148
7176,7167
7151,7145
7238,7155
7251,7157
7145,7154
7321,7157
7163,7151
7170,7164
7187,7146
7124,7157
7382,7162
7236,7149
7407,7164
7144,7157
7102,7159
7194,7149
7116,7145
7239,7164
7307,7149
7151,7158
7196,7157
7255,7165
7267,7155
7219,7164
7154,7158
7218,7151
7167,7155
7228,7153
7310,7147
7171,7166
7325,7155
7181,7153
7165,7153
7225,7161
7126,7156
7216,7169
7159,7152
7280,7128
7304,7153
7162,7155
7303,7150
7157,7162
7351,7162
7169,7167
7360,7165
7467,7170
7316,7169
7504,7179
7468,7187
7404,7196
7414,7202
7516,7214
7523,7220
7507,7220
7527,7230
7491,7250
7528,7241
7478,7259
7576,7261
7495,7273
7529,7286
7561,7285
7580,7302
7608,7299
7622,7309
7537,7316
7596,7327
7634,7325
7604,7339
7631,7339
7658,7369
7574,7375
7629,7380
7548,7372
7713,7384
7713,7403
7612,7399
7641,7415
7571,7433
7618,7417
7643,7431
7712,7441
7677,7449
7640,7446
7729,7468
7778,7479
7622,7482
7672,7504
7686,7483
7662,7517
7791,7520
7710,7536
7643,7542
7676,7539
7686,7542
7711,7553
7671,7571
7803,7561
7661,7580
7689,7585
7854,7574
7810,7603
7683,7613
7752,7607
7902,7630
7807,7641
7761,7644
7766,7640
7865,7655
7819,7671
7875,7686
7742,7690
7886,7698
7870,7698
7891,7713
7837,7725
7823,7724
7882,7737
7909,7734
7926,7741
7972,7745
7843,7763
7791,7773
7854,7769
7869,7773
7926,7792
7978,7807
7955,7795
7924,7813
7874,7846
7895,7833
7874,7848
7868,7852
7971,7865
7991,7882
8010,7863
7992,7894
7991,7906
8047,7893
8010,7909
8089,7922
8065,7929
8017,7936
8031,7922
7971,7928
7884,7918
7930,7949
7913,7934
7924,7955
7857,7928
7862,7945
7838,7959
7845,7938
7833,7961
7838,7956
7853,7937
7825,7938
7813,7958
7814,7972
7803,7962
7828,7943
7798,7965
7840,7954
7832,7971
7783,7951
7802,7973
7798,7954
7810,7962
7807,7954
7787,7979
7798,7945
7783,7963
7787,7935
7780,7951
7797,7964
7796,7946
7795,7957
7790,7956
7772,7969
7779,7945
7803,7957
7769,7967
7789,7968
7777,7988
7785,7943
7773,7947
7799,7947
7808,7944
7804,7971
7819,7962
7813,7952
7825,7943
7914,7953
7991,7952
8050,7935
8171,7963
8283,7960
8305,7981
8374,7986
8387,7990
8440,7998
8457,8014
8493,8007
8484,8015
8469,8031
8464,8044
8491,8045
8477,8041
8452,8063
8446,8069
8413,8083
8427,8083
8474,8092
8490,8107
8533,8106
8575,8119
8549,8121
8494,8115
8409,8147
8401,8147
8429,8152
8617,8157
8658,8162
8627,8182
8546,8186
8578,8197
8549,8192
8696,8214
8663,8217
8658,8220
8580,8234
8624,8243
8665,8256
8703,8246
8637,8275
8574,8273
8616,8274
8717,8298
8653,8278
8590,8301
8623,8314
8668,8311
8547,8327
8503,8340
8679,8353
8763,8356
8609,8369
8654,8369
8723,8370
8610,8391
8710,8405
8793,8396
8659,8416
8642,8423
8773,8422
8629,8440
8654,8443
8731,8453
8625,8466
8814,8453
8732,8478
8726,8475
8765,8485
8783,8497
8710,8500
8785,8512
8721,8519
8879,8522
8753,8536
8838,8551
8672,8555
8789,8563
8808,8565
8780,8579
8814,8595
8755,8592
8849,8604
8847,8615
8941,8626
8879,8637
8867,8642
8901,8641
8937,8650
8862,8656
8902,8672
8879,8668
8957,8681
8944,8685
8856,8699
8997,8706
8899,8718
8948,8720
8834,8724
8808,8736
8843,8736
8703,8745
8830,8746
8593,8741
8737,8755
8604,8745
8770,8755
8874,8767
8712,8749
8810,8758
8730,8746
8621,8764
8781,8748
8565,8748
8742,8750
8686,8761
8760,8763
8796,8758
8551,8761
8772,8747
8602,8767
8639,8764
8748,8769
8618,8746
8650,8764
8728,8758
8641,8767
8704,8756
8677,8754
8676,8748
8632,8748
8665,8758
8734,8761
8670,8758
8656,8762
8549,8759
8648,8761
8695,8753
8557,8771
8665,8753
8535,8762
8590,8756
8821,8761
8630,8759
8763,8752
8679,8756
8713,8758
8663,8753
8611,8768
8819,8757
8743,8756
8821,8768
8759,8762
8575,8757
8706,8752
8646,8754
8628,8753
8810,8769
8583,8748
8808,8742
8688,8761
8610,8760
8718,8736
8563,8766
8721,8764
8576,8746
8676,8754
8789,8755
8643,8753
8753,8761
8717,8762
8614,8745
8718,8734
8532,8776
8742,8761
8773,8775
8809,8756
8895,8748
8555,8761
8816,8755
8589,8757
8595,8765
8728,8755
8571,8757
8718,8756
8718,8751
8645,8750
8743,8760
8624,8763
8667,8759
8619,8751
8648,8757
8827,8752
8637,8752
8751,8759
8631,8758
8654,8767
8664,8761
8532,8767
8735,8761
8476,8753
8677,8764
8848,8772
8584,8769
8812,8760
8691,8752
8629,8771
8794,8755
8651,8753
8753,8751
8713,8755
8750,8758
8679,8753
8613,8757
8768,8761
8577,8739
8698,8766
8810,8764
8632,8758
8734,8763
8655,8756
8732,8758
8702,8751
8586,8756
8789,8755
8519,8762
8715,8750
8878,8752
8687,8756
8833,8755
8683,8755
8605,8762
8716,8769
8544,8758
8708,8757
8562,8752
8740,8764
8803,8758
8563,8756
8827,8763
8668,8758
8652,8755
8690,8761
8664,8759
8756,8758
8720,8755
8739,8759
8813,8754
8650,8751
8754,8756
8619,8758
8672,8752
8820,8746
8615,8762
8730,8759
8634,8759
8774,8747
8617,8755
8575,8759
8764,8760
8582,8745
8794,8762
8781,8770
8697,8757
8814,8770
8611,8744
8558,8756
8736,8757
8581,8748
8719,8765
8596,8771
8665,8758
8752,8759
8626,8761
8701,8762
8679,8753
8701,8762
8674,8774
8654,8761
8755,8750
8694,8751
8725,8765
8733,8746
8599,8761
8727,8755
8527,8752
8720,8772
8815,8750
8626,8762
8785,8763
8651,8758
8780,8754
8666,8761
8564,8763
8703,8779
8622,8752
8717,8761
8706,8751
8731,8765
8806,8744
8646,8753
8626,8753
8697,8764
8647,8757
8745,8761
8554,8758
8796,8765
8825,8755
8627,8761
8752,8747
8600,8759
8703,8755
8558,8745
8647,8755
8784,8770
8641,8752
8750,8748
8686,8759
8587,8758
8792,8769
8571,8759
8689,8753
8740,8759
8645,8779
8747,8758
8629,8751
8886,8748
8671,8754
8626,8749
8764,8746
8582,8766
8725,8752
8731,8736
8743,8765
8792,8757
8638,8761
8615,8782
8739,8762
8680,8769
8766,8755
8704,8769
8771,8764
8712,8755
8630,8762
8712,8745
8547,8760
8731,8759
8799,8765
8692,8759
8760,8758
8590,8761
8866,8755
8713,8764
8537,8754
8688,8759
8606,8746
8716,8760
8850,8755
8614,8759
8709,8764
8613,8756
8706,8764
8677,8748
8584,8762
8749,8746
8633,8751
8802,8750
8694,8761
8592,8761
8748,8748
8622,8759
8723,8755
8572,8740
8793,8764
8839,8761
8594,8763
8815,8757
8721,8754
8579,8764
8745,8754
8541,8745
8685,8751
8782,8763
8644,8753
8721,8764
8672,8759
8784,8750
8656,8755
8612,8747
8803,8758
8597,8736
8779,8759
8796,8759
8719,8754
8838,8747
8626,8759
8613,8749
8739,8754
8570,8751
8758,8769
8631,8751
8724,8759
8707,8775
8665,8759
8738,8758
8567,8755
8664,8755
8608,8746
8673,8760
8721,8751
8585,8758
8784,8765
8696,8754
8610,8757
8669,8759
8507,8749
8771,8763
8863,8745
8696,8765
8802,8752
8631,8758
8800,8760
8644,8757
8556,8758
8684,8760
8611,8748
8687,8760
8708,8758
8742,8753
8740,8757
8648,8754
8624,8754
8655,8755
8671,8760
8825,8756
8598,8756
8767,8768
8701,8756
8626,8754
8707,8760
8453,8750
8648,8758
8636,8756
8607,8764
8713,8753
8707,8754
8729,8762
8723,8759
8683,8753
8665,8756
8655,8759
8792,8757
8753,8754
8704,8767
8719,8747
8593,8752
8809,8752
8641,8750
8554,8754
8829,8760
8617,8748
8821,8752
8667,8757
8837,8764
8779,8748
8578,8761
8677,8767
8586,8757
8675,8759
8768,8739
8576,8774
8790,8752
8782,8757
8657,8753
8687,8758
8611,8764
8730,8758
8600,8753
8679,8765
8798,8765
8692,8760
8818,8765
8720,8756
8631,8765
8705,8757
8640,8750
8620,8759
8735,8749
8649,8752
8713,8758
8681,8766
8741,8765
8683,8757
8635,8750
8741,8756
8620,8762
8778,8753
8625,8753
8825,8758
8684,8749
8575,8756
8719,8763
8576,8758
8624,8759
8701,8755
8499,8742
8615,8745
8463,8726
8398,8740
8476,8730
8336,8723
8622,8716
8346,8708
8486,8706
8484,8689
8336,8679
8438,8677
8349,8666
8432,8660
8339,8641
8390,8645
8342,8638
8388,8639
8344,8623
8360,8610
8272,8620
8267,8598
8326,8581
8334,8585
8265,8580
8289,8562
8259,8568
8250,8578
8276,8552
8206,8542
8304,8525
8175,8519
8193,8510
8304,8522
8298,8489
8332,8487
8231,8479
8314,8473
8232,8459
8268,8463
8303,8451
8246,8447
8326,8428
8288,8421
8216,8412
8321,8418
8282,8399
8244,8399
8267,8387
8241,8372
8271,8364
8205,8357
8190,8352
8102,8337
8281,8334
8448,8318
8314,8305
8159,8336
8159,8299
8103,8299
8202,8290
8119,8281
8105,8282
8150,8258
8109,8264
8030,8242
8114,8233
8102,8216
8099,8227
8031,8226
8017,8208
8029,8196
8118,8188
8093,8184
8070,8177
8043,8177
8042,8137
8086,8172
8124,8163
8148,8129
7992,8115
8090,8120
8004,8115
7975,8100
7994,8093
8025,8098
8063,8079
8103,8063
8079,8048
8073,8072
8025,8057
8004,8032
7956,8044
7926,8023
7940,8006
7932,8016
7887,8005
7886,7976
7896,8009
7975,7983
7973,7971
8029,7955
8017,7965
8092,7962
8065,7977
8081,7963
8082,7961
8082,7969
8111,7965
8100,7950
8093,7961
8099,7953
8143,7947
8109,7956
8164,7959
8137,7973
8153,7966
8158,7953
8162,7961
8147,7931
8143,7951
8156,7943
8147,7948
8180,7950
8144,7970
8196,7968
8164,7951
8166,7974
8159,7947
8172,7934
8160,7951
8164,7976
8183,7952
8163,7966
8171,7942
8141,7946
8166,7966
8154,7953
8162,7954
8158,7972
8181,7939
8154,7952
8140,7955
8147,7965
8114,7950
8151,7964
8144,7947
8139,7948
8126,7974
8045,7953
7921,7943
7863,7936
7704,7943
7642,7930
7642,7915
7514,7923
7599,7937
7519,7899
7414,7898
7439,7891
7399,7899
7434,7881
7433,7872
7397,7858
7457,7856
7488,7845
7476,7826
7455,7816
7447,7826
7451,7801
7382,7803
7343,7795
7320,7787
7332,7761
7414,7775
7379,7775
7366,7778
7424,7754
7289,7749
7303,7736
7331,7736
7387,7733
7387,7717
7406,7710
7349,7697
7291,7669
7336,7675
7403,7679
7336,7666
7256,7654
7265,7665
7307,7636
7331,7646
7300,7630
7212,7615
7292,7619
7494,7603
7242,7585
7115,7590
7294,7572
7241,7563
7076,7564
7279,7550
7246,7544
7230,7538
7195,7531
7265,7524
7179,7511
7177,7506
7246,7488
7151,7496
7114,7490
7212,7478
7148,7472
7192,7452
7203,7452
7140,7452
7215,7433
7194,7427
7127,7428
7178,7411
7020,7406
7213,7399
7111,7379
7093,7384
7195,7366
7052,7359
7215,7353
7046,7342
7166,7336
7139,7328
7158,7297
7112,7309
7093,7314
6924,7311
7108,7300
6998,7284
7086,7275
6994,7254
7028,7267
7043,7259
7101,7241
7088,7231
6935,7221
6951,7227
6932,7203
6901,7200
6963,7188
6973,7190
6959,7181
7035,7163
7115,7168
7157,7150
7046,7152
7210,7164
7239,7159
7097,7149
7195,7161
7174,7161
7233,7156
7112,7166
7194,7162
7332,7157
7220,7158
7341,7153
7149,7156
7118,7159
7129,7154
7092,7160
7263,7168
7324,7158
7204,7147
7293,7144
7258,7158
7297,7157
7183,7161
7180,7166
7279,7152
7182,7158
7291,7148
7320,7164
7284,7161
7367,7151
7232,7155
7199,7156
7274,7156
7210,7155
7257,7151
7127,7147
7269,7159
7254,7162
7189,7159
7205,7151
7152,7146
7289,7179
7054,7150
7142,7152
7212,7157
7160,7162
7274,7153
7129,7147
7100,7161
7296,7149
7154,7160
7147,7159
7287,7157
7169,7169
7226,7164
7105,7150
7238,7157
7119,7142
7150,7158
7287,7148
7227,7159
7307,7156
7243,7157
7302,7149
7317,7162
7112,7156
7221,7165
7224,7153
7125,7157
7336,7152
7115,7140
7324,7157
7156,7160
7123,7158
7163,7152
7105,7149
7182,7154
7159,7149
7180,7157
7206,7153
7258,7157
7276,7151
7223,7148
7171,7159
7302,7153
7173,7157
7303,7161
7275,7143
7289,7158
7293,7148
7149,7148
7351,7155
7180,7156
7176,7164
7348,7152
7095,7146
7309,7159
7243,7146
7392,7159
7232,7164
7077,7149
7275,7147
7086,7165
7147,7171
7277,7138
7133,7157
7285,7155
7192,7154
7085,7150
7216,7154
7137,7155
7228,7150
7151,7151
7103,7152
7335,7166
7114,7159
7337,7157
7181,7148
7119,7147
7269,7154
7147,7155
7233,7150
7169,7159
7257,7162
7262,7153
7176,7148
7313,7149
7074,7162
7257,7155
7356,7155
7128,7154
7354,7161
7162,7146
7121,7151
7211,7152
7137,7149
7203,7158
7167,7155
7149,7150
7221,7159
7260,7158
7251,7158
7230,7143
7143,7155
7164,7154
7080,7160
7287,7158
7301,7150
7236,7162
7308,7157
7155,7163
7308,7156
7188,7147
7110,7144
7273,7159
7099,7154
7280,7158
7240,7145
7233,7134
7318,7149
7195,7156
7248,7161
7127,7155
7177,7155
7252,7154
7145,7154
7240,7140
7168,7159
7174,7154
7152,7155
7189,7158
7239,7142
7139,7156
7188,7159
7294,7138
7063,7158
7322,7150
7175,7152
7117,7147
7237,7150
7104,7155
7240,7157
7271,7150
7248,7168
7306,7151
7233,7158
7321,7155
7102,7137
7166,7153
7302,7156
7211,7161
7378,7162
7152,7148
7330,7159
7258,7152
7087,7166
7234,7158
7179,7155
7217,7151
7272,7150
7232,7153
7269,7151
7176,7150
7163,7147
7196,7152
7187,7153
7266,7161
7136,7158
7246,7160
7261,7156
7213,7153
7318,7152
7145,7147
7148,7160
7226,7154
7151,7158
7366,7147
7296,7155
7317,7163
7308,7142
7155,7154
7346,7160
7144,7147
7205,7151
7318,7154
7185,7172
7263,7155
7215,7155
7194,7152
7227,7160
7320,7157
7255,7150
7227,7160
7235,7156
7296,7143
7265,7151
7248,7151
7156,7142
7178,7151
7181,7157
7111,7154
7273,7158
7089,7148
7204,7154
7250,7166
7145,7167
7302,7151
7119,7150
7146,7161
7178,7157
7257,7163
7326,7157
7101,7153
7309,7162
7167,7165
7064,7156
7231,7149
7095,7139
7213,7159
7211,7153
7205,7161
7268,7174
7208,7145
7267,7154
7231,7153
7206,7152
7227,7161
7118,7153
7149,7159
7300,7140
7163,7157
7262,7147
7212,7153
7163,7154
7164,7151
7163,7149
7292,7158
7113,7150
7246,7148
7225,7139
7115,7154
7268,7150
7116,7152
7175,7151
7129,7152
7184,7158
7286,7149
7194,7150
7198,7149
7246,7139
7244,7157
7243,7151
7198,7157
7200,7157
7217,7161
7262,7152
7241,7151
7149,7152
7251,7159
7150,7158
7131,7175
7355,7160
7073,7158
7262,7159
7270,7158
7089,7151
7414,7163
7142,7142
7142,7141
7198,7156
7135,7162
7331,7161
7191,7157
7261,7150
7188,7148
7109,7154
7239,7151
7167,7153
7175,7155
7201,7142
7289,7158
7260,7164
7159,7163
7243,7164
7247,7152
7229,7157
7240,7160
7117,7152
7245,7158
7330,7157
7191,7163
7334,7149
7157,7160
7192,7155
7192,7146
7117,7150
7325,7154
7150,7147
7332,7162
7256,7146
7101,7163
7286,7160
7115,7147
7194,7156
7121,7153
7161,7154
7288,7157
7216,7151
7308,7163
7229,7164
7170,7144
7285,7157
7194,7153
7100,7155
7306,7174
7216,7157
7298,7148
7240,7150
7193,7167
7288,7155
7234,7155
7325,7155
7167,7159
7236,7160
7263,7139
7247,7155
7328,7152
7198,7159
7185,7169
7143,7150
7170,7169
7340,7160
7172,7161
7275,7155
7163,7158
7110,7140
7275,7143
7055,7154
7198,7148
7224,7161
7249,7161
7240,7151
7232,7145
7213,7159
7223,7147
7179,7158
7240,7154
7090,7151
7299,7167
7363,7153
7235,7145
7411,7159
7191,7168
7283,7163
7194,7147
7125,7159
7287,7155
7206,7146
7321,7165
7293,7152
7295,7172
7332,7155
7246,7166
7357,7167
7354,7161
7419,7174
7471,7183
7399,7187
7490,7190
7422,7205
7495,7209
7459,7210
7469,7214
7520,7241
7427,7242
7585,7241
7493,7246
7564,7267
7470,7262
7566,7280
7540,7286
7573,7268
7581,7306
7638,7308
7579,7315
7621,7331
7516,7336
7670,7336
7627,7347
7605,7345
7631,7367
7658,7371
7666,7379
7593,7397
7733,7395
7621,7409
7630,7401
7591,7417
7678,7427
7644,7425
7607,7443
7670,7457
7743,7449
7714,7468
7748,7479
7633,7484
7655,7493
7725,7505
7693,7500
7695,7511
7756,7531
7759,7527
7690,7526
7885,7547
7727,7566
7690,7560
7680,7573
7781,7576
7722,7585
7834,7594
7815,7602
7789,7601
7752,7613
7861,7620
7817,7621
7757,7652
7761,7650
7801,7657
7861,7669
7841,7656
7763,7678
7779,7690
7861,7690
7936,7697
7886,7718
7821,7731
7865,7736
7880,7728
7878,7747
7910,7762
7859,7729
7805,7762
7800,7775
7815,7783
7896,7792
7918,7799
7962,7795
7896,7814
7878,7840
7881,7828
7852,7834
7910,7844
7895,7881
7984,7842
7968,7880
7987,7884
8006,7892
8038,7886
8045,7901
8063,7908
8080,7913
8043,7925
7943,7935
7960,7909
7883,7937
7948,7949
7893,7931
7882,7947
7862,7944
7855,7943
7860,7951
7855,7955
7869,7950
7791,7951
7838,7951
7829,7952
7837,7950
7800,7937
7826,7973
7841,7950
7790,7959
7837,7963
7818,7934
7805,7956
7799,7964
7797,7934
7791,7940
7799,7955
7782,7960
7790,7945
7814,7969
7799,7962
7807,7967
7777,7955
7777,7975
7780,7963
7771,7959
7771,7941
7758,7974
7810,7946
7767,7943
7763,7957
7740,7949
7780,7959
7782,7942
7786,7935
7792,7947
7785,7975
7795,7969
7803,7961
7843,7964
7819,7971
7918,7944
8050,7963
8151,7959
8184,7960
8347,7971
8380,7971
8348,7986
8434,8002
8433,8002
8467,8021
8469,8019
8514,8034
8485,8029
8490,8034
8469,8042
8433,8059
8411,8061
8413,8061
8398,8077
8432,8092
8502,8080
8528,8098
8542,8115
8572,8115
8502,8128
8464,8150
8434,8139
8447,8147
8544,8167
8620,8177
8653,8183
8575,8175
8552,8195
8539,8197
8628,8199
8688,8209
8674,8223
8598,8230
8570,8239
8657,8254
8669,8244
8645,8263
8569,8272
8596,8281
8734,8283
8699,8290
8566,8300
8595,8317
8687,8318
8684,8315
8461,8332
8632,8350
8689,8370
8583,8357
8691,8362
8554,8368
8676,8383
8744,8385
8743,8393
8735,8414
8685,8423
8746,8413
8608,8433
8695,8447
8736,8443
8627,8459
8703,8460
8758,8467
8641,8480
8727,8491
8692,8500
8662,8505
8873,8502
8653,8514
8814,8524
8820,8540
8896,8549
8845,8554
8800,8558
8824,8559
8752,8572
8937,8582
8760,8602
8876,8596
8803,8611
8905,8617
8837,8635
8904,8631
8836,8646
8937,8651
8838,8656
8946,8653
8889,8666
8936,8678
8867,8682
9015,8705
8949,8696
8863,8706
8945,8727
8838,8741
8829,8746
8788,8727
8854,8744
8788,8758
8592,8749
8792,8749
8567,8757
8771,8744
8600,8744
8598,8751
8821,8746
8702,8753
8739,8767
8643,8743
8668,8753
8637,8761
8605,8762
8789,8755
8789,8753
8665,8767
8736,8756
8594,8761
8754,8756
8634,8756
8662,8759
8702,8758
8628,8755
8710,8764
8616,8769
8778,8758
8737,8756
8564,8741
8694,8750
8548,8750
8749,8748
8751,8759
8646,8747
8794,8746
8654,8758
8602,8758
8678,8742
8536,8759
8684,8762
8579,8755
8715,8755
8720,8762
8609,8760
8783,8755
8590,8758
8620,8770
8572,8764
8640,8754
8886,8752
8696,8752
8780,8760
8796,8752
8629,8760
8774,8752
8694,8756
8642,8766
8851,8762
8612,8757
8768,8754
8634,8761
8858,8761
8627,8749
8620,8753
8761,8755
8630,8756
8773,8759
8696,8753
8661,8754
8776,8761
8654,8752
8641,8773
8607,8756
8586,8750
8795,8768
8625,8749
8719,8767
8750,8750
8577,8761
8722,8755
8549,8756
8653,8759
8616,8751
8649,8747
8677,8762
8661,8748
8801,8754
8718,8758
8600,8763
8738,8758
8580,8755
8767,8758
8777,8772
8678,8758
8811,8740
8666,8765
8736,8761
8656,8760
8524,8756
8718,8759
8548,8753
8693,8757
8738,8754
8643,8761
8725,8748
8712,8743
8636,8748
8706,8767
8693,8767
8776,8765
8645,8754
8761,8761
8726,8751
8578,8771
8798,8756
8579,8757
8655,8758
8754,8757
8663,8754
8768,8757
8642,8762
8881,8764
8700,8757
8597,8755
8740,8756
8589,8763
8776,8758
8772,8757
8605,8759
8813,8753
8664,8753
8646,8757
8648,8758
8560,8763
8774,8752
8523,8757
8762,8767
8812,8753
8635,8751
8797,8772
8651,8745
8645,8745
8706,8753
8665,8756
8729,8757
8750,8756
8739,8758
8735,8761
8598,8755
8738,8758
8607,8765
8732,8751
8727,8757
8699,8754
8731,8755
8572,8752
8809,8766
8624,8758
8587,8763
8806,8754
8534,8753
8713,8762
8759,8759
8611,8754
8839,8760
8689,8751
8665,8762
8632,8757
8604,8754
8753,8758
8570,8750
8758,8752
8665,8750
8561,8757
8704,8763
8642,8761
8609,8763
8650,8755
8604,8759
8743,8749
8660,8749
8754,8759
8701,8759
8561,8748
8686,8752
8628,8748
8683,8762
8760,8753
8582,8773
8776,8753
8638,8766
8798,8761
8650,8755
8604,8758
8780,8755
8596,8776
8769,8770
8751,8764
8789,8759
8827,8751
8630,8769
8663,8767
8627,8758
8617,8752
8766,8752
8574,8762
8708,8755
8732,8754
8621,8754
8782,8747
8575,8763
8664,8758
8611,8767
8648,8762
8710,8750
8631,8758
8793,8764
8652,8764
8602,8751
8661,8740
8542,8763
8753,8749
8728,8761
8678,8755
8854,8764
8649,8766
8876,8759
8699,8757
8574,8757
8754,8752
8676,8757
8722,8747
8667,8762
8703,8759
8740,8765
8652,8756
8760,8748
8615,8757
8619,8762
8822,8755
8577,8758
8797,8759
8688,8751
8582,8754
8693,8759
8539,8757
8708,8763
8615,8747
8610,8768
8763,8750
8720,8747
8770,8766
8658,8756
8591,8765
8702,8751
8659,8763
8797,8766
8742,8754
8743,8753
8781,8755
8623,8750
8755,8754
8617,8752
8615,8765
8828,8756
8598,8767
8729,8755
8734,8752
8770,8761
8817,8756
8566,8766
8722,8761
8587,8750
8687,8757
8784,8763
8634,8747
8750,8757
8694,8756
8605,8760
8688,8752
8597,8757
8684,8756
8729,8762
8699,8766
8842,8746
8631,8762
8903,8758
8653,8756
8549,8785
8868,8759
8595,8755
8719,8755
8747,8768
8631,8758
8770,8751
8634,8767
8664,8764
8650,8756
8683,8762
8762,8753
8675,8754
8781,8764
8658,8752
8574,8755
8633,8751
8568,8746
8786,8759
8590,8771
8719,8751
8762,8738
8618,8769
8774,8749
8597,8760
8580,8753
8720,8767
8637,8752
8765,8754
8727,8751
8728,8755
8765,8740
8577,8758
8771,8764
8633,8750
8618,8749
8808,8759
8650,8758
8821,8764
8777,8763
8737,8759
8735,8754
8562,8762
8736,8749
8557,8747
8649,8751
8825,8756
8627,8756
8813,8767
8650,8756
8524,8764
8733,8765
8584,8759
8669,8761
8642,8757
8695,8763
8703,8756
8631,8749
8755,8749
8636,8760
8659,8755
8691,8760
8685,8761
8746,8764
8706,8748
8705,8768
8820,8748
8665,8744
8820,8762
8692,8754
8607,8763
8750,8751
8587,8759
8808,8764
8733,8750
8814,8746
8657,8755
8574,8767
8781,8766
8549,8734
8694,8756
8840,8761
8655,8750
8786,8763
8646,8756
8561,8758
8726,8755
8587,8771
8669,8757
8618,8754
8680,8758
8790,8752
8651,8756
8749,8752
8680,8745
8570,8754
8825,8771
8699,8764
8684,8758
8700,8755
8686,8768
8714,8759
8669,8759
8716,8763
8638,8747
8681,8755
8796,8754
8701,8756
8841,8756
8649,8756
8787,8769
8693,8754
8613,8754
8663,8770
8528,8755
8553,8755
8606,8733
8560,8727
8613,8746
8428,8720
8453,8724
8362,8707
8398,8709
8564,8696
8366,8686
8532,8696
8372,8678
8323,8677
8329,8664
8273,8660
8359,8647
8384,8646
8336,8627
8328,8616
8369,8617
8321,8628
8307,8609
8313,8600
8225,8579
8331,8576
8299,8568
8273,8572
8257,8534
8361,8541
8189,8529
8285,8534
8245,8516
8178,8523
8283,8506
8349,8498
8369,8480
8197,8483
8286,8488
8307,8463
8264,8460
8386,8456
8294,8437
8259,8422
8332,8421
8261,8421
8264,8409
8291,8409
8268,8391
8295,8384
8273,8374
8224,8367
8168,8364
8262,8354
8107,8350
8243,8350
8342,8352
8400,8318
8182,8314
8093,8306
8287,8296
8176,8275
8138,8283
8029,8269
8147,8253
8134,8266
8078,8261
8034,8228
8123,8236
8121,8219
8076,8221
8011,8218
8084,8196
8116,8195
8168,8185
8057,8156
7996,8156
8014,8179
7970,8147
8117,8135
8161,8145
8103,8137
8073,8120
8023,8118
7958,8111
8006,8110
8046,8085
8096,8070
8077,8069
8111,8053
8081,8061
8057,8062
8030,8047
7967,8028
7934,8042
7929,8005
7934,8005
7928,7999
7921,7994
7944,7996
7936,7960
7955,7979
7983,7963
8036,7983
8080,7961
7990,7957
8086,7948
8124,7977
8078,7958
8074,7957
8124,7973
8149,7964
8126,7961
8118,7953
8169,7947
8131,7973
8195,7972
8132,7962
8156,7970
8182,7962
8158,7965
8127,7949
8177,7963
8186,7966
8138,7911
8172,7960
8174,7944
8178,7945
8147,7969
8159,7962
8146,7963
8174,7955
8161,7948
8163,7952
8177,7946
8152,7959
8205,7964
8143,7956
8149,7956
8147,7957
8186,7948
8170,7964
8170,7941
8138,7948
8149,7970
8164,7959
8131,7964
8169,7957
8148,7950
8126,7961
8089,7959
7984,7972
7860,7941
7745,7949
7672,7950
7565,7949
7536,7941
7528,7902
7455,7914
7481,7911
7441,7904
7439,7890
7430,7880
7406,7879
7427,7860
7439,7862
7459,7842
7436,7854
7485,7835
7495,7824
7452,7820
7403,7824
7350,7810
7319,7792
7374,7791
7301,7778
7416,7775
7410,7767
7424,7751
7371,7754
7351,7743
7287,7740
7328,7723
7431,7725
7408,7714
7336,7698
7326,7694
7297,7683
7363,7683
7397,7676
7296,7663
7271,7662
7329,7647
7354,7620
7307,7634
7211,7622
7227,7609
7215,7615
7367,7601
7078,7584
7237,7592
7248,7562
7089,7578
7140,7558
7229,7548
7253,7532
7173,7530
7174,7526
7257,7512
7129,7513
7154,7499
7190,7494
7123,7494
7200,7474
7242,7460
7045,7465
7217,7455
7200,7447
7162,7449
7173,7434
7105,7439
7147,7421
7061,7410
7205,7400
7276,7368
7097,7371
7234,7372
7040,7367
7164,7339
7114,7351
7130,7335
7227,7339
7098,7333
7094,7305
7100,7313
7088,7295
7014,7295
7043,7301
6987,7283
7068,7266
6974,7241
7050,7259
6935,7250
6980,7229
6949,7239
7024,7217
6973,7214
6930,7211
7011,7194
6918,7191
7047,7190
7024,7184
7107,7168
7033,7168
7127,7172
7250,7171
6987,7158
7141,7164
7181,7167
7152,7156
7191,7148
7063,7134
7219,7169
7066,7149
7213,7153
7337,7163
7075,7156
7292,7153
7042,7158
7126,7170
7229,7171
7079,7150
7160,7153
7311,7157
7328,7164
7381,7153
7153,7158
7354,7163
7233,7155
7196,7160
7327,7154
7153,7138
7315,7163
7397,7158
7232,7154
7274,7152
7244,7163
7262,7151
7217,7154
7174,7159
7328,7162
7158,7145
7321,7153
7192,7154
7111,7164
7249,7153
7098,7151
7183,7156
7098,7148
7308,7163
7247,7149
7125,7158
7269,7160
7277,7158
7203,7157
7257,7158
7170,7153
7260,7161
7192,7155
7223,7158
7178,7153
7067,7151
7298,7153
7105,7156
7181,7152
7386,7135
7090,7150
7320,7158
7292,7154
7301,7156
7380,7161
7179,7154
7195,7152
7103,7166
7173,7148
7306,7159
7196,7161
7275,7166
7140,7149
7138,7153
7232,7155
7120,7155
7249,7153
7239,7148
7282,7160
7290,7150
7184,7162
7294,7156
7231,7149
7196,7142
7191,7150
7124,7170
7299,7158
7328,7149
7265,7145
7290,7158
7159,7159
7306,7146
7111,7156
7171,7160
7392,7153
7197,7157
7435,7155
7159,7160
7310,7162
7205,7158
7090,7157
7196,7157
7103,7150
7204,7160
7274,7149
7152,7156
7243,7151
7244,7146
7181,7160
7278,7160
7180,7140
7158,7156
7138,7157
7226,7150
7264,7163
7119,7161
7236,7156
7178,7148
7242,7141
7129,7157
7138,7158
7311,7152
7212,7165
7326,7144
7213,7156
7050,7156
7300,7153
7071,7152
7170,7153
7381,7141
7168,7152
7306,7157
7108,7153
7328,7156
7196,7155
7171,7146
7234,7152
7175,7158
7238,7162
7230,7146
7227,7155
7279,7153
7168,7151
7133,7145
7182,7150
7083,7149
7275,7162
7137,7155
7262,7154
7292,7146
7152,7158
7274,7155
7173,7158
7142,7167
7159,7153
7209,7150
7334,7151
7211,7158
7315,7153
7164,7145
7164,7144
7186,7151
7060,7156
7205,7154
7250,7151
7188,7159
7211,7154
7155,7154
7263,7149
7228,7166
7142,7148
7204,7153
7075,7156
7273,7162
7283,7158
7233,7143
7235,7154
7245,7144
7167,7160
7263,7152
7185,7155
7267,7141
7123,7163
7234,7153
7267,7148
7067,7172
7318,7161
7081,7155
7231,7176
7065,7153
7225,7156
7280,7154
7165,7163
7262,7153
7190,7151
7160,7156
7264,7155
7219,7164
7168,7159
7170,7158
7234,7155
7227,7155
7137,7161
7361,7147
7180,7149
7206,7153
7324,7165
7212,7157
7304,7156
7301,7159
7228,7162
7327,7160
7200,7157
7156,7156
7187,7160
7110,7158
7350,7159
7104,7150
7320,7146
7260,7142
7162,7156
7234,7153
7100,7155
7180,7147
7147,7158
7166,7150
7241,7156
7151,7155
7265,7159
7220,7148
7213,7159
7169,7149
7136,7156
7309,7162
7238,7154
7227,7170
7264,7164
7190,7154
7309,7159
7261,7150
7170,7147
7199,7153
7157,7153
7292,7162
7203,7155
7103,7157
7292,7155
7106,7153
7281,7157
7002,7163
7225,7160
7318,7149
7115,7155
7308,7159
7165,7160
7095,7160
7248,7157
7115,7147
7134,7154
7243,7153
7261,7174
7234,7162
7168,7155
7293,7150
7254,7153
7172,7148
7255,7168
7164,7146
7234,7154
7289,7152
7208,7162
7360,7143
7179,7145
7192,7141
7199,7158
7128,7161
7301,7157
7180,7177
7296,7152
7260,7156
7144,7159
7240,7153
7063,7158
7251,7157
7080,7154
7182,7166
7198,7164
7226,7161
7167,7160
7161,7148
7225,7160
7146,7143
7116,7153
7287,7162
7235,7166
7214,7150
7319,7154
7105,7155
7395,7155
7204,7155
7094,7161
7217,7159
7092,7153
7212,7150
7351,7149
7220,7163
7308,7151
7083,7157
7245,7149
7137,7142
7200,7154
7286,7148
7133,7152
7301,7158
7222,7160
7121,7160
7207,7162
7127,7150
7257,7154
7199,7142
7218,7150
7271,7154
7211,7161
7289,7162
7257,7151
7124,7150
7275,7146
7140,7146
7234,7166
7269,7144
7257,7164
7318,7152
7153,7146
7335,7164
7195,7156
7131,7149
7346,7162
7102,7155
7384,7153
7226,7150
7389,7149
7227,7148
7092,7164
7230,7178
7099,7161
7190,7155
7283,7168
7193,7149
7195,7151
7236,7146
7249,7166
7238,7154
7177,7149
7247,7154
7226,7153
7166,7161
7242,7142
7152,7155
7317,7156
7154,7148
7143,7169
7172,7160
7119,7161
7255,7157
7246,7156
7287,7155
7319,7155
7095,7147
7346,7154
7182,7158
7223,7166
7288,7148
7182,7153
7340,7143
7191,7154
7300,7155
7194,7138
7201,7163
7210,7151
7219,7158
7257,7161
7204,7171
7161,7159
7261,7164
7270,7158
7059,7155
7322,7160
7082,7152
7208,7166
7142,7149
7184,7171
7319,7154
7191,7149
7300,7145
7185,7161
7214,7159
7236,7146
7160,7154
7378,7164
7300,7154
7458,7161
7322,7173
7321,7170
7359,7179
7326,7181
7428,7186
7452,7199
7501,7192
7487,7201
7491,7209
7507,7226
7478,7219
7430,7234
7545,7236
7537,7247
7513,7262
7527,7268
7475,7264
7543,7281
7586,7286
7606,7288
7567,7306
7593,7315
7634,7320
7586,7325
7580,7337
7662,7344
7639,7356
7653,7353
7553,7362
7667,7377
7592,7373
7619,7388
7667,7396
7650,7398
7745,7413
7648,7412
7654,7439
7626,7444
7656,7443
7709,7450
7709,7470
7736,7471
7714,7476
7685,7469
7720,7481
7697,7498
7719,7512
7747,7519
7730,7527
7640,7531
7792,7539
7780,7547
7755,7546
7663,7574
7793,7574
7675,7583
7721,7583
7821,7595
7779,7601
7673,7622
7775,7614
7874,7633
7817,7643
7723,7640
7810,7647
7834,7668
7830,7673
7799,7675
7818,7705
7839,7689
7893,7698
7907,7705
7880,7696
7799,7731
7872,7731
7900,7734
7984,7752
7966,7759
7829,7763
7765,7780
7849,7773
7878,7776
7932,7792
7959,7812
7968,7822
7880,7816
7904,7834
7917,7842
7846,7846
7913,7856
7924,7861
7953,7867
7974,7895
8006,7881
8013,7888
8040,7883
8105,7912
8055,7930
8028,7920
8036,7932
7977,7936
7978,7946
7902,7934
7857,7944
7894,7940
7909,7961
7840,7950
7870,7950
7871,7947
7845,7961
7829,7945
7836,7951
7846,7941
7832,7951
7828,7932
7806,7974
7811,7956
7812,7966
7846,7963
7812,7940
7805,7943
7798,7965
7827,7943
7812,7957
7795,7938
7802,7949
7788,7972
7797,7955
7811,7946
7803,7970
7797,7944
7807,7941
7788,7953
7781,7965
7777,7945
7755,7955
7772,7953
7786,7960
7798,7938
7777,7958
7773,7961
7778,7946
7791,7949
7791,7958
7795,7951
7822,7972
7807,7951
7795,7951
7821,7965
7855,7968
7935,7959
8070,7958
8186,7964
8242,7981
8320,7967
8398,7985
8466,7998
8440,7992
8442,8013
8471,8022
8484,8039
8485,8037
8469,8041
8451,8050
8462,8063
8441,8072
8438,8055
8403,8085
8421,8080
8445,8090
8483,8100
8536,8105
8565,8111
8493,8129
8575,8128
8431,8136
8426,8143
8433,8159
8584,8170
8661,8172
8594,8172
8564,8183
8534,8198
8542,8201
8675,8213
8670,8221
8660,8214
8555,8227
8600,8241
8634,8248
8648,8250
8658,8262
8563,8286
8665,8282
8697,8298
8656,8285
8542,8312
8668,8319
8709,8325
8605,8328
8526,8334
8659,8349
8793,8357
8530,8362
8560,8365
8816,8383
8693,8390
8636,8399
8754,8397
8679,8416
8605,8437
8761,8424
8636,8438
8728,8440
8781,8448
8690,8455
8687,8469
8746,8470
8697,8488
8811,8487
8743,8506
8820,8516
8750,8509
8740,8518
8886,8520
8655,8550
8754,8541
8714,8544
8826,8568
8774,8575
8739,8587
8873,8596
8815,8589
8829,8594
8782,8611
8935,8614
8895,8631
8872,8630
8854,8648
8897,8642
8895,8662
8929,8672
8899,8673
8869,8685
8830,8693
8854,8710
8978,8712
8928,8707
8946,8720
8927,8740
8804,8737
8782,8734
8745,8747
8961,8751
8728,8753
8870,8744
8732,8739
8650,8759
8786,8758
8580,8748
8653,8776
8770,8762
8696,8749
8808,8755
8566,8755
8815,8761
8693,8742
8592,8748
8685,8769
8605,8763
8708,8765
8708,8755
8759,8775
8718,8754
8604,8755
8650,8752
8604,8753
8659,8757
8800,8754
8604,8740
8740,8751
8662,8740
8537,8760
8678,8770
8524,8761
8649,8746
8570,8759
8641,8754
8665,8752
8624,8757
8696,8762
8621,8760
8645,8756
8628,8747
8561,8759
8780,8754
8811,8760
8794,8747
8862,8744
8588,8755
8810,8751
8625,8756
8670,8762
8762,8757
8602,8773
8712,8766
8729,8774
8617,8754
8718,8761
8657,8761
8707,8774
8642,8761
8654,8762
8838,8763
8683,8755
8764,8764
8633,8758
8654,8757
8698,8764
8612,8753
8727,8771
8584,8759
8658,8756
8800,8741
8582,8767
8808,8755
8693,8767
8646,8758
8715,8751
8674,8753
8898,8761
8710,8755
8750,8762
8699,8755
8572,8766
8761,8754
8572,8752
8673,8763
8821,8763
8617,8761
8803,8759
8698,8755
8796,8768
8714,8763
8534,8759
8701,8756
8531,8750
8672,8754
8768,8746
8634,8762
8753,8761
8687,8751
8633,8751
8692,8764
8559,8757
8725,8758
8591,8745
8800,8761
8819,8754
8544,8755
8780,8750
8672,8748
8625,8754
8675,8749
8597,8765
8724,8759
8738,8762
8690,8751
8781,8772
8692,8750
8776,8761
8580,8756
8664,8767
8866,8756
8673,8759
8776,8755
8604,8753
8774,8758
8612,8756
8525,8758
8725,8758
8544,8757
8744,8760
8841,8750
8698,8760
8788,8760
8655,8755
8543,8763
8784,8765
8609,8759
8805,8757
8640,8765
8712,8756
8784,8764
8680,8753
8757,8766
8681,8754
8724,8769
8659,8758
8666,8756
8753,8756
8697,8762
8745,8761
8686,8758
8678,8758
8626,8754
8554,8751
8732,8761
8791,8760
8674,8758
8819,8759
8642,8762
8779,8748
8666,8736
8541,8761
8690,8755
8671,8765
8781,8766
8769,8768
8783,8758
8879,8766
8624,8773
8595,8769
8689,8751
8582,8770
8773,8758
8548,8754
8722,8771
8812,8759
8622,8759
8808,8763
8606,8780
8624,8763
8589,8751
8631,8754
8727,8755
8619,8757
8751,8756
8666,8754
8571,8757
8760,8760
8576,8749
8697,8762
8821,8755
8690,8766
8777,8769
8654,8756
8842,8759
8725,8755
8579,8768
8760,8756
8571,8758
8754,8750
8802,8763
8671,8743
8765,8755
8651,8767
8641,8766
8697,8741
8626,8759
8782,8763
8630,8769
8790,8762
8725,8752
8607,8762
8706,8756
8532,8760
8737,8753
8588,8749
8678,8757
8794,8761
8645,8752
8808,8755
8672,8762
8555,8760
8754,8756
8597,8740
8649,8756
8782,8757
8732,8758
8762,8752
8632,8756
8809,8758
8580,8754
8660,8757
8812,8753
8592,8755
8820,8767
8785,8758
8786,8767
8762,8760
8587,8753
8647,8756
8597,8762
8702,8753
8817,8750
8626,8761
8782,8767
8748,8743
8630,8759
8750,8747
8569,8757
8700,8753
8600,8756
8645,8759
8752,8753
8630,8743
8849,8764
8683,8751
8596,8762
8704,8745
8582,8756
8751,8762
8772,8756
8732,8761
8827,8750
8672,8763
8791,8759
8793,8763
8622,8763
8846,8761
8564,8777
8725,8764
8776,8762
8699,8755
8728,8752
8583,8756
8718,8759
8642,8754
8687,8755
8756,8754
8646,8757
8810,8754
8696,8757
8558,8758
8714,8746
8536,8755
8712,8761
8660,8749
8662,8758
8793,8740
8696,8762
8812,8756
8659,8762
8588,8750
8712,8760
8617,8758
8746,8761
8677,8758
8743,8761
8783,8751
8603,8762
8784,8757
8646,8768
8714,8755
8783,8753
8576,8762
8810,8759
8717,8759
8725,8760
8667,8750
8552,8734
8688,8756
8617,8750
8682,8763
8708,8753
8627,8757
8789,8756
8663,8747
8624,8764
8700,8754
8578,8763
8789,8756
8794,8769
8733,8765
8759,8754
8584,8755
8824,8754
8689,8761
8566,8759
8769,8756
8642,8759
8791,8753
8702,8760
8790,8769
8794,8758
8565,8775
8672,8761
8678,8759
8705,8758
8761,8765
8585,8756
8792,8755
8694,8741
8664,8749
8645,8766
8595,8760
8788,8762
8540,8752
8738,8773
8793,8759
8623,8768
8832,8751
8700,8747
8614,8756
8697,8756
8675,8756
8701,8768
8729,8755
8723,8756
8703,8754
8622,8742
8747,8757
8620,8759
8696,8767
8806,8745
8580,8755
8832,8765
8702,8755
8852,8753
8756,8759
8526,8750
8659,8762
8629,8754
8656,8747
8727,8752
8616,8756
8796,8748
8748,8760
8611,8757
8706,8757
8613,8758
8721,8765
8652,8752
8649,8763
8709,8757
8672,8760
8729,8767
8640,8761
8596,8757
8721,8737
8637,8755
8713,8762
8676,8760
8777,8757
8725,8759
8585,8755
8745,8770
8629,8764
8682,8754
8794,8755
8596,8763
8761,8761
8705,8759
8723,8742
8617,8749
8379,8749
8676,8737
8413,8738
8622,8733
8686,8728
8517,8727
8635,8713
8349,8708
8393,8707
8376,8695
8348,8690
8566,8685
8448,8680
8552,8666
8400,8659
8402,8651
8403,8632
8338,8625
8319,8632
8358,8625
8329,8605
8343,8605
8166,8599
8363,8580
8256,8576
8306,8565
8267,8559
8284,8558
8251,8556
8225,8536
8342,8530
8174,8529
8254,8515
8253,8505
8255,8485
8290,8493
8198,8485
8267,8462
8282,8465
8297,8456
8303,8443
8222,8437
8301,8424
8287,8436
8257,8412
8286,8417
8268,8400
8202,8389
8313,8397
8280,8378
8235,8372
8167,8349
8233,8362
8184,8351
8171,8344
8384,8307
8368,8324
8033,8306
8093,8305
8197,8304
8131,8285
8069,8288
8153,8258
8155,8271
8088,8260
8108,8252
8088,8247
8145,8229
8114,8232
8051,8216
7967,8213
8094,8197
8141,8183
8127,8176
8058,8174
8023,8179
8025,8166
8039,8156
8169,8140
8145,8138
7971,8124
8029,8105
8014,8097
8000,8113
7966,8076
8066,8081
8037,8094
8051,8067
8066,8072
8040,8068
8011,8064
8013,8050
7951,8043
7959,8014
7943,8023
7917,8016
7963,7992
7946,8000
7966,7983
8050,7961
7952,7991
8012,7956
7990,7971
8064,7991
8066,7966
8079,7954
8110,7976
8089,7957
8084,7967
8117,7956
8112,7956
8138,7968
8129,7942
8154,7958
8130,7947
8142,7940
8167,7983
8159,7957
8201,7954
8154,7943
8166,7944
8130,7950
8172,7941
8179,7952
8175,7967
8168,7937
8138,7978
8177,7952
8185,7963
8188,7962
8155,7976
8160,7946
8195,7946
8187,7958
8167,7968
8144,7964
8169,7959
8173,7952
8167,7964
8157,7961
8186,7955
8164,7970
8175,7969
8148,7952
8151,7963
8159,7952
8143,7938
8165,7971
8140,7961
8071,7962
7979,7937
7818,7962
7760,7945
7687,7940
7580,7918
7483,7924
7521,7927
7426,7901
7411,7909
7465,7894
7412,7897
7419,7875
7395,7883
7416,7855
7446,7858
7444,7858
7462,7839
7477,7827
7496,7832
7399,7828
7389,7805
7340,7790
7327,7804
7343,7781
7393,7783
7408,7766
7441,7772
7431,7753
7337,7759
7296,7732
7319,7731
7388,7726
7424,7711
7403,7698
7361,7688
7311,7694
7341,7684
7399,7665
7385,7659
7321,7662
7279,7647
7307,7647
7362,7632
7235,7633
7295,7620
7339,7605
7399,7614
7147,7598
7073,7584
7325,7578
7161,7578
7080,7560
7261,7547
7211,7542
7117,7546
7153,7514
7210,7520
7189,7522
7126,7509
7170,7499
7175,7494
7191,7476
7209,7477
7165,7463
7176,7460
7195,7446
7061,7440
7196,7427
7109,7425
7082,7411
7174,7408
6960,7409
7233,7416
7194,7387
7048,7382
7115,7371
6948,7371
7212,7354
7017,7343
7201,7332
7136,7344
7158,7333
7072,7323
7105,7301
7071,7305
7197,7293
6890,7283
7125,7273
7013,7273
7014,7264
7083,7246
7083,7252
7065,7241
6959,7216
7008,7224
6994,7204
6940,7210
6982,7199
6880,7198
7001,7178
7056,7179
7086,7171
7067,7170
6973,7171
7243,7170
7136,7159
7091,7175
7256,7157
7146,7162
7262,7150
7197,7154
7251,7160
7246,7158
7140,7165
7286,7161
7063,7162
7172,7161
7313,7155
7185,7153
7330,7160
7236,7137
7114,7159
7274,7158
7149,7148
7254,7157
7143,7149
7183,7138
7289,7162
7209,7160
7343,7162
7235,7163
7156,7151
7245,7153
7208,7154
7335,7157
7318,7156
7242,7166
7317,7152
7196,7152
7329,7165
7250,7149
7188,7164
7336,7155
7194,7152
7324,7156
7121,7156
7219,7162
7129,7161
7148,7150
7217,7147
7160,7168
7199,7161
7253,7153
7218,7160
7242,7157
7139,7153
7111,7148
7170,7153
7087,7151
7312,7147
6991,7152
7274,7164
7363,7152
7110,7163
7364,7156
7214,7149
7107,7148
7193,7157
7124,7158
7327,7155
7282,7160
7290,7164
7243,7141
7168,7157
7281,7152
7155,7158
7177,7169
7324,7146
7190,7153
7288,7146
7232,7162
7251,7151
7228,7153
7225,7155
7269,7159
7246,7150
7272,7157
7309,7163
7319,7152
7287,7158
7172,7147
7202,7155
7252,7163
7172,7157
7305,7156
7122,7160
7248,7146
7295,7151
7137,7163
7321,7163
7122,7158
7221,7155
7121,7152
7142,7154
7374,7149
7163,7155
7241,7161
7184,7147
7081,7155
7247,7151
7114,7167
7113,7155
7183,7156
7217,7151
7160,7143
7194,7152
7150,7156
7245,7158
7120,7160
7264,7156
7130,7156
7274,7159
7257,7165
7249,7155
7349,7155
7116,7162
7134,7157
7193,7156
7093,7162
7287,7150
7131,7155
7290,7151
7270,7156
7198,7155
7224,7158
7091,7153
7275,7159
7093,7151
7156,7163
7300,7148
7208,7153
7228,7149
7168,7155
7159,7170
7273,7150
7182,7154
7148,7161
7323,7143
7185,7160
7332,7161
7203,7167
7177,7159
7278,7153
7170,7156
7241,7144
7142,7160
7294,7154
7291,7148
7180,7150
7265,7150
7095,7137
7155,7157
7111,7150
7179,7160
7326,7161
7154,7137
7258,7158
7193,7162
7171,7156
7220,7156
7121,7155
7166,7157
7284,7155
7168,7154
7226,7160
7211,7149
7158,7162
7207,7153
7128,7161
7272,7153
7108,7148
7199,7166
7193,7162
7229,7151
7306,7159
7129,7157
7112,7160
7213,7152
7175,7141
7339,7154
7118,7147
7275,7146
7329,7138
7104,7155
7232,7149
7136,7157
7216,7153
7168,7146
7221,7156
7273,7161
7183,7164
7232,7154
7211,7148
7269,7156
7149,7144
7240,7151
7210,7162
7295,7149
7273,7152
7301,7154
7131,7157
7279,7153
7243,7151
7096,7159
7242,7155
7124,7147
7275,7156
7249,7159
7231,7166
7300,7161
7101,7160
7183,7151
7160,7156
7189,7153
7409,7153
7189,7151
7283,7150
7230,7149
7104,7146
7318,7161
7178,7146
7205,7167
7154,7135
7191,7150
7265,7159
7242,7162
7270,7156
7250,7139
7196,7158
7267,7160
7194,7154
7199,7155
7257,7159
7210,7171
7229,7155
7149,7141
7201,7152
7163,7155
7206,7156
7371,7158
7095,7147
7335,7162
7257,7155
7297,7156
7218,7157
7077,7149
7161,7149
7113,7154
7148,7161
7300,7157
7127,7147
7231,7161
7258,7155
7227,7156
7202,7170
7244,7153
7207,7152
7142,7153
7224,7154
7293,7151
7200,7156
7330,7155
7298,7148
7124,7155
7299,7155
7156,7147
7248,7153
7285,7132
7218,7161
7244,7162
7188,7155
7318,7142
7162,7156
7166,7157
7327,7151
7229,7147
7248,7152
7148,7154
7246,7160
7217,7147
7137,7154
7159,7153
7147,7159
7276,7146
7241,7144
7231,7166
7306,7156
7199,7161
7159,7157
7190,7161
7058,7159
7211,7163
7147,7148
7165,7158
7321,7159
7184,7153
7302,7148
7140,7154
7098,7158
7292,7150
7107,7154
7272,7160
7253,7155
7314,7161
7298,7160
7144,7162
7216,7155
7126,7156
7165,7157
7322,7151
7117,7152
7259,7155
7247,7157
7270,7158
7254,7158
7185,7152
7181,7148
7189,7154
7260,7159
7286,7155
7178,7161
7289,7160
7226,7157
7183,7159
7187,7163
7094,7167
7304,7149
7368,7147
7261,7154
7369,7158
7139,7155
7419,7150
7161,7144
7070,7150
7345,7172
7188,7151
7266,7152
7225,7151
7262,7159
7279,7158
7146,7154
7164,7153
7252,7153
7285,7155
7327,7162
7226,7145
7264,7158
7257,7154
7210,7155
7271,7156
7128,7151
7234,7157
7118,7148
7209,7162
7357,7151
7155,7163
7263,7164
7194,7152
7130,7153
7250,7149
7167,7151
7297,7166
7234,7154
7340,7151
7265,7151
7138,7154
7273,7158
7086,7160
7176,7159
7330,7157
7105,7145
7295,7153
7233,7158
7259,7151
7274,7150
7172,7145
7164,7162
7194,7151
7222,7138
7349,7144
7116,7148
7301,7153
7293,7153
7167,7155
7223,7161
7194,7160
7247,7158
7143,7175
7188,7175
7345,7160
7209,7162
7350,7155
7211,7163
7174,7160
7239,7153
7258,7162
7350,7155
7330,7161
7466,7172
7395,7184
7371,7194
7520,7187
7377,7188
7481,7191
7475,7213
7591,7218
7492,7211
7434,7232
7553,7246
7535,7240
7551,7265
7538,7263
7503,7266
7558,7283
7626,7288
7603,7277
7631,7319
7523,7312
7620,7324
7584,7327
7643,7331
7618,7339
7646,7357
7652,7357
7658,7370
7676,7367
7528,7380
7766,7386
7670,7412
7638,7400
7679,7427
7597,7424
7667,7430
7699,7446
7734,7445
7729,7457
7672,7472
7720,7475
7683,7484
7705,7480
7742,7487
7678,7500
7689,7514
7732,7515
7740,7535
7792,7538
7874,7531
7612,7545
7685,7562
7756,7562
7793,7568
7645,7583
7752,7590
7818,7602
7821,7614
7700,7602
7797,7614
7844,7633
7771,7640
7785,7631
7861,7650
7829,7677
7833,7673
7734,7669
7777,7689
7866,7692
7904,7712
7834,7707
7755,7716
7827,7733
7835,7744
7908,7731
7884,7741
7883,7761
7791,7773
7820,7771
7872,7761
7910,7803
7876,7776
7952,7811
7918,7824
7926,7834
7898,7829
7883,7816
7916,7844
7914,7865
7929,7870
7916,7868
7990,7875
8006,7893
8035,7881
8064,7899
8076,7904
8081,7926
8040,7933
7950,7950
8004,7930
7928,7935
7933,7949
7910,7939
7884,7969
7876,7946
7837,7950
7849,7934
7888,7951
7846,7978
7842,7956
7852,7965
7818,7969
7799,7966
7800,7956
7830,7970
7813,7953
7793,7930
7807,7961
7817,7935
7786,7951
7784,7905
7796,7963
7793,7940
7790,7981
7796,7960
7783,7945
7797,7931
7788,7977
7791,7940
7777,7958
7776,7947
7774,7955
7788,7963
7775,7953
7772,7963
7777,7958
7803,7952
7764,7959
7789,7955
7803,7957
7777,7959
7825,7962
7775,7947
7783,7969
7809,7967
7802,7957
7806,7948
7863,7951
7863,7964
7984,7958
8112,7974
8212,7977
8312,7975
8312,7986
8401,7992
8391,7996
8428,8015
8456,8021
8504,8022
8469,8029
8473,8035
8462,8052
8466,8043
8465,8054
8444,8064
8417,8088
8423,8069
8429,8104
8477,8099
8478,8100
8539,8108
8571,8110
8535,8132
8523,8130
8419,8137
8417,8136
8472,8153
8546,8174
8604,8173
8575,8191
8537,8192
8517,8205
8632,8201
8610,8196
8649,8227
8623,8236
8595,8243
8606,8253
8683,8252
8676,8265
8591,8269
8591,8259
8685,8287
8631,8300
8635,8307
8595,8306
8743,8322
8645,8323
8567,8334
8550,8323
8743,8338
8771,8358
8703,8374
8719,8373
8661,8391
8598,8395
8749,8396
8708,8411
8651,8420
8729,8415
8699,8436
8654,8436
8676,8437
8716,8452
8674,8465
8714,8468
8741,8490
8730,8483
8791,8491
8727,8498
8894,8488
8686,8512
8753,8521
8853,8534
8831,8534
8792,8541
8724,8558
8868,8565
8765,8593
8832,8579
8819,8593
8856,8588
8861,8613
8923,8611
8771,8620
8897,8641
8856,8639
8859,8636
8840,8653
8836,8662
8905,8668
8920,8681
8801,8686
8983,8679
8895,8705
8927,8704
8879,8730
8888,8717
8987,8731
8789,8724
8848,8745
8654,8736
8713,8753
8675,8741
8610,8757
8769,8736
8685,8750
8803,8760
8714,8750
8578,8753
8731,8755
8598,8744
8728,8750
8791,8756
8671,8734
8710,8755
8660,8743
8743,8758
8585,8755
8666,8760
8792,8755
8578,8760
8727,8756
8744,8760
8625,8758
8756,8756
8670,8764
8639,8766
8675,8754
8560,8765
8777,8763
8572,8752
8765,8757
8633,8760
8551,8754
8617,8752
8629,8759
8739,8754
8592,8756
8624,8756
8772,8748
8594,8760
8845,8762
8590,8762
8451,8750
8817,8763
8535,8755
8711,8762
8805,8760
8678,8757
8823,8750
8610,8759
8733,8756
8625,8754
8664,8758
8717,8758
8668,8752
8845,8764
8762,8770
8744,8760
8777,8760
8606,8758
8764,8757
8581,8754
8665,8758
8793,8763
8665,8756
8798,8771
8643,8766
8589,8760
8748,8758
8613,8765
8760,8755
8526,8759
8745,8756
8792,8764
8605,8754
8844,8764
8608,8763
8657,8738
8578,8754
8607,8759
8720,8758
8726,8760
8698,8758
8729,8763
8602,8755
8825,8751
8692,8753
8601,8764
8806,8747
8620,8745
8877,8750
8761,8752
8719,8767
8724,8757
8649,8736
8704,8766
8636,8746
8596,8750
8733,8754
8644,8761
8798,8761
8679,8754
8579,8766
8681,8763
8566,8753
8763,8759
8594,8765
8732,8761
8770,8761
8629,8746
8786,8763
8635,8770
8631,8753
8673,8752
8660,8753
8807,8760
8687,8757
8751,8758
8708,8745
8599,8775
8815,8754
8636,8748
8704,8759
8818,8755
8667,8755
8857,8760
8677,8764
8797,8764
8761,8755
8588,8755
8760,8760
8543,8751
8632,8768
8832,8747
8600,8754
8756,8754
8665,8761
8624,8754
8689,8749
8595,8759
8729,8762
8671,8759
8733,8758
8746,8770
8643,8774
8808,8758
8702,8754
8653,8751
8631,8760
8669,8760
8800,8749
8646,8753
8713,8770
8681,8754
8673,8753
8809,8760
8607,8762
8645,8762
8799,8764
8724,8748
8810,8772
8662,8756
8738,8753
8658,8774
8563,8777
8814,8747
8527,8765
8838,8758
8830,8759
8623,8747
8825,8746
8617,8752
8542,8752
8709,8758
8590,8758
8696,8761
8724,8758
8668,8768
8701,8753
8544,8761
8785,8757
8603,8762
8673,8762
8744,8756
8696,8756
8788,8749
8647,8758
8668,8752
8717,8755
8604,8761
8696,8772
8574,8751
8676,8764
8876,8762
8607,8751
8771,8742
8640,8752
8639,8763
8707,8762
8593,8759
8689,8754
8696,8758
8780,8752
8715,8753
8616,8752
8761,8752
8615,8754
8648,8760
8669,8759
8652,8775
8803,8768
8653,8761
8833,8761
8683,8756
8543,8757
8751,8767
8571,8754
8634,8764
8769,8752
8669,8760
8820,8756
8710,8755
8691,8755
8726,8755
8637,8761
8815,8759
8618,8760
8769,8756
8817,8756
8709,8749
8818,8757
8614,8751
8587,8751
8692,8756
8585,8748
8771,8760
8623,8742
8760,8758
8729,8748
8577,8764
8782,8768
8568,8751
8644,8771
8601,8748
8704,8757
8793,8760
8668,8748
8743,8757
8671,8760
8531,8764
8740,8759
8572,8756
8717,8765
8814,8761
8655,8768
8848,8749
8691,8759
8815,8761
8706,8755
8650,8758
8738,8753
8586,8745
8665,8760
8757,8765
8683,8747
8771,8769
8645,8753
8670,8763
8697,8757
8583,8766
8754,8754
8656,8763
8790,8761
8702,8758
8575,8763
8782,8754
8619,8757
8742,8762
8509,8755
8725,8757
8809,8763
8599,8749
8762,8750
8732,8765
8650,8757
8756,8755
8697,8756
8787,8757
8830,8757
8721,8761
8782,8755
8586,8762
8760,8760
8660,8758
8584,8757
8763,8750
8557,8755
8735,8757
8761,8762
8688,8761
8770,8765
8596,8754
8619,8778
8551,8770
8611,8752
8745,8758
8639,8760
8714,8755
8686,8754
8613,8758
8734,8763
8631,8748
8701,8742
8631,8748
8768,8751
8866,8773
8648,8766
8814,8769
8674,8761
8617,8752
8718,8759
8584,8757
8657,8761
8788,8755
8665,8757
8740,8756
8646,8756
8790,8764
8652,8749
8575,8754
8798,8756
8615,8749
8777,8758
8723,8751
8714,8750
8729,8756
8619,8745
8688,8756
8600,8752
8645,8757
8780,8753
8632,8753
8741,8759
8724,8750
8589,8756
8808,8761
8660,8748
8662,8772
8705,8753
8695,8773
8696,8754
8667,8758
8625,8756
8632,8757
8708,8758
8599,8769
8580,8752
8778,8744
8754,8769
8732,8757
8785,8756
8561,8745
8664,8750
8580,8756
8577,8760
8872,8749
8569,8748
8755,8755
8714,8763
8592,8760
8760,8755
8573,8759
8651,8751
8596,8751
8700,8770
8799,8767
8624,8756
8809,8749
8697,8763
8583,8763
8741,8756
8580,8754
8666,8752
8784,8758
8661,8761
8780,8756
8705,8754
8741,8765
8676,8753
8628,8753
8795,8770
8555,8765
8740,8756
8710,8748
8702,8752
8685,8760
8597,8753
8652,8761
8578,8742
8682,8775
8742,8746
8636,8748
8675,8750
8544,8757
8541,8742
8482,8727
8311,8739
8642,8735
8321,8705
8575,8716
8576,8699
8340,8700
8504,8687
8293,8682
8490,8678
8285,8659
8350,8663
8343,8662
8346,8632
8371,8644
8380,8622
8322,8620
8357,8611
8299,8600
8301,8600
8268,8591
8304,8577
8278,8573
8309,8577
8266,8566
8316,8548
8319,8542
8317,8533
8277,8519
8163,8520
8247,8512
8296,8499
8296,8499
8238,8483
8314,8478
8397,8454
8282,8462
8339,8447
8336,8450
8294,8446
8398,8436
8274,8424
8212,8415
8300,8405
8253,8410
8225,8392
8304,8373
8225,8372
8145,8362
8235,8359
8116,8345
8146,8365
8350,8316
8416,8324
8224,8326
8049,8316
8207,8311
8112,8285
8057,8301
8078,8285
8146,8278
8133,8265
8079,8271
8055,8244
8092,8253
8177,8246
8099,8213
8042,8206
8024,8210
8145,8186
8104,8176
8103,8179
8048,8169
8055,8184
7956,8146
8104,8169
8134,8135
8132,8129
8040,8125
8002,8150
7971,8103
8013,8119
7971,8079
8062,8082
8050,8082
8105,8077
8086,8075
8071,8052
7979,8048
8008,8051
7960,8005
7926,8037
7904,8007
7932,8000
7888,7996
7864,8001
7910,7995
7964,7992
7980,7974
8065,7961
8023,7979
8061,7955
8084,7947
8065,7970
8082,7963
8087,7961
8107,7947
8127,7960
8103,7957
8140,7968
8094,7956
8156,7950
8140,7951
8132,7965
8171,7951
8146,7945
8153,7964
8148,7952
8158,7938
8163,7956
8191,7961
8168,7962
8192,7962
8168,7953
8152,7962
8180,7959
8167,7947
8224,7966
8196,7966
8172,7952
8183,7970
8158,7959
8160,7956
8186,7967
8152,7952
8172,7960
8165,7946
8150,7965
8191,7970
8129,7958
8157,7924
8147,7962
8142,7949
8148,7964
8136,7955
8147,7957
8080,7969
8055,7976
7926,7939
7791,7951
7727,7948
7616,7941
7632,7919
7503,7921
7548,7914
7535,7922
7450,7902
7440,7891
7434,7882
7426,7887
7459,7869
7418,7866
7475,7850
7493,7849
7459,7836
7474,7828
7464,7831
7393,7825
7364,7807
7333,7801
7345,7784
7321,7781
7428,7772
7380,7767
7410,7768
7407,7754
7332,7742
7302,7728
7344,7746
7384,7713
7424,7713
7365,7697
7323,7709
7308,7690
7386,7679
7449,7671
7315,7676
7271,7658
7305,7651
7350,7643
7335,7622
7272,7627
7210,7617
7235,7602
7457,7601
7102,7593
7146,7578
7283,7569
7081,7582
7244,7556
7268,7552
7243,7552
7108,7530
7152,7522
7224,7526
7124,7500
7208,7508
7249,7501
7130,7490
7193,7488
7253,7478
7123,7469
7179,7461
7129,7442
7120,7440
7251,7437
7134,7430
7186,7418
7175,7423
7126,7391
7209,7389
7072,7385
7147,7360
7011,7380
7094,7368
7209,7357
6993,7344
7149,7320
7080,7316
7183,7317
7034,7312
7133,7313
7010,7285
7101,7280
7040,7283
7078,7273
6954,7283
7042,7257
7002,7242
7081,7246
7034,7232
7049,7231
6920,7220
6923,7204
6993,7198
6943,7196
7038,7177
7001,7179
7040,7172
7086,7171
7187,7168
7188,7168
7142,7151
7189,7155
7095,7168
7122,7163
7120,7159
7119,7147
7320,7155
7114,7163
7350,7159
7205,7148
7041,7158
7218,7151
7067,7149
7278,7162
7122,7155
7173,7163
7327,7151
7254,7136
7274,7138
7321,7158
7165,7168
7326,7155
7175,7146
7268,7162
7306,7160
7175,7158
7316,7157
7251,7153
7333,7160
7232,7153
7164,7146
7307,7144
7231,7147
7228,7153
7310,7153
7180,7162
7287,7150
7148,7152
7254,7164
7210,7150
7249,7160
7232,7155
7144,7166
7265,7152
7203,7143
7098,7155
7242,7132
7139,7148
7224,7151
7127,7141
7124,7157
7302,7147
7149,7141
7320,7164
7118,7159
7046,7151
7220,7156
7080,7158
7230,7154
7235,7148
7213,7158
7302,7153
7129,7156
7362,7161
7261,7140
7218,7152
7318,7169
7150,7165
7329,7159
7233,7153
7349,7161
7265,7148
7108,7163
7240,7150
7157,7154
7178,7162
7246,7161
7162,7152
7233,7154
7327,7157
7224,7159
7303,7158
7144,7151
7304,7162
7096,7152
7264,7158
7313,7149
7199,7159
7288,7148
7072,7159
7130,7157
7195,7152
7082,7146
7323,7150
7332,7156
7248,7151
7316,7153
7093,7153
7290,7152
7158,7165
7229,7156
7266,7148
7129,7162
7344,7163
7228,7157
7262,7159
7247,7152
7209,7158
7257,7152
7177,7162
7271,7152
7223,7153
7194,7161
7293,7143
7172,7155
7080,7150
7188,7159
7100,7159
7276,7151
7109,7150
7196,7155
7267,7159
7151,7157
7299,7154
7208,7150
7214,7149
7141,7161
7204,7155
7361,7149
7123,7142
7396,7149
7182,7154
7083,7151
7308,7152
7110,7149
7146,7155
7297,7156
7180,7157
7278,7147
7263,7158
7282,7157
7258,7154
7109,7155
7269,7169
7108,7150
7234,7149
7290,7149
7203,7161
7282,7159
7219,7140
7146,7153
7216,7163
7142,7147
7291,7162
7073,7150
7227,7153
7320,7153
7129,7147
7334,7158
7160,7161
7190,7159
7116,7149
7124,7163
7257,7150
7182,7153
7284,7155
7215,7138
7195,7152
7202,7151
7238,7166
7210,7161
7205,7154
7158,7150
7297,7153
7123,7145
7291,7153
7153,7154
7144,7158
7253,7166
7075,7151
7176,7152
7293,7142
7133,7160
7331,7155
7292,7156
7170,7163
7233,7145
7116,7155
7246,7150
7171,7154
7302,7155
7188,7164
7100,7157
7267,7137
7105,7153
7199,7168
7245,7142
7237,7151
7232,7153
7214,7150
7247,7148
7225,7161
7107,7149
7320,7152
7153,7159
7256,7142
7287,7156
7187,7140
7297,7156
7244,7141
7130,7151
7222,7151
7169,7162
7268,7159
7090,7144
7290,7163
7354,7145
7101,7147
7351,7147
7134,7148
7197,7154
7157,7145
7112,7169
7224,7148
7198,7146
7250,7147
7254,7146
7150,7148
7266,7166
7349,7153
7180,7158
7231,7146
7186,7151
7255,7150
7257,7150
7194,7158
7183,7156
7210,7150
7253,7158
7160,7153
7265,7154
7230,7160
7190,7160
7301,7138
7142,7149
7142,7143
7207,7148
7115,7163
7351,7148
7133,7152
7317,7163
7206,7148
7049,7157
7193,7155
7055,7158
7197,7150
7140,7156
7164,7163
7209,7168
7143,7154
7275,7159
7227,7161
7059,7144
7325,7153
7222,7162
7182,7159
7333,7157
7091,7149
7359,7155
7288,7155
7292,7161
7292,7174
7146,7148
7291,7164
7109,7153
7250,7153
7312,7134
7257,7145
7303,7151
7114,7157
7273,7149
7083,7156
7133,7160
7255,7163
7160,7147
7281,7159
7195,7160
7108,7156
7237,7150
7217,7154
7209,7154
7182,7153
7100,7166
7310,7150
7227,7151
7255,7148
7241,7141
7137,7148
7306,7144
7145,7152
7247,7151
7287,7154
7177,7160
7332,7145
7126,7162
7363,7151
7193,7149
7032,7157
7358,7153
7028,7168
7330,7153
7221,7149
7203,7168
7227,7159
7137,7150
7172,7152
7197,7165
7180,7156
7194,7164
7280,7149
7214,7153
7189,7142
7167,7139
7267,7164
7236,7152
7204,7156
7133,7145
7240,7143
7358,7155
7182,7155
7333,7151
7274,7150
7175,7158
7236,7158
7129,7159
7208,7150
7315,7154
7276,7146
7338,7151
7102,7156
7322,7153
7131,7158
7152,7147
7292,7153
7071,7151
7300,7148
7261,7151
7227,7142
7228,7150
7192,7154
7289,7156
7193,7157
7162,7158
7278,7152
7192,7161
7241,7161
7257,7159
7075,7158
7327,7155
7164,7151
7220,7149
7193,7160
7196,7164
7328,7155
7238,7152
7305,7155
7174,7148
7150,7155
7408,7156
7110,7149
7407,7162
7256,7148
7300,7162
7255,7155
7122,7162
7183,7154
7163,7166
7194,7153
7217,7153
7206,7155
7233,7154
7270,7150
7161,7159
7275,7151
7169,7160
7184,7162
7154,7144
7195,7170
7332,7162
7159,7151
7348,7151
7261,7163
7077,7167
7344,7165
7148,7146
7213,7157
7288,7154
7226,7156
7356,7159
7173,7156
7338,7155
7258,7155
7348,7168
7471,7171
7317,7180
7537,7181
7465,7179
7475,7197
7434,7194
7523,7224
7517,7207
7450,7222
7530,7232
7448,7233
7667,7245
7533,7248
7558,7265
7518,7268
7550,7284
7576,7269
7603,7283
7606,7314
7646,7310
7606,7315
7573,7318
7502,7324
7633,7328
7654,7348
7633,7363
7548,7362
7604,7388
7587,7392
7586,7388
7730,7394
7661,7406
7682,7408
7579,7417
7663,7414
7684,7439
7673,7448
7652,7451
7638,7455
7713,7463
7777,7463
7637,7495
7724,7487
7787,7486
7693,7502
7768,7502
7847,7527
7668,7527
7674,7526
7676,7561
7744,7564
7683,7570
7794,7558
7734,7581
7678,7580
7876,7606
7757,7609
7780,7629
7788,7610
7850,7621
7833,7638
7737,7635
7795,7651
7828,7646
7831,7677
7841,7688
7754,7686
7826,7681
7860,7700
7882,7701
7790,7717
7773,7723
7827,7748
7903,7740
7927,7756
7941,7763
7848,7764
7803,7777
7845,7772
7849,7783
7916,7804
7921,7792
7955,7785
7912,7809
7913,7826
7941,7839
7883,7850
7897,7834
7928,7850
7998,7852
7943,7855
7982,7889
8016,7883
8024,7891
8067,7918
8044,7911
8033,7931
8022,7907
7987,7914
7935,7923
7880,7950
7944,7935
7893,7948
7881,7968
7821,7957
7851,7971
7848,7963
7838,7960
7836,7961
7841,7956
7841,7960
7828,7940
7830,7961
7821,7943
7810,7933
7807,7950
7836,7964
7826,7951
7819,7960
7779,7969
7812,7952
7820,7938
7818,7948
7817,7955
7807,7945
7814,7948
7762,7960
7821,7974
7777,7951
7779,7956
7778,7958
7775,7968
7773,7949
7775,7950
7777,7958
7792,7957
7800,7937
7754,7956
7745,7941
7785,7952
7818,7946
7786,7975
7769,7943
7796,7957
7808,7945
7816,7961
7800,7962
7841,7950
7925,7957
8013,7937
8150,7973
8209,7962
8341,7986
8403,7979
8419,7985
8412,7986
8452,8016
8451,7986
8497,8017
8488,8042
8474,8031
8445,8056
8453,8053
8467,8054
8434,8071
8401,8079
8368,8081
8439,8099
8496,8101
8534,8100
8555,8109
8524,8117
8545,8116
8450,8142
8459,8135
8435,8164
8607,8166
8648,8162
8617,8168
8595,8187
8515,8191
8535,8214
8665,8192
8640,8214
8607,8225
8601,8224
8562,8239
8665,8253
8677,8257
8624,8256
8571,8281
8624,8282
8706,8281
8667,8301
8578,8308
8595,8321
8647,8323
8665,8335
8472,8346
8673,8342
8683,8362
8512,8363
8643,8362
8741,8370
8686,8386
8713,8389
8759,8411
8683,8407
8636,8408
8745,8417
8661,8434
8672,8432
8754,8451
8632,8464
8802,8460
8789,8457
8685,8490
8797,8497
8689,8499
8676,8496
8799,8529
8745,8525
8857,8525
8744,8537
8852,8539
8836,8551
8768,8552
8805,8575
8801,8573
8895,8587
8760,8593
8912,8592
8725,8590
8885,8616
8907,8630
8895,8635
8833,8625
8939,8644
8861,8651
8923,8664
8865,8658
8927,8682
8941,8678
8917,8693
9011,8696
8874,8718
8940,8713
8830,8721
8820,8739
8824,8741
8843,8747
8838,8741
8606,8752
8827,8749
8592,8754
8750,8749
8871,8763
8579,8740
8833,8756
8724,8755
8785,8754
8748,8754
8594,8756
8770,8757
8648,8749
8772,8758
8787,8751
8651,8763
8817,8757
8601,8762
8618,8749
8653,8752
8617,8744
8646,8758
8596,8756
8642,8757
8727,8753
8629,8737
8735,8748
8631,8753
8644,8754
8602,8754
8660,8757
8751,8764
8533,8751
8767,8759
8645,8743
8573,8752
8682,8762
8575,8756
8572,8762
8792,8755
8679,8755
8778,8744
8664,8752
8746,8755
8715,8756
8622,8754
8828,8763
8624,8757
8807,8762
8713,8763
8673,8766
8805,8769
8602,8761
8664,8760
8621,8756
8647,8760
8797,8751
8597,8753
8780,8766
8705,8763
8588,8753
8716,8767
8593,8757
8687,8755
8647,8766
8736,8765
8752,8760
8657,8755
8782,8752
8664,8762
8573,8756
8663,8764
8590,8762
8756,8756
8872,8753
8707,8761
8802,8762
8578,8758
8792,8765
8641,8758
8630,8742
8741,8755
8591,8749
8659,8754
8742,8759
8712,8767
8809,8751
8612,8766
8675,8765
8615,8755
8633,8758
8762,8760
8617,8758
8796,8764
8666,8756
8553,8759
8728,8758
8543,8756
8719,8760
8612,8754
8687,8758
8815,8764
8696,8770
8801,8755
8781,8761
8577,8757
8708,8756
8667,8752
8751,8748
8723,8752
8656,8768
8713,8758
8582,8752
8786,8768
8554,8764
8620,8758
8823,8757
8606,8758
8731,8749
8734,8760
8833,8762
8770,8751
8549,8765
8698,8756
8662,8752
8695,8761
8799,8757
8564,8758
8776,8752
8752,8753
8564,8778
8710,8762
8603,8758
8770,8769
8588,8758
8706,8752
8834,8758
8663,8755
8767,8761
8713,8752
8667,8749
8730,8759
8603,8751
8702,8757
8816,8762
8657,8756
8707,8751
8595,8743
8737,8765
8612,8744
8643,8761
8726,8749
8643,8766
8751,8740
8634,8749
8798,8761
8698,8755
8605,8754
8746,8751
8544,8756
8694,8759
8762,8754
8670,8772
8858,8756
8708,8766
8641,8751
8748,8757
8580,8754
8704,8769
8599,8757
8674,8756
8711,8758
8645,8759
8699,8750
8692,8760
8655,8758
8687,8767
8615,8755
8707,8755
8726,8755
8747,8769
8718,8752
8510,8757
8725,8762
8592,8760
8611,8771
8719,8763
8563,8764
8661,8763
8686,8744
8673,8763
8719,8759
8638,8754
8665,8756
8742,8755
8807,8759
8710,8753
8761,8769
8872,8762
8696,8758
8628,8765
8653,8764
8577,8757
8763,8767
8786,8757
8707,8756
8779,8749
8611,8755
8780,8754
8573,8756
8632,8753
8829,8754
8626,8756
8770,8757
8695,8746
8733,8751
8689,8748
8558,8762
8698,8754
8564,8760
8684,8762
8758,8757
8635,8762
8817,8752
8687,8754
8596,8759
8776,8755
8583,8766
8745,8757
8609,8758
8692,8749
8787,8763
8703,8752
8774,8756
8712,8752
8690,8762
8679,8758
8618,8751
8792,8766
8715,8762
8778,8756
8679,8750
8521,8761
8843,8765
8617,8759
8630,8758
8695,8751
8600,8759
8720,8749
8771,8761
8770,8762
8717,8745
8560,8760
8721,8750
8649,8749
8664,8762
8792,8751
8664,8753
8770,8770
8657,8756
8594,8761
8667,8755
8635,8753
8747,8763
8665,8747
8728,8759
8794,8758
8590,8753
8763,8750
8620,8758
8683,8756
8605,8756
8639,8747
8803,8750
8723,8753
8717,8758
8748,8754
8575,8747
8729,8752
8573,8751
8620,8760
8790,8737
8604,8756
8775,8763
8661,8762
8878,8769
8686,8754
8623,8770
8806,8755
8586,8757
8721,8741
8772,8746
8593,8759
8849,8748
8686,8744
8591,8765
8746,8749
8589,8739
8724,8761
8556,8755
8699,8767
8753,8760
8572,8749
8678,8756
8580,8749
8731,8758
8599,8758
8668,8753
8784,8745
8669,8754
8791,8763
8629,8766
8526,8756
8797,8755
8576,8767
8771,8760
8841,8758
8627,8757
8773,8770
8667,8755
8769,8744
8701,8751
8612,8758
8719,8763
8696,8756
8756,8753
8785,8768
8671,8756
8780,8757
8700,8748
8672,8754
8668,8769
8604,8758
8784,8766
8594,8768
8789,8748
8728,8755
8560,8761
8751,8759
8600,8749
8672,8755
8631,8753
8591,8759
8745,8758
8701,8739
8727,8763
8669,8764
8616,8769
8720,8750
8684,8754
8732,8759
8694,8755
8702,8750
8807,8749
8620,8748
8866,8754
8709,8753
8591,8761
8786,8751
8588,8759
8830,8748
8777,8754
8730,8765
8784,8764
8629,8758
8705,8767
8569,8749
8576,8759
8813,8762
8627,8754
8792,8754
8689,8750
8575,8762
8786,8748
8566,8749
8669,8759
8612,8747
8621,8741
8764,8754
8696,8756
8743,8758
8757,8767
8641,8768
8773,8757
8672,8756
8665,8754
8773,8755
8653,8772
8783,8756
8681,8750
8799,8761
8668,8754
8592,8755
8725,8742
8656,8770
8777,8760
8708,8749
8727,8765
8710,8753
8540,8761
8678,8763
8525,8745
8484,8755
8658,8735
8586,8741
8726,8744
8490,8710
8347,8721
8465,8725
8324,8711
8482,8713
8335,8690
8502,8687
8440,8669
8303,8689
8465,8677
8327,8658
8376,8650
8384,8644
8338,8624
8361,8633
8376,8627
8312,8622
8378,8601
8267,8595
8287,8583
8343,8591
8310,8559
8278,8560
8255,8550
8335,8549
8193,8535
8380,8516
8187,8533
8229,8514
8249,8499
8283,8477
8372,8490
8255,8484
8232,8484
8264,8476
8246,8462
8359,8450
8320,8449
8260,8429
8357,8426
8255,8418
8231,8415
8290,8404
8224,8386
8278,8388
8259,8378
8249,8361
8195,8359
8293,8364
8117,8346
8256,8339
8448,8332
8419,8319
8084,8315
8007,8314
8300,8310
8182,8288
8134,8293
8058,8281
8154,8267
8137,8267
8063,8258
8032,8234
8151,8238
8125,8223
8106,8221
8014,8227
8096,8222
8132,8190
8138,8187
8062,8176
8084,8166
7973,8171
7976,8173
8160,8125
8162,8125
8100,8138
8087,8108
7996,8132
8007,8108
8016,8090
7960,8083
8061,8088
8090,8088
8096,8051
8041,8060
8033,8067
8010,8050
8002,8034
7925,8025
7949,8016
7935,8011
7865,8003
7985,8008
7937,7978
7962,7989
7947,7956
8017,7967
8030,7960
8045,7987
8037,7964
8075,7963
8090,7957
8106,7967
8095,7958
8093,7951
8099,7941
8120,7974
8141,7965
8125,7958
8160,7971
8133,7946
8175,7958
8144,7949
8141,7960
8138,7958
8161,7929
8166,7940
8162,7954
8150,7962
8171,7961
8180,7948
8165,7945
8159,7964
8187,7946
8175,7959
8176,7970
8162,7954
8201,7967
8177,7957
8183,7936
8175,7942
8185,7959
8157,7955
8185,7957
8200,7947
8147,7959
8167,7968
8145,7927
8155,7954
8151,7957
8155,7941
8160,7966
8161,7967
8147,7954
8063,7947
8019,7946
7884,7943
7739,7949
7671,7934
7580,7939
7485,7932
7518,7917
7400,7931
7399,7910
7446,7912
7414,7892
7423,7880
7398,7867
7423,7871
7437,7846
7444,7848
7465,7844
7488,7836
7468,7825
7450,7834
7384,7809
7362,7811
7324,7798
7351,7788
7330,7776
7390,7781
7366,7762
7395,7749
7341,7741
7307,7743
7333,7753
7363,7727
7409,7714
7415,7708
7338,7708
7302,7686
7339,7675
7418,7672
7398,7675
7266,7661
7244,7648
7318,7641
7364,7644
7291,7630
7182,7627
7306,7612
7270,7607
7275,7607
7117,7579
7243,7558
7240,7564
7091,7575
7189,7541
7191,7541
7238,7540
7177,7525
7190,7523
7217,7520
7094,7515
7192,7509
7175,7486
7111,7474
7180,7485
7173,7480
7097,7456
7201,7452
7162,7439
7194,7452
7193,7426
7149,7419
7147,7422
6998,7412
7211,7390
7260,7394
7099,7382
7260,7375
7064,7369
7167,7342
7055,7354
7091,7350
7177,7331
7095,7330
7109,7328
7119,7293
7065,7298
7045,7299
7044,7286
7037,7279
7094,7266
7012,7255
7052,7263
6974,7245
7050,7233
6898,7225
7073,7229
6995,7212
6884,7193
6957,7199
6909,7191
7053,7193
7043,7175
7024,7175
7021,7167
7037,7158
7183,7167
7051,7169
7120,7162
7216,7151
7151,7161
7190,7147
7075,7157
7164,7155
7059,7141
7139,7173
7383,7148
7119,7164
7274,7174
7155,7148
7102,7152
7291,7152
7087,7159
7138,7155
7224,7156
7222,7154
7371,7153
7232,7146
7322,7164
7267,7148
7208,7148
7288,7144
7172,7145
7268,7158
7376,7147
7190,7159
7362,7153
7306,7148
7312,7160
7282,7158
7183,7160
7242,7158
7170,7148
7186,7151
7242,7153
7290,7150
7272,7167
7053,7155
7110,7146
7093,7157
7196,7159
7291,7158
7100,7138
7242,7150
7284,7161
7142,7154
7276,7157
7142,7170
7203,7156
7097,7158
7182,7149
7281,7150
7163,7151
7274,7153
7212,7157
7171,7164
7165,7160
7104,7146
7288,7165
7314,7141
7229,7152
7440,7159
7237,7165
7372,7146
7144,7154
7083,7161
7280,7160
7175,7155
7254,7145
7132,7155
7285,7158
7297,7153
7171,7154
7188,7160
7220,7159
7268,7148
7260,7167
7229,7151
7312,7152
7268,7158
7138,7162
7220,7158
7092,7157
7258,7165
7117,7157
7233,7151
7368,7150
7192,7152
7329,7149
7212,7159
7144,7152
7269,7153
7153,7152
7332,7161
7239,7158
7289,7154
7244,7154
7107,7161
7225,7157
7040,7157
7102,7160
7252,7157
7123,7156
7207,7162
7132,7159
7265,7141
7236,7152
7086,7158
7107,7163
7097,7144
7162,7161
7269,7158
7103,7156
7277,7158
7258,7153
7230,7154
7233,7163
7145,7144
7259,7162
7109,7158
7251,7154
7317,7149
7098,7163
7323,7154
7097,7150
7169,7156
7158,7161
7141,7159
7287,7145
7204,7150
7277,7143
7268,7157
7174,7147
7267,7155
7199,7146
7207,7155
7230,7163
7213,7153
7243,7158
7259,7154
7327,7157
7228,7150
7103,7166
7220,7158
7166,7156
7268,7155
7300,7160
7179,7160
7290,7158
7219,7162
7101,7157
7256,7142
7186,7161
7244,7155
7138,7150
7242,7145
7282,7152
7111,7145
7244,7163
7024,7158
7176,7155
7284,7157
7107,7155
7210,7157
7153,7143
7249,7159
7193,7152
7142,7158
7125,7160
7103,7151
7259,7154
7292,7158
7181,7145
7304,7154
7257,7168
7149,7156
7347,7171
7136,7152
7175,7152
7168,7153
7204,7160
7291,7153
7150,7155
7295,7144
7153,7158
7207,7150
7113,7165
7152,7154
7264,7154
7211,7146
7211,7166
7244,7156
7133,7151
7253,7157
7171,7155
7169,7152
7223,7138
7190,7171
7231,7152
7231,7151
7353,7155
7207,7158
7118,7150
7224,7150
7208,7155
7236,7137
7327,7157
7209,7152
7322,7153
7196,7151
7142,7152
7226,7159
7054,7149
7336,7162
7068,7156
7301,7151
7345,7152
7160,7146
7259,7155
7126,7157
7200,7160
7158,7150
7111,7144
7225,7151
7216,7144
7198,7156
7246,7178
7238,7168
7168,7155
7125,7140
7223,7167
7221,7152
7238,7157
7257,7157
7202,7149
7314,7148
7235,7154
7096,7155
7232,7154
7179,7156
7211,7155
7340,7147
7181,7155
7336,7151
7167,7153
7217,7162
7087,7161
7145,7174
7255,7156
7040,7163
7257,7150
7242,7156
7118,7155
7294,7146
7169,7156
7219,7160
7162,7150
7204,7157
7217,7157
7203,7154
7283,7158
7239,7158
7139,7162
7290,7156
7191,7152
7133,7147
7303,7152
7159,7160
7305,7142
7212,7158
7332,7152
7228,7163
7118,7149
7316,7163
7144,7146
7289,7160
7311,7151
7225,7148
7249,7155
7165,7152
7182,7162
7096,7148
7148,7163
7204,7160
7158,7158
7149,7157
7212,7154
7203,7150
7255,7152
7196,7152
7233,7150
7241,7163
7155,7158
7292,7155
7202,7157
7344,7168
7194,7149
7031,7149
7281,7153
7064,7151
7204,7147
7383,7149
7109,7155
7343,7152
7196,7160
7306,7156
7224,7157
7175,7156
7216,7162
7142,7144
7279,7162
7287,7149
7266,7158
7239,7156
7193,7154
7285,7158
7190,7149
7243,7148
7286,7144
7143,7162
7310,7149
7258,7155
7180,7160
7291,7157
7148,7163
7215,7154
7155,7153
7206,7154
7287,7166
7168,7159
7358,7167
7265,7146
7127,7167
7250,7163
7127,7160
7332,7172
7291,7146
7260,7154
7266,7156
7178,7168
7261,7162
7149,7153
7189,7152
7232,7173
7169,7148
7270,7153
7307,7155
7245,7155
7245,7156
7208,7151
7242,7151
7262,7158
7173,7145
7269,7151
7121,7154
7269,7151
7170,7156
7166,7151
7206,7147
7079,7154
7280,7160
7138,7144
7206,7166
7388,7148
7134,7143
7468,7150
7153,7159
7135,7160
7185,7157
7138,7155
7322,7160
7254,7147
7233,7157
7232,7142
7262,7159
7190,7154
7248,7156
7290,7169
7237,7164
7199,7148
7291,7153
7319,7151
7274,7154
7303,7153
7128,7160
7205,7155
7134,7141
7178,7153
7290,7150
7199,7154
7284,7158
7303,7155
7159,7164
7254,7151
7169,7150
7251,7157
7183,7146
7405,7153
7389,7167
7234,7164
7427,7170
7321,7181
7384,7186
7402,7183
7429,7195
7444,7214
7475,7214
7516,7216
7484,7226
7493,7230
7419,7238
7557,7250
7549,7236
7473,7265
7517,7273
7541,7282
7556,7284
7561,7301
7592,7301
7600,7300
7619,7317
7583,7324
7587,7331
7621,7331
7581,7345
7600,7372
7593,7365
7640,7380
7564,7380
7708,7390
7654,7393
7547,7396
7729,7402
7635,7420
7710,7445
7620,7440
7695,7438
7688,7457
7689,7459
7749,7475
7724,7476
7649,7478
7731,7497
7747,7520
7731,7516
7795,7512
7682,7519
7691,7549
7871,7525
7715,7552
7729,7554
7691,7570
7756,7578
7653,7586
7708,7573
7853,7586
7743,7626
7667,7623
7775,7641
7821,7642
7853,7626
7720,7648
7825,7662
7835,7657
7836,7665
7809,7673
7793,7672
7882,7694
7920,7672
7900,7712
7837,7715
7859,7733
7835,7721
7889,7720
7936,7737
7956,7752
7795,7776
7785,7779
7876,7771
7928,7800
7934,7788
7952,7817
7902,7804
7891,7813
7917,7822
7862,7832
7869,7856
7876,7840
7940,7879
7969,7868
8020,7867
7986,7880
8015,7888
8058,7928
8099,7898
8078,7924
8047,7931
7908,7937
7994,7936
8005,7928
7926,7937
7850,7933
7889,7960
7875,7967
7832,7952
7872,7965
7857,7952
7841,7937
7833,7967
7833,7950
7819,7963
7818,7945
7815,7960
7827,7950
7815,7965
7819,7927
7835,7978
7808,7967
7852,7927
7764,7976
7829,7960
7830,7935
7811,7959
7823,7967
7765,7966
7795,7973
7796,7947
7783,7949
7798,7970
7791,7948
7779,7968
7805,7948
7782,7960
7783,7959
7788,7958
7776,7960
7765,7958
7786,7939
7758,7958
7761,7948
7808,7946
7810,7952
7796,7956
7792,7939
7784,7952
7842,7966
7856,7975
7866,7961
7968,7971
8077,7951
8210,7976
8277,7963
8289,7973
8397,7978
8427,7990
8449,8000
8481,8004
8472,8012
8448,8023
8498,8034
8451,8042
8480,8053
8438,8062
8433,8063
8437,8087
8404,8073
8415,8083
8494,8099
8503,8118
8510,8108
8526,8111
8485,8121
8568,8128
8457,8148
8455,8141
8441,8159
8607,8161
8670,8164
8549,8185
8601,8177
8521,8194
8643,8198
8641,8207
8651,8223
8587,8235
8519,8233
8606,8250
8662,8254
8614,8249
8625,8265
8555,8282
8635,8284
8661,8300
8669,8296
8582,8307
8686,8317
8677,8315
8601,8331
8488,8350
8667,8353
8773,8345
8602,8354
8579,8375
8795,8380
8633,8396
8686,8390
8754,8416
8660,8415
8608,8409
8725,8431
8675,8444
8654,8449
8798,8453
8721,8471
8747,8466
8781,8473
8691,8484
8735,8508
8749,8497
8892,8500
8664,8508
8708,8509
8912,8539
8772,8531
8883,8550
8699,8564
8815,8568
8766,8570
8802,8574
8832,8593
8823,8594
8906,8614
8817,8611
8884,8619
8911,8630
8908,8643
8909,8639
8846,8654
8867,8662
8924,8678
8902,8679
8827,8684
8847,8691
8811,8713
8947,8707
8871,8712
8969,8732
8966,8719
8747,8736
8816,8750
8713,8746
8888,8750
8617,8744
8799,8747
8752,8755
8614,8759
8795,8756
8673,8745
8599,8760
8682,8746
8638,8747
8822,8756
8603,8756
8804,8763
8704,8765
8551,8756
8764,8763
8560,8751
8696,8747
8693,8744
8660,8764
8724,8753
8681,8761
8617,8755
8618,8757
8686,8758
8797,8756
8604,8755
8707,8765
8707,8756
8562,8756
8681,8758
8518,8759
8642,8758
8497,8743
8637,8770
8705,8756
8691,8757
8697,8760
8734,8750
8583,8769
8748,8752
8599,8752
8713,8756
8790,8755
8718,8756
8893,8756
8606,8751
8857,8769
8660,8759
8583,8756
8686,8750
8607,8758
8668,8759
8736,8759
8590,8759
8737,8770
8685,8751
8654,8766
8651,8753
8637,8753
8852,8757
8603,8762
8730,8752
8671,8745
8646,8754
8733,8753
8602,8752
8665,8746
8593,8753
8637,8758
8785,8759
8584,8762
8847,8771
8749,8756
8572,8763
8845,8764
8575,8771
8750,8758
8774,8763
8687,8761
8760,8749
8672,8759
8728,8766
8643,8762
8617,8763
8756,8755
8634,8757
8706,8759
8741,8761
8661,8756
8763,8749
8624,8757
8674,8758
8578,8742
8644,8760
8775,8777
8557,8750
8747,8757
8718,8759
8617,8749
8767,8762
8596,8746
8639,8760
8620,8756
8721,8757
8787,8758
8637,8760
8803,8753
8691,8761
8620,8756
8730,8764
8548,8757
8659,8765
8882,8751
8618,8757
8842,8759
8691,8761
8780,8760
8666,8763
8630,8758
8875,8754
8598,8760
8797,8749
8709,8758
8777,8751
8784,8755
8625,8751
8639,8766
8636,8753
8666,8765
8829,8752
8642,8767
8751,8757
8752,8752
8524,8767
8790,8747
8588,8752
8729,8764
8621,8758
8684,8762
8883,8754
8718,8755
8727,8763
8707,8748
8649,8749
8789,8758
8647,8754
8669,8769
8725,8758
8718,8766
8731,8760
8618,8761
8704,8750
8562,8752
8723,8755
8818,8758
8624,8756
8806,8759
8677,8748
8829,8760
8748,8773
8510,8757
8643,8758
8545,8759
8587,8748
8808,8762
8654,8770
8805,8760
8659,8743
8576,8758
8717,8759
8631,8756
8736,8758
8572,8753
8715,8758
8829,8752
8652,8756
8850,8761
8629,8748
8582,8764
8670,8772
8569,8766
8744,8748
8684,8761
8735,8756
8792,8770
8611,8755
8770,8752
8579,8754
8674,8763
8805,8749
8573,8757
8733,8765
8694,8774
8779,8760
8705,8753
8569,8757
8735,8776
8597,8753
8683,8752
8777,8757
8684,8748
8797,8765
8685,8762
8567,8765
8774,8771
8595,8747
8706,8758
8593,8764
8726,8768
8811,8766
8656,8751
8768,8759
8578,8753
8674,8770
8637,8762
8636,8763
8751,8759
8679,8770
8770,8762
8758,8755
8554,8756
8709,8761
8594,8751
8606,8760
8778,8754
8684,8757
8733,8765
8754,8758
8769,8755
8783,8766
8664,8755
8730,8758
8710,8752
8687,8762
8770,8750
8726,8754
8801,8762
8649,8753
8644,8746
8686,8756
8707,8762
8818,8776
8562,8746
8762,8755
8773,8753
8633,8757
8723,8761
8582,8755
8615,8760
8662,8767
8585,8759
8721,8760
8720,8750
8774,8759
8726,8751
8577,8763
8766,8760
8590,8757
8672,8756
8765,8748
8641,8757
8775,8755
8654,8755
8785,8754
8741,8752
8593,8762
8790,8762
8605,8764
8724,8755
8775,8751
8735,8753
8757,8750
8554,8763
8710,8756
8647,8750
8634,8777
8768,8749
8591,8760
8750,8762
8750,8769
8605,8768
8742,8753
8565,8758
8723,8751
8553,8748
8614,8753
8853,8756
8715,8760
8809,8758
8777,8758
8539,8757
8745,8753
8611,8766
8623,8763
8759,8753
8669,8750
8797,8743
8674,8753
8800,8764
8702,8754
8649,8743
8760,8749
8548,8759
8756,8760
8805,8750
8720,8756
8697,8754
8611,8759
8692,8749
8665,8743
8630,8755
8715,8751
8594,8761
8793,8744
8753,8749
8647,8759
8713,8761
8652,8751
8735,8763
8590,8757
8636,8759
8760,8762
8658,8759
8776,8753
8655,8755
8559,8759
8744,8758
8587,8755
8727,8762
8743,8751
8723,8751
8832,8765
8581,8754
8539,8749
8779,8756
8618,8749
8735,8762
8537,8747
8725,8759
8739,8754
8608,8754
8689,8765
8649,8750
8733,8766
8610,8772
8637,8750
8790,8766
8691,8761
8826,8761
8743,8770
8583,8767
8764,8759
8583,8761
8675,8760
8797,8756
8628,8771
8793,8744
8662,8771
8742,8763
8641,8760
8588,8763
8772,8757
8582,8755
8734,8747
8727,8750
8773,8759
8795,8757
8571,8746
8638,8761
8593,8755
8647,8762
8812,8757
8549,8754
8844,8763
8864,8754
8587,8762
8766,8756
8616,8756
8661,8765
8627,8756
8609,8758
8692,8757
8695,8762
8687,8755
8720,8749
8647,8768
8767,8750
8626,8755
8640,8750
8726,8769
8755,8755
8757,8757
8547,8765
8798,8767
8586,8759
8623,8762
8797,8755
8580,8758
8722,8759
8711,8749
8734,8732
8690,8767
8489,8749
8594,8734
8409,8740
8520,8736
8682,8733
8461,8715
8640,8713
8377,8704
8355,8697
8397,8687
8312,8686
8559,8678
8369,8663
8514,8665
8438,8656
8336,8642
8336,8639
8379,8629
8328,8613
8337,8615
8309,8612
8311,8597
8279,8592
8312,8586
8306,8567
8298,8556
8283,8561
8255,8548
8220,8545
8315,8524
8348,8527
8131,8521
8237,8518
8281,8510
8221,8493
8263,8493
8240,8486
8322,8474
8182,8461
8256,8440
8477,8454
8247,8440
8275,8422
8214,8421
8244,8412
8285,8411
8224,8405
8255,8393
8292,8392
8287,8383
8227,8368
8187,8366
8228,8345
8178,8346
8201,8351
8389,8331
8289,8315
7961,8339
8141,8302
8130,8302
8046,8291
8132,8309
8139,8264
8143,8263
8100,8252
8088,8261
8085,8227
8108,8230
8131,8226
8007,8213
8022,8212
8105,8204
8149,8195
8123,8181
8036,8162
8043,8173
8045,8150
8041,8164
8138,8148
8172,8143
8027,8110
8004,8122
8004,8108
7969,8105
7983,8088
8032,8085
8047,8092
8092,8092
8092,8066
8053,8056
8020,8050
7970,8055
7996,8010
7992,8037
7939,8009
7881,7992
7945,7996
7887,7991
7943,7991
8042,7980
7951,7955
8027,7957
8030,7974
8082,7948
8025,7969
8059,7959
8096,7979
8083,7955
8107,7952
8100,7966
8113,7958
8137,7970
8123,7963
8095,7949
8132,7963
8150,7960
8151,7963
8159,7967
8135,7957
8146,7952
8163,7957
8136,7959
8179,7953
8185,7955
8145,7954
8187,7976
8153,7964
8150,7956
8147,7958
8167,7951
8173,7952
8179,7952
8173,7961
8182,7956
8163,7956
8159,7957
8159,7958
8177,7940
8165,7942
8163,7970
8168,7962
8157,7964
8156,7956
8163,7958
8140,7933
8120,7952
8153,7957
8157,7945
8099,7956
8127,7959
7959,7951
7809,7954
7689,7967
7667,7934
7619,7937
7519,7911
7522,7908
7467,7930
7425,7895
7460,7903
7432,7888
7444,7892
7390,7854
7438,7880
7456,7864
7464,7841
7459,7846
7494,7837
7447,7823
7421,7817
7381,7807
7328,7801
7290,7794
7321,7794
7426,7795
7402,7779
7417,7766
7422,7753
7317,7734
7314,7717
7354,7734
7361,7718
7411,7724
7353,7703
7319,7703
7333,7684
7348,7670
7384,7664
7384,7669
7284,7667
7278,7650
7369,7656
7340,7637
7217,7640
7232,7610
7340,7625
7473,7598
7121,7592
7060,7580
7304,7555
7137,7569
7102,7569
7292,7553
7188,7543
7060,7551
7212,7527
7203,7523
7133,7517
7150,7500
7209,7496
7113,7496
7190,7482
7189,7479
7127,7468
7211,7463
7145,7443
7081,7458
7228,7433
7083,7423
7079,7425
7162,7407
7000,7392
7263,7397
7179,7380
7162,7377
7156,7365
6990,7360
7224,7351
7017,7352
7204,7343
7103,7325
7183,7326
7065,7295
7109,7297
6992,7300
7101,7298
7014,7281
7046,7262
7014,7268
7041,7255
7066,7252
7133,7234
7071,7229
7046,7226
6975,7223
6978,7219
6962,7201
6992,7196
6933,7187
7009,7186
7004,7176
7140,7177
7121,7166
7011,7165
7248,7158
7204,7150
7104,7158
7229,7156
7085,7165
7249,7161
7266,7154
7238,7164
7300,7159
7140,7160
7209,7163
7056,7155
7120,7157
7319,7163
7080,7160
7302,7164
7296,7146
7198,7147
7330,7155
7178,7145
7206,7151
7205,7155
7187,7156
7355,7147
7218,7163
7293,7158
7334,7165
7153,7145
7342,7157
7227,7145
7245,7168
7338,7142
7258,7157
7313,7153
7219,7160
7357,7148
7248,7152
7177,7157
7331,7166
7085,7142
7286,7163
7173,7163
7210,7156
7206,7150
7120,7151
7149,7156
7143,7150
7112,7156
7176,7151
7168,7155
7195,7149
7207,7151
7121,7160
7163,7148
7095,7153
7260,7153
7022,7139
7223,7166
7427,7145
7117,7159
7349,7156
7242,7146
7101,7155
7331,7153
7141,7156
7243,7157
7344,7146
7268,7142
7312,7148
7208,7153
7302,7159
7132,7154
7187,7146
7322,7148
7143,7170
7289,7156
7191,7151
7214,7156
7293,7166
7168,7144
7224,7154
7184,7156
7170,7159
7390,7163
7209,7152
7344,7160
7225,7161
7107,7154
7322,7146
7169,7154
7184,7153
7146,7152
7252,7160
7330,7145
7166,7156
7385,7147
7192,7146
7142,7157
7166,7150
7123,7156
7350,7159
7216,7161
7215,7162
7246,7159
7108,7155
7158,7160
7171,7148
7119,7153
7237,7140
7177,7149
7218,7156
7241,7158
7103,7155
7235,7158
7111,7154
7227,7147
7149,7156
7241,7156
7242,7154
7105,7151
7276,7174
7138,7151
7103,7150
7232,7160
7071,7154
7299,7165
7322,7169
7282,7142
7360,7151
7152,7157
7369,7157
7144,7154
7198,7155
7331,7150
7138,7152
7274,7151
7232,7148
7233,7143
7141,7164
7199,7149
7234,7157
7201,7171
7141,7163
7332,7158
7114,7157
7292,7157
7224,7155
7154,7156
7196,7146
7148,7162
7221,7137
7164,7155
7158,7152
7269,7157
7180,7149
7245,7150
7166,7151
7130,7170
7171,7162
7185,7157
7313,7144
7219,7145
7250,7150
7253,7154
7084,7154
7254,7157
7112,7158
7157,7142
7294,7150
7142,7163
7256,7163
7241,7166
7172,7167
7190,7155
7104,7159
7229,7156
7107,7164
7155,7159
7206,7150
7172,7158
7289,7151
7217,7152
7137,7161
7266,7161
7192,7153
7294,7150
7057,7134
7251,7176
7343,7160
7066,7152
7346,7153
7119,7139
7151,7151
7167,7154
7121,7160
7229,7149
7223,7149
7170,7146
7221,7152
7287,7155
7192,7146
7232,7143
7219,7154
7355,7151
7239,7156
7299,7155
7197,7157
7282,7164
7208,7147
7116,7148
7250,7155
7118,7143
7154,7163
7281,7143
7187,7153
7348,7153
7196,7154
7143,7157
7212,7155
7162,7161
7336,7168
7169,7148
7294,7151
7253,7145
7163,7156
7288,7159
7200,7170
7213,7156
7129,7154
7270,7151
7274,7157
7227,7157
7251,7162
7263,7139
7205,7150
7245,7147
7190,7154
7163,7156
7307,7164
7111,7153
7260,7148
7203,7150
7251,7154
7186,7156
7132,7158
7259,7155
7167,7151
7281,7148
7220,7161
7296,7148
7308,7144
7047,7154
7109,7154
7146,7162
7179,7162
7297,7148
7118,7148
7192,7150
7312,7161
7235,7150
7301,7153
7248,7162
7127,7168
7228,7153
7207,7157
7252,7148
7297,7153
7235,7156
7265,7159
7169,7148
7278,7152
7151,7161
7166,7149
7289,7150
7197,7157
7326,7161
7230,7154
7272,7169
7248,7154
7179,7157
7313,7160
7114,7141
7208,7170
7186,7161
7237,7157
7315,7154
7151,7155
7148,7160
7209,7170
7309,7158
7204,7154
7260,7144
7225,7158
7226,7158
7184,7156
7242,7142
7078,7166
7173,7161
7134,7147
7097,7163
7335,7160
7235,7161
7270,7163
7264,7146
7068,7141
7351,7159
7087,7152
7170,7157
7263,7146
7215,7150
7286,7149
7129,7170
7286,7153
7163,7147
7123,7150
7204,7160
7095,7138
7231,7161
7263,7152
7295,7160
7251,7152
7190,7176
7153,7156
7244,7151
7263,7154
7273,7171
7158,7153
7283,7148
7329,7153
7164,7148
7235,7158
7159,7160
7241,7153
7133,7171
7202,7161
7346,7153
7214,7156
7335,7176
7225,7142
7093,7155
7261,7158
7123,7161
7200,7158
7211,7150
7236,7160
7280,7159
7231,7155
7316,7157
7241,7155
7190,7150
7255,7149
7234,7144
7184,7154
7348,7153
7224,7148
7296,7152
7164,7157
7201,7161
7192,7166
7213,7150
7377,7160
7082,7161
7323,7164
7252,7151
7089,7149
7296,7157
7179,7151
7243,7148
7112,7150
7197,7159
7321,7165
7120,7153
7331,7149
7113,7148
7118,7160
7302,7157
7085,7149
7256,7151
7186,7153
7248,7162
7307,7155
7185,7151
7157,7155
7220,7160
7182,7156
7340,7159
7110,7156
7268,7159
7374,7158
7156,7163
7362,7159
7242,7148
7223,7156
7221,7146
7197,7168
7294,7150
7191,7167
7307,7155
7261,7147
7168,7151
7251,7154
7214,7160
7334,7163
7362,7164
7483,7178
7472,7174
7396,7185
7494,7187
7409,7196
7452,7199
7498,7212
7462,7228
7519,7222
7482,7229
7572,7243
7481,7246
7533,7252
7482,7276
7616,7289
7537,7284
7585,7298
7591,7300
7630,7314
7561,7314
7592,7329
7579,7333
7614,7333
7608,7347
7642,7351
7609,7374
7661,7364
7601,7383
7558,7379
7759,7407
7691,7406
7627,7412
7647,7423
7673,7433
7620,7435
7653,7444
7688,7465
7691,7455
7723,7464
7694,7472
7665,7484
7662,7486
7787,7504
7704,7504
7708,7517
7783,7521
7805,7513
7795,7527
7785,7556
7689,7562
7680,7555
7738,7575
7781,7575
7687,7583
7782,7605
7775,7604
7796,7614
7748,7617
7829,7615
7868,7628
7757,7646
7746,7649
7870,7655
7874,7674
7828,7673
7764,7680
7817,7695
7902,7675
7961,7705
7889,7723
7851,7719
7819,7739
7906,7731
7885,7732
7907,7760
7873,7757
7775,7772
7812,7781
7869,7794
7915,7799
7931,7822
7917,7806
7921,7812
7884,7831
7922,7834
7867,7845
7861,7854
7917,7855
7953,7859
7988,7869
8016,7883
8016,7891
8018,7872
8030,7903
8116,7907
8074,7914
8002,7926
7997,7939
7960,7934
7945,7928
7982,7948
7859,7955
7867,7955
7904,7964
7855,7950
7861,7949
7834,7941
7814,7972
7870,7967
7802,7943
7835,7968
7804,7950
7838,7957
7801,7966
7846,7950
7833,7952
7816,7940
7793,7958
7793,7963
7801,7970
7803,7949
7826,7959
7788,7961
7802,7930
7788,7949
7825,7961
7841,7957
7798,7952
7781,7957
7766,7970
7816,7955
7783,7956
7772,7949
7787,7948
7817,7957
7769,7946
7791,7960
7795,7972
7780,7953
7816,7978
7789,7958
7826,7963
7798,7960
7815,7947
7830,7943
7845,7950
7865,7955
7913,7969
8026,7955
8134,7971
8171,7971
8322,7986
8361,7981
8411,8002
8422,7994
8424,8005
8461,7994
8489,8024
8503,8033
8449,8017
8451,8039
8461,8042
8450,8063
8427,8063
8434,8066
8394,8078
8411,8100
8511,8070
8475,8103
8514,8102
8562,8122
8470,8127
8479,8124
8431,8140
8442,8157
8524,8152
8590,8158
8642,8182
8583,8173
8541,8189
8523,8199
8645,8209
8672,8209
8579,8229
8561,8237
8555,8251
8637,8250
8665,8254
8638,8271
8636,8276
8584,8273
8685,8278
8688,8305
8601,8298
8615,8314
8696,8315
8624,8320
8494,8333
8604,8339
8702,8340
8663,8354
8714,8364
8811,8376
8627,8380
8661,8392
8728,8406
8709,8406
8606,8412
8684,8432
8703,8434
8703,8439
8771,8439
8663,8450
8692,8464
8812,8472
8686,8476
8689,8478
8719,8500
8665,8507
8836,8503
8756,8518
8758,8529
8781,8545
8884,8550
8798,8550
8752,8570
8874,8577
8796,8579
8846,8575
8769,8590
8859,8594
8816,8606
8851,8616
8843,8623
8919,8637
8834,8636
8913,8651
8801,8657
8919,8653
8876,8668
8977,8677
8913,8682
8996,8705
8886,8707
8880,8710
8976,8739
8805,8727
8876,8724
8829,8742
8843,8740
8770,8747
8619,8746
8719,8748
8603,8753
8778,8760
8648,8746
8719,8762
8749,8748
8606,8754
8774,8762
8633,8754
8679,8754
8588,8754
8628,8761
8759,8759
8731,8750
8715,8759
8688,8749
8597,8758
8705,8753
8567,8752
8716,8744
8712,8749
8661,8752
8748,8752
8625,8759
8800,8768
8716,8758
8579,8760
8709,8753
8554,8750
8740,8753
8718,8750
8613,8755
8685,8745
8638,8761
8662,8766
8643,8749
8591,8762
8723,8767
8578,8754
8724,8762
8706,8758
8546,8761
8788,8752
8544,8750
8634,8752
8832,8762
8656,8757
8830,8753
8631,8754
8717,8755
8742,8758
8644,8755
8648,8765
8673,8770
8775,8759
8754,8771
8707,8751
8791,8766
8677,8761
8697,8747
8630,8753
8635,8764
8794,8754
8610,8760
8777,8746
8721,8755
8578,8759
8790,8755
8641,8761
8665,8760
8598,8751
8613,8763
8804,8754
8739,8749
8780,8745
8725,8758
8601,8757
8658,8757
8541,8745
8629,8751
8751,8750
8669,8761
8709,8759
8586,8755
8808,8761
8715,8760
8563,8756
8767,8758
8593,8753
8863,8748
8761,8748
8678,8765
8768,8755
8671,8749
8599,8755
8724,8755
8541,8742
8701,8761
8614,8756
8750,8766
8714,8753
8592,8766
8727,8761
8590,8748
8725,8759
8595,8748
8589,8760
8769,8766
8670,8752
8725,8754
8703,8763
8589,8760
8718,8755
8633,8759
8721,8747
8789,8755
8695,8765
8760,8754
8578,8756
8860,8772
8648,8754
8637,8755
8750,8750
8668,8764
8814,8757
8760,8765
8720,8753
8778,8765
8576,8742
8648,8760
8560,8753
8595,8746
8845,8754
8620,8753
8828,8758
8772,8753
8634,8753
8731,8759
8595,8759
8646,8764
8674,8766
8600,8750
8742,8753
8720,8756
8745,8766
8713,8756
8603,8756
8693,8766
8678,8739
8783,8763
8691,8758
8730,8760
8770,8761
8610,8758
8775,8759
8608,8756
8612,8754
8775,8766
8587,8758
8751,8752
8764,8766
8645,8752
8732,8757
8654,8757
8739,8749
8566,8759
8730,8765
8806,8755
8626,8759
8813,8762
8677,8732
8514,8755
8705,8744
8529,8758
8693,8777
8593,8759
8642,8757
8777,8760
8587,8740
8795,8751
8648,8759
8612,8761
8614,8758
8612,8759
8753,8761
8777,8753
8673,8757
8752,8756
8614,8755
8812,8772
8616,8761
8618,8765
8833,8740
8616,8753
8824,8765
8734,8757
8781,8738
8743,8759
8603,8753
8708,8754
8607,8751
8633,8759
8766,8752
8654,8755
8689,8755
8710,8755
8614,8772
8758,8749
8609,8755
8686,8755
8676,8755
8737,8751
8730,8760
8580,8758
8807,8762
8625,8756
8616,8753
8614,8753
8529,8755
8813,8763
8764,8759
8661,8762
8798,8758
8651,8743
8784,8764
8680,8751
8725,8761
8789,8758
8689,8750
8828,8753
8655,8757
8786,8758
8730,8752
8572,8765
8755,8759
8568,8761
8668,8753
8755,8764
8661,8759
8836,8753
8620,8757
8624,8758
8676,8752
8595,8757
8732,8754
8619,8758
8694,8767
8697,8762
8593,8755
8799,8749
8640,8753
8617,8762
8650,8753
8692,8753
8891,8756
8708,8760
8749,8768
8706,8756
8650,8766
8741,8753
8571,8758
8541,8760
8770,8751
8627,8751
8753,8755
8702,8758
8824,8749
8740,8756
8552,8748
8719,8752
8595,8756
8744,8761
8714,8752
8762,8767
8770,8757
8642,8755
8641,8760
8568,8762
8628,8758
8768,8746
8554,8751
8734,8761
8824,8748
8583,8766
8871,8755
8649,8751
8713,8758
8675,8760
8645,8753
8799,8756
8705,8748
8740,8753
8747,8746
8621,8761
8716,8747
8587,8749
8665,8759
8805,8759
8632,8754
8789,8758
8626,8755
8786,8762
8644,8752
8584,8751
8758,8761
8627,8746
8703,8754
8739,8762
8679,8763
8776,8753
8582,8761
8661,8756
8666,8747
8726,8767
8846,8752
8653,8758
8774,8757
8746,8759
8604,8756
8737,8751
8595,8773
8647,8748
8597,8761
8655,8759
8837,8748
8754,8755
8758,8751
8711,8756
8556,8748
8781,8745
8573,8763
8702,8754
8771,8748
8672,8746
8761,8756
8642,8750
8581,8770
8614,8757
8611,8746
8705,8759
8666,8754
8729,8761
8706,8749
8568,8749
8830,8755
8636,8758
8660,8757
8675,8750
8694,8760
8746,8740
8684,8759
8644,8757
8711,8757
8712,8765
8697,8766
8640,8754
8712,8761
8772,8770
8647,8747
8790,8753
8606,8759
8754,8751
8638,8765
8588,8757
8830,8748
8583,8761
8772,8746
8785,8754
8690,8755
8793,8757
8584,8762
8553,8757
8678,8749
8638,8755
8747,8760
8616,8757
8714,8752
8758,8760
8603,8759
8783,8756
8644,8757
8641,8762
8644,8757
8664,8761
8745,8756
8696,8760
8712,8759
8677,8763
8642,8760
8685,8762
8595,8756
8719,8761
8766,8754
8706,8758
8779,8759
8549,8753
8769,8753
8672,8757
8591,8759
8669,8759
8605,8765
8631,8765
8576,8739
8636,8744
8566,8736
8331,8742
8551,8727
8337,8718
8478,8729
8572,8704
8396,8692
8513,8696
8317,8664
8432,8675
8299,8664
8325,8662
8356,8649
8386,8637
8360,8635
8325,8626
8366,8621
8327,8620
8322,8603
8264,8612
8238,8588
8349,8585
8271,8569
8303,8575
8281,8556
8294,8553
8271,8545
8236,8527
8240,8523
8213,8534
8303,8507
8347,8493
8353,8493
8175,8500
8230,8482
8408,8477
8261,8454
8298,8462
8312,8457
8235,8441
8348,8431
8257,8417
8212,8421
8267,8405
8262,8395
8261,8399
8273,8385
8223,8365
8223,8368
8285,8363
8092,8346
8145,8337
8357,8323
8405,8320
8185,8316
8046,8313
8248,8296
8173,8301
8097,8279
8060,8277
8136,8273
8151,8268
8094,8256
8047,8233
8114,8236
8103,8225
8116,8215
8046,8204
8074,8202
8085,8216
8130,8180
8079,8179
8025,8178
7991,8175
7938,8149
8140,8163
8145,8122
8129,8131
8051,8127
8021,8131
7928,8105
8008,8110
8007,8079
8034,8090
8046,8073
8056,8072
8064,8066
8072,8048
8021,8052
7991,8041
7978,8029
7947,8020
7900,8004
7923,8010
7921,8001
7915,7975
7915,7962
8055,7989
8002,7956
8043,7963
8052,7964
8072,7971
8055,7963
8099,7945
8110,7962
8059,7948
8108,7950
8122,7943
8092,7944
8151,7951
8138,7972
8131,7963
8136,7971
8161,7969
8161,7960
8163,7961
8190,7948
8148,7966
8149,7963
8160,7942
8185,7962
8156,7949
8170,7946
8191,7954
8145,7955
8171,7954
8180,7980
8157,7952
8171,7952
8191,7956
8176,7965
8160,7944
8177,7946
8158,7961
8138,7963
8197,7944
8162,7949
8144,7969
8156,7957
8152,7940
8150,7959
8143,7963
8133,7941
8109,7947
8138,7978
8144,7952
8098,7951
8040,7930
7887,7948
7742,7934
7700,7941
7588,7939
7594,7929
7540,7930
7552,7924
7549,7915
7427,7894
7442,7898
7395,7879
7435,7885
7438,7876
7445,7858
7442,7846
7447,7843
7454,7843
7437,7822
7434,7816
7384,7817
7337,7797
7349,7795
7348,7783
7303,7766
7417,7777
7402,7765
7413,7760
7376,7775
7349,7733
7312,7735
7342,7727
7393,7709
7377,7720
7347,7711
7315,7684
7285,7689
7388,7683
7409,7670
7333,7662
7241,7667
7343,7637
7343,7641
7350,7632
7256,7605
7201,7615
7213,7601
7405,7593
7082,7598
7180,7576
7241,7570
7083,7580
7106,7549
7191,7552
7304,7535
7174,7548
7182,7524
7236,7523
7134,7524
7148,7501
7261,7495
7133,7465
7187,7478
7201,7466
7091,7464
7222,7451
7232,7457
7186,7431
7180,7428
7131,7422
7201,7418
7131,7404
7195,7391
7252,7395
7074,7365
7204,7374
7021,7370
7105,7352
7190,7346
7091,7342
7187,7332
7078,7331
7153,7320
7055,7311
7130,7311
6987,7294
7042,7289
7011,7294
7080,7262
6978,7261
7050,7252
6931,7251
7019,7242
6976,7230
6972,7223
6944,7227
6905,7211
7002,7197
6947,7196
7051,7194
7051,7188
7001,7170
7082,7173
7180,7172
7279,7167
7014,7170
7178,7161
7128,7170
7294,7158
7137,7149
7068,7160
7329,7155
7077,7153
7295,7158
7290,7148
7271,7154
7224,7158
7027,7151
7189,7149
7178,7151
7121,7158
7294,7166
7101,7154
7357,7155
7432,7149
7119,7154
7398,7158
7131,7163
7226,7168
7201,7152
7127,7154
7331,7152
7315,7136
7309,7154
7190,7164
7230,7156
7285,7157
7213,7148
7175,7153
7323,7149
7186,7150
7295,7152
7142,7160
7351,7157
7241,7142
7184,7153
7229,7150
7175,7156
7319,7165
7213,7151
7229,7153
7207,7146
7183,7153
7213,7152
7216,7147
7172,7155
7239,7161
7053,7158
7309,7161
7198,7150
7039,7155
7279,7150
7050,7150
7185,7163
7097,7148
7137,7144
7300,7158
7231,7151
7295,7156
7242,7146
7210,7147
7224,7159
7172,7157
7276,7160
7258,7147
7292,7158
7227,7163
7139,7168
7332,7164
7227,7147
7142,7157
7234,7160
7168,7170
7301,7156
7304,7153
7251,7153
7321,7161
7211,7156
7272,7161
7112,7151
7168,7157
7284,7143
7175,7169
7266,7148
7221,7149
7072,7159
7313,7157
7110,7153
7231,7152
7387,7155
7236,7159
7385,7153
7098,7168
7347,7153
7182,7153
7126,7162
7210,7158
7081,7153
7289,7158
7282,7155
7175,7163
7251,7159
7254,7169
7288,7158
7186,7148
7243,7148
7205,7152
7128,7145
7314,7170
7206,7148
7100,7145
7217,7153
7122,7157
7253,7153
7089,7144
7160,7158
7278,7155
7191,7148
7334,7156
7213,7153
7153,7165
7212,7148
7129,7174
7283,7153
7223,7148
7308,7157
7244,7157
7108,7156
7350,7161
7133,7152
7102,7166
7197,7158
7173,7157
7249,7157
7230,7146
7237,7149
7230,7142
7148,7147
7241,7148
7121,7153
7177,7161
7300,7146
7164,7141
7267,7143
7289,7161
7152,7154
7263,7157
7173,7161
7198,7165
7189,7156
7208,7155
7302,7146
7166,7148
7335,7156
7183,7152
7167,7149
7158,7160
7059,7158
7270,7151
7224,7155
7219,7157
7238,7160
7182,7149
7208,7155
7257,7148
7184,7151
7156,7169
7139,7170
7323,7157
7164,7159
7265,7162
7187,7128
7207,7167
7258,7135
7130,7144
7215,7158
7316,7155
7108,7149
7288,7160
7255,7154
7117,7162
7285,7146
7091,7158
7247,7156
7119,7157
7224,7153
7241,7152
7126,7152
7252,7162
7126,7150
7196,7146
7214,7145
7208,7156
7236,7147
7171,7152
7229,7155
7208,7151
7116,7154
7259,7150
7173,7149
7224,7156
7283,7156
7141,7154
7371,7154
7300,7150
7250,7145
7291,7170
7163,7152
7183,7160
7156,7150
7190,7159
7359,7156
7129,7144
7316,7146
7195,7146
7152,7162
7183,7151
7071,7148
7229,7147
7138,7158
7204,7156
7278,7145
7172,7175
7268,7158
7252,7163
7227,7157
7220,7155
7154,7150
7302,7161
7246,7155
7207,7161
7229,7144
7214,7156
7269,7158
7195,7158
7176,7156
7255,7158
7145,7148
7266,7152
7177,7170
7363,7163
7251,7161
7093,7157
7404,7167
7012,7149
7324,7156
7290,7158
7191,7167
7238,7154
7109,7151
7129,7160
7231,7156
7153,7149
7157,7156
7258,7160
7271,7148
7228,7139
7164,7160
7358,7154
7242,7158
7182,7140
7235,7158
7082,7148
7301,7158
7289,7156
7259,7156
7340,7159
7174,7148
7265,7161
7112,7146
7142,7149
7276,7159
7190,7164
7316,7160
7201,7162
7279,7168
7187,7147
7093,7147
7267,7163
7083,7143
7205,7164
7192,7151
7251,7152
7239,7144
7107,7146
7221,7158
7176,7161
7123,7152
7339,7159
7126,7151
7178,7150
7377,7152
7139,7164
7390,7166
7235,7160
7137,7160
7204,7150
7086,7157
7269,7172
7267,7154
7264,7163
7244,7150
7124,7134
7234,7144
7057,7152
7292,7162
7304,7165
7155,7170
7259,7151
7157,7152
7251,7158
7269,7153
7149,7157
7221,7154
7252,7164
7169,7163
7230,7157
7199,7162
7300,7156
7220,7150
7129,7157
7204,7153
7156,7150
7295,7156
7188,7157
7312,7147
7260,7140
7175,7165
7344,7159
7118,7161
7170,7156
7349,7153
7166,7147
7392,7157
7176,7154
7348,7167
7188,7158
7105,7149
7267,7157
7035,7156
7267,7156
7295,7161
7160,7161
7202,7150
7213,7151
7312,7157
7199,7151
7173,7157
7274,7153
7178,7157
7280,7151
7300,7158
7074,7158
7351,7155
7149,7147
7134,7153
7155,7162
7115,7156
7314,7142
7281,7150
7252,7157
7253,7153
7104,7154
7269,7150
7133,7153
7322,7146
7265,7152
7274,7148
7320,7143
7155,7155
7333,7159
7223,7157
7164,7160
7303,7158
7187,7149
7250,7153
7232,7155
7168,7154
7282,7154
7209,7158
7117,7164
7193,7141
7145,7162
7283,7153
7186,7140
7257,7158
7283,7147
7197,7156
7330,7160
7213,7151
7207,7147
7174,7148
7197,7155
7356,7145
7249,7142
7399,7164
7316,7163
7366,7171
7365,7170
7361,7173
7484,7174
7519,7183
7464,7192
7477,7201
7514,7207
7531,7218
7473,7220
7503,7232
7526,7232
7570,7250
7515,7246
7547,7250
7488,7267
7542,7273
7576,7279
7558,7274
7580,7307
7600,7302
7602,7315
7646,7321
7572,7327
7648,7350
7662,7347
7638,7360
7602,7363
7627,7370
7596,7381
7591,7388
7696,7404
7595,7407
7729,7414
7587,7433
7656,7434
7674,7442
7677,7444
7714,7447
7619,7463
7714,7468
7762,7476
7677,7493
7708,7498
7754,7499
7706,7509
7761,7513
7791,7520
7619,7540
7708,7536
7854,7556
7746,7555
7718,7561
7785,7568
7686,7590
7694,7591
7843,7593
7807,7605
7708,7615
7777,7626
7861,7626
7833,7641
7747,7639
7770,7638
7857,7656
7844,7671
7794,7686
7744,7685
7835,7683
7898,7698
7920,7693
7852,7724
7845,7717
7827,7712
7931,7736
7956,7748
7950,7748
7810,7779
7779,7783
7861,7775
7860,7804
7928,7795
7932,7798
7935,7826
7915,7787
7943,7815
7887,7837
7887,7845
7937,7856
7910,7856
7989,7870
7989,7882
7969,7888
8002,7886
7990,7909
8075,7886
8093,7906
8019,7914
8006,7936
7949,7939
7973,7934
7874,7931
7895,7943
7879,7940
7885,7950
7885,7967
7899,7966
7873,7944
7822,7972
7812,7949
7841,7949
7868,7971
7829,7963
7801,7962
7786,7938
7815,7933
7844,7956
7805,7967
7795,7960
7820,7949
7811,7946
7826,7953
7820,7976
7824,7970
7783,7958
7809,7932
7804,7967
7787,7954
7769,7955
7795,7943
7802,7962
7800,7941
7761,7940
7752,7964
7779,7978
7800,7946
7786,7967
7782,7959
7786,7954
7785,7964
7789,7934
7781,7953
7764,7967
7800,7949
7790,7932
7817,7964
7801,7959
7820,7937
7863,7963
7928,7963
8069,7960
8190,7971
8205,7967
8344,7981
8390,8006
8405,7982
8460,8001
8470,8018
8488,8019
8502,8017
8486,8021
8450,8025
8493,8043
8452,8058
8406,8055
8434,8077
8419,8076
8401,8085
8472,8084
8473,8113
8541,8104
8567,8112
8514,8121
8565,8131
8441,8140
8421,8146
8440,8148
8584,8166
8679,8175
8578,8174
8579,8179
8497,8193
8551,8196
8651,8204
8679,8220
8606,8209
8602,8237
8575,8243
8641,8245
8641,8255
8612,8276
8557,8270
8667,8275
8709,8294
8638,8294
8548,8310
8651,8315
8676,8330
8594,8343
8444,8342
8679,8341
8747,8356
8494,8361
8563,8372
8642,8387
8756,8389
8653,8382
8779,8406
8665,8398
8678,8419
8770,8419
8655,8429
8681,8446
8736,8444
8609,8455
8714,8456
8781,8471
8690,8472
8784,8484
8708,8496
8732,8500
8737,8510
8702,8511
8848,8527
8705,8541
8843,8557
8797,8571
8832,8563
8781,8565
8747,8582
8866,8581
8774,8590
8832,8602
8775,8606
8902,8631
8895,8642
8903,8629
8879,8641
8910,8643
8879,8661
8942,8670
8929,8673
8969,8684
8753,8689
8851,8697
8986,8710
8952,8722
8931,8724
8842,8726
8793,8743
8737,8749
8801,8750
8865,8756
8643,8754
8871,8752
8666,8754
8752,8755
8660,8747
8607,8757
8787,8759
8800,8752
8709,8758
8815,8764
8574,8747
8793,8742
8651,8761
8648,8765
8787,8757
8611,8750
8773,8761
8637,8759
8776,8759
8689,8750
8589,8755
8662,8754
8614,8751
8619,8753
8744,8755
8633,8752
8721,8761
8685,8753
8561,8753
8613,8751
8556,8758
8673,8750
8561,8762
8716,8756
8693,8749
8591,8762
8663,8751
8576,8750
8616,8762
8579,8748
8526,8747
8782,8757
8765,8748
8785,8762
8834,8748
8592,8759
8807,8761
8643,8760
8712,8759
8684,8752
8713,8755
8740,8752
8654,8769
8699,8755
8677,8747
8591,8763
8726,8762
8586,8756
8685,8757
8772,8752
8750,8757
8754,8756
8599,8750
8624,8751
8683,8750
8628,8767
8787,8762
8600,8754
8708,8749
8772,8760
8546,8765
8786,8762
8664,8759
8732,8758
8649,8749
8721,8758
8799,8765
8584,8762
8804,8751
8653,8757
8572,8755
8753,8756
8545,8758
8644,8758
8867,8754
8557,8748
8804,8768
8660,8754
8803,8765
8652,8761
8534,8749
8739,8761
8570,8750
8727,8759
8712,8752
8694,8755
8753,8762
8672,8746
8640,8767
8627,8765
8664,8754
8816,8759
8577,8766
8857,8778
8820,8754
8566,8749
8767,8762
8634,8744
8672,8764
8696,8755
8640,8755
8673,8754
8683,8755
8703,8763
8698,8758
8649,8766
8707,8755
8565,8763
8711,8756
8852,8752
8712,8745
8774,8754
8582,8756
8788,8764
8630,8754
8603,8754
8774,8757
8571,8762
8775,8758
8798,8761
8735,8758
8791,8759
8629,8746
8625,8762
8685,8747
8668,8759
8796,8767
8676,8755
8759,8759
8759,8751
8664,8751
8752,8749
8603,8750
8723,8758
8611,8767
8711,8762
8737,8763
8612,8764
8775,8770
8637,8752
8564,8762
8677,8754
8535,8763
8744,8750
8746,8754
8744,8750
8774,8753
8577,8755
8760,8746
8610,8750
8641,8758
8772,8753
8614,8758
8824,8756
8737,8759
8807,8751
8830,8761
8542,8760
8622,8762
8583,8758
8610,8759
8773,8759
8569,8752
8717,8752
8789,8739
8633,8750
8733,8752
8570,8761
8689,8757
8565,8751
8652,8746
8700,8757
8546,8751
8742,8750
8614,8758
8579,8763
8703,8761
8593,8761
8734,8753
8726,8761
8722,8754
8776,8751
8583,8759
8827,8756
8646,8774
8610,8747
8768,8759
8621,8765
8823,8768
8781,8749
8766,8756
8723,8756
8639,8763
8715,8738
8613,8758
8666,8752
8808,8758
8690,8755
8782,8752
8676,8759
8588,8758
8670,8748
8547,8760
8765,8760
8523,8750
8679,8769
8790,8766
8630,8757
8786,8765
8646,8743
8605,8753
8679,8750
8612,8756
8709,8770
8673,8761
8881,8761
8767,8756
8555,8758
8863,8769
8628,8741
8658,8758
8775,8753
8571,8748
8813,8762
8800,8755
8725,8767
8730,8758
8597,8744
8722,8758
8565,8755
8712,8758
8788,8755
8676,8759
8749,8754
8647,8772
8624,8757
8702,8755
8563,8762
8747,8761
8532,8739
8694,8753
8744,8756
8577,8756
8825,8763
8604,8745
8601,8751
8660,8750
8629,8770
8814,8753
8681,8762
8739,8764
8816,8762
8595,8755
8836,8766
8703,8751
8654,8758
8790,8748
8641,8760
8725,8756
8713,8766
8774,8759
8650,8754
8606,8746
8781,8758
8572,8753
8709,8770
8720,8761
8686,8757
8808,8757
8696,8757
8578,8765
8655,8762
8560,8752
8733,8758
8680,8758
8775,8770
8738,8753
8661,8772
8812,8759
8580,8761
8621,8758
8591,8763
8611,8752
8812,8768
8705,8755
8769,8763
8770,8764
8625,8752
8790,8761
8611,8756
8693,8769
8866,8764
8606,8768
8782,8757
8727,8755
8793,8748
8704,8759
8549,8764
8736,8757
8618,8753
8717,8742
8708,8750
8683,8759
8772,8749
8612,8757
8629,8761
8644,8750
8659,8761
8806,8755
8633,8755
8761,8767
8738,8752
8574,8751
8798,8759
8638,8750
8659,8752
8661,8761
8608,8757
8795,8761
8706,8744
8761,8763
8738,8762
8591,8768
8722,8749
8612,8758
8756,8763
8731,8758
8640,8748
8788,8754
8650,8754
8641,8745
8648,8744
8590,8763
8759,8752
8616,8746
8721,8755
8742,8759
8636,8769
8751,8751
8662,8758
8684,8764
8630,8753
8701,8746
8732,8759
8642,8758
8801,8767
8729,8753
8633,8753
8713,8760
8532,8762
8832,8771
8841,8751
8680,8759
8803,8762
8642,8759
8803,8741
8636,8754
8534,8768
8722,8760
8597,8765
8743,8750
8762,8752
8644,8750
8791,8761
8646,8752
8653,8758
8662,8757
8622,8754
8756,8772
8605,8757
8679,8758
8778,8756
8598,8757
8799,8761
8647,8764
8620,8747
8680,8760
8629,8759
8771,8755
8656,8747
8798,8764
8741,8774
8602,8759
8692,8758
8651,8764
8738,8773
8705,8764
8656,8761
8725,8753
8586,8744
8712,8747
8551,8751
8502,8747
8739,8753
8469,8737
8772,8732
8547,8731
8626,8722
8549,8710
8282,8716
8417,8697
8336,8698
8475,8696
8524,8679
8473,8683
8530,8674
8404,8658
8382,8659
8368,8662
8339,8631
8288,8618
8334,8605
8269,8608
8341,8596
8281,8599
8291,8591
8311,8577
8287,8564
8313,8548
8270,8560
8265,8548
8180,8543
8378,8528
8200,8510
8213,8532
8321,8498
8228,8506
8249,8508
8215,8486
8297,8464
8283,8470
8237,8464
8307,8447
8250,8442
8267,8435
8233,8427
8249,8415
8264,8417
8256,8412
8240,8401
8290,8386
8273,8359
8210,8369
8138,8359
8254,8365
8176,8344
8145,8325
8390,8324
8372,8317
8067,8315
8028,8296
8271,8294
8183,8294
8045,8287
8097,8276
8180,8264
8085,8259
8093,8242
8085,8236
8118,8221
8168,8225
8081,8190
7998,8206
8067,8220
8108,8213
8154,8181
8046,8185
8034,8170
8004,8160
7980,8131
8106,8142
8128,8147
8055,8123
8037,8104
7964,8117
7985,8109
7978,8092
8070,8111
8055,8081
8034,8073
8042,8069
8071,8066
8073,8046
7976,8045
7941,8035
7996,8005
7940,8020
7912,7995
7952,7985
7894,7996
7973,7980
8044,7990
7947,7983
8018,7966
8019,7959
8043,7970
8020,7966
8055,7966
8115,7973
8115,7964
8109,7969
8116,7949
8110,7958
8124,7968
8126,7975
8157,7968
8125,7941
8163,7964
8166,7962
8174,7954
8137,7951
8158,7954
8159,7979
8148,7945
8199,7957
8186,7959
8193,7949
8145,7949
8180,7950
8173,7978
8182,7967
8179,7959
8177,7962
8180,7954
8176,7946
8170,7961
8186,7952
8157,7943
8167,7934
8172,7949
8163,7953
8149,7957
8162,7964
8147,7966
8179,7946
8138,7953
8144,7944
8154,7967
8158,7966
8141,7949
8147,7948
8083,7934
7996,7951
7888,7936
7778,7947
7694,7949
7601,7930
7490,7924
7496,7912
7471,7917
7412,7912
7462,7914
7395,7881
7431,7872
7415,7879
7434,7863
7454,7851
7453,7843
7463,7840
7466,7848
7469,7826
7423,7814
7402,7810
7324,7805
7337,7805
7330,7777
7323,7779
7384,7770
7429,7768
7410,7756
7309,7756
7252,7743
7284,7717
7357,7723
7421,7704
7389,7713
7367,7699
7347,7699
7340,7688
7362,7687
7398,7673
7324,7658
7254,7640
7291,7654
7412,7644
7276,7638
7306,7623
7393,7620
7341,7605
7163,7587
7069,7588
7273,7579
7208,7561
7122,7556
7230,7549
7201,7549
7195,7533
7141,7530
7248,7536
7223,7513
7140,7504
7197,7502
7104,7486
7148,7481
7188,7487
7168,7454
7101,7462
7214,7461
7178,7440
7216,7433
7166,7439
7141,7413
7190,7419
6987,7413
7157,7395
7199,7397
7075,7383
7186,7365
7041,7373
7200,7347
6986,7353
7092,7346
7170,7346
7100,7324
7076,7324
7056,7311
7046,7315
7044,7285
6993,7284
7025,7274
7024,7266
7045,7254
7041,7252
6985,7245
7016,7236
6953,7241
7033,7224
7013,7215
6990,7197
7008,7189
6902,7187
7061,7181
7042,7175
7037,7177
7121,7172
6972,7183
7192,7163
7095,7171
7133,7158
7262,7164
7058,7154
7244,7158
7208,7159
7294,7169
7208,7154
7094,7157
7381,7175
7058,7155
7243,7166
7240,7149
7273,7151
7323,7169
7187,7150
7099,7149
7331,7163
7194,7180
7223,7157
7179,7157
7256,7158
7310,7156
7238,7154
7330,7171
7196,7150
7235,7164
7118,7157
7195,7153
7338,7155
7270,7139
7314,7154
7289,7154
7119,7154
7311,7161
7197,7147
7259,7162
7269,7157
7210,7155
7303,7151
7118,7158
7267,7152
7058,7150
7132,7167
7240,7160
7122,7151
7239,7169
7249,7147
7237,7151
7331,7164
7103,7151
7096,7155
7155,7150
7125,7154
7290,7153
7020,7148
7257,7160
7316,7157
7147,7161
7216,7132
7155,7156
7214,7159
7105,7160
7168,7151
7306,7155
7231,7154
7337,7157
7191,7166
7103,7170
7257,7152
7079,7162
7231,7148
7284,7157
7243,7153
7287,7150
7263,7152
7243,7153
7232,7147
7241,7146
7275,7145
7207,7160
7225,7163
7309,7150
7318,7150
7300,7164
7147,7154
7224,7157
7191,7149
7225,7161
7361,7152
7140,7169
7359,7148
7282,7169
7072,7154
7306,7157
7143,7158
7297,7154
7102,7156
7171,7157
7331,7159
7119,7153
7242,7160
7110,7156
7067,7153
7246,7157
7130,7143
7164,7153
7195,7150
7273,7152
7191,7159
7133,7144
7238,7157
7180,7157
7152,7149
7322,7154
7121,7149
7304,7150
7255,7163
7243,7151
7318,7159
7054,7158
7231,7150
7131,7146
7205,7157
7362,7148
7177,7160
7376,7155
7191,7148
7129,7160
7167,7153
7134,7144
7279,7153
7067,7148
7200,7157
7317,7148
7200,7144
7256,7161
7150,7161
7155,7158
7273,7151
7179,7161
7163,7164
7260,7157
7263,7148
7302,7159
7127,7156
7265,7167
7225,7166
7185,7158
7263,7157
7163,7144
7305,7147
7233,7153
7186,7161
7232,7151
7122,7140
7276,7138
7023,7150
7235,7158
7328,7153
7178,7155
7288,7158
7083,7163
7133,7150
7133,7148
7138,7159
7145,7152
7160,7146
7183,7144
7166,7146
7205,7159
7187,7146
7078,7142
7169,7150
7135,7146
7162,7149
7291,7167
7240,7154
7274,7156
7354,7160
7129,7152
7327,7160
7178,7154
7189,7160
7306,7156
7182,7154
7289,7157
7224,7153
7247,7164
7202,7164
7165,7158
7293,7157
7072,7157
7185,7151
7282,7160
7173,7152
7274,7147
7152,7156
7234,7151
7185,7155
7219,7147
7286,7161
7116,7152
7328,7156
7275,7155
7143,7148
7291,7152
7211,7154
7145,7160
7274,7163
7168,7150
7273,7144
7240,7149
7237,7155
7283,7151
7097,7158
7346,7139
7135,7167
7195,7166
7303,7153
7282,7157
7285,7150
7168,7164
7268,7158
7221,7151
7109,7146
7225,7149
7149,7150
7175,7156
7239,7164
7211,7152
7207,7158
7207,7150
7207,7139
7190,7153
7230,7156
7253,7160
7249,7150
7270,7167
7253,7159
7120,7157
7299,7155
7152,7150
7188,7158
7171,7156
7135,7152
7315,7155
7241,7144
7315,7157
7196,7151
7166,7155
7205,7160
7062,7157
7233,7151
7320,7148
7226,7140
7261,7137
7229,7146
7181,7161
7171,7166
7262,7153
7206,7162
7145,7151
7280,7165
7283,7159
7151,7160
7291,7157
7207,7164
7094,7152
7292,7149
7016,7148
7302,7148
7122,7147
7231,7154
7314,7152
7158,7154
7314,7167
7156,7159
7257,7162
7104,7151
7266,7158
7286,7156
7115,7146
7268,7152
7188,7135
7102,7155
7219,7151
7105,7158
7225,7159
7221,7168
7203,7156
7292,7154
7168,7160
7299,7159
7217,7153
7087,7157
7261,7147
7113,7159
7219,7161
7201,7146
7238,7146
7256,7153
7083,7148
7128,7152
7136,7154
7069,7126
7310,7157
7059,7152
7352,7147
7271,7164
7009,7156
7291,7168
7114,7150
7199,7153
7103,7153
7194,7160
7260,7150
7253,7156
7232,7151
7181,7140
7222,7155
7206,7147
7173,7159
7306,7154
7295,7154
7171,7159
7299,7178
7211,7151
7377,7154
7161,7155
7127,7161
7310,7155
7155,7152
7314,7153
7316,7148
7120,7157
7300,7158
7151,7156
7184,7158
7116,7148
7215,7159
7186,7154
7131,7160
7329,7154
7193,7160
7140,7146
7258,7155
7196,7155
7268,7151
7274,7162
7272,7153
7257,7164
7245,7156
7299,7145
7270,7158
7125,7153
7225,7167
7161,7142
7255,7163
7283,7153
7269,7154
7270,7161
7113,7155
7181,7154
7124,7153
7151,7162
7384,7158
7129,7158
7503,7161
7260,7158
7029,7160
7244,7151
7068,7173
7244,7159
7157,7154
7179,7162
7286,7157
7236,7151
7231,7151
7301,7146
7186,7161
7252,7155
7182,7147
7273,7144
7346,7153
7141,7162
7306,7150
7229,7147
7337,7159
7192,7165
7179,7148
7244,7153
7121,7145
7227,7155
7379,7154
7261,7158
7309,7158
7142,7153
7224,7158
7229,7155
7358,7166
7420,7175
7338,7158
7470,7169
7340,7175
7361,7190
7435,7174
7417,7202
7456,7197
7497,7230
7493,7216
7475,7227
7467,7227
7481,7237
7532,7243
7548,7257
7555,7262
7525,7275
7534,7280
7591,7295
7586,7293
7587,7309
7574,7315
7575,7310
7574,7326
7620,7330
7607,7346
7688,7344
7631,7356
7607,7360
7587,7364
7585,7382
7757,7390
7629,7393
7631,7411
7725,7414
7574,7426
7702,7442
7631,7441
7668,7455
7707,7455
7683,7462
7730,7466
7722,7475
7676,7478
7720,7499
7678,7506
7666,7518
7796,7506
7742,7538
7774,7529
7683,7536
7681,7551
7690,7558
7714,7566
7780,7575
7649,7575
7740,7577
7841,7597
7810,7615
7703,7613
7807,7635
7868,7627
7800,7635
7743,7627
7748,7648
7827,7670
7897,7659
7774,7678
7696,7677
7892,7681
7931,7705
7886,7702
7821,7735
7794,7723
7891,7733
7922,7753
7942,7773
7904,7755
7852,7761
7759,7766
7904,7768
7958,7802
7871,7788
7973,7811
7933,7817
7915,7831
7889,7842
7894,7852
7880,7846
7880,7846
7954,7882
7985,7869
7974,7864
7993,7890
8015,7861
8071,7904
8085,7906
8101,7923
8014,7938
8024,7937
8007,7933
7979,7944
7949,7927
7927,7945
7921,7956
7893,7942
7842,7959
7876,7957
7861,7957
7832,7959
7829,7961
7825,7953
7840,7960
7821,7956
7806,7954
7821,7966
7787,7943
7840,7956
7838,7950
7808,7979
7825,7931
7835,7964
7813,7941
7829,7958
7790,7950
7809,7928
7780,7947
7785,7955
7819,7947
7805,7949
7805,7962
7779,7945
7748,7960
7763,7971
7775,7972
7773,7950
7774,7941
7807,7972
7763,7949
7782,7972
7776,7966
7756,7941
7808,7970
7812,7971
7811,7961
7801,7945
7805,7951
7797,7945
7844,7967
7878,7935
7976,7962
8100,7949
8156,7966
8284,7972
8311,7982
8404,7962
8422,7993
8421,7993
8468,8017
8478,8030
8473,8027
8486,8036
8473,8043
8451,8055
8475,8081
8422,8059
8439,8089
8432,8074
8402,8103
8435,8077
8480,8112
8511,8100
8529,8107
8539,8114
8520,8134
8398,8142
8435,8158
8434,8152
8586,8170
8630,8171
8648,8172
8547,8188
8555,8204
8548,8199
8697,8205
8653,8224
8559,8224
8615,8242
8614,8251
8681,8246
8674,8246
8615,8276
8575,8267
8667,8276
8740,8289
8626,8303
8612,8314
8611,8310
8646,8318
8572,8332
8555,8342
8702,8350
8768,8348
8676,8360
8637,8368
8741,8360
8592,8385
8741,8403
8767,8409
8690,8415
8640,8423
8776,8437
8611,8425
8670,8438
8717,8446
8654,8459
8784,8469
8733,8465
8713,8479
8758,8486
8744,8488
8882,8523
8776,8524
8735,8514
8874,8533
8725,8534
8868,8551
8725,8561
8863,8573
8827,8572
8824,8573
8794,8584
8787,8596
8864,8609
8801,8597
8819,8626
8887,8624
8872,8631
8920,8650
8941,8657
8854,8642
8908,8671
8924,8686
8953,8690
8956,8701
8858,8701
8949,8696
8883,8713
8959,8729
8999,8727
8787,8740
8842,8739
8671,8744
8814,8754
8595,8742
8712,8768
8760,8751
8779,8752
8843,8760
8689,8755
8592,8754
8724,8758
8627,8755
8786,8766
8577,8755
8774,8768
8702,8755
8592,8752
8781,8762
8555,8747
8644,8743
8579,8750
8601,8753
8774,8750
8737,8746
8652,8762
8702,8754
8669,8761
8647,8757
8659,8750
8687,8750
8739,8746
8639,8763
8742,8755
8572,8759
8734,8761
8525,8752
8541,8764
8743,8752
8570,8769
8671,8757
8770,8754
8619,8770
8828,8762
8598,8748
8638,8754
8660,8752
8655,8754
8802,8766
8601,8757
8843,8756
8746,8746
8568,8762
8745,8750
8589,8746
8587,8752
8628,8750
8582,8754
8751,8751
8744,8760
8738,8759
8700,8760
8619,8758
8761,8766
8581,8757
8699,8764
8752,8761
8704,8755
8769,8761
8627,8761
8773,8766
8698,8749
8574,8769
8738,8773
8581,8760
8744,8750
8711,8755
8799,8762
8796,8761
8553,8755
8687,8768
8554,8762
8623,8766
8739,8750
8604,8759
8721,8760
8701,8770
8558,8767
8788,8756
8619,8761
8652,8765
8600,8755
8608,8757
8828,8757
8615,8749
8783,8756
8599,8762
8621,8743
8678,8764
8565,8754
8680,8749
8762,8767
8647,8763
8799,8742
8605,8752
8804,8741
8649,8758
8593,8757
8764,8757
8663,8756
8832,8762
8804,8748
8670,8756
8760,8770
8652,8748
8694,8754
8612,8758
8650,8761
8822,8772
8677,8762
8759,8762
8670,8742
8632,8763
8730,8760
8615,8750
8723,8755
8562,8754
8707,8752
8830,8754
8625,8764
8844,8749
8672,8750
8609,8775
8715,8745
8541,8772
8673,8757
8774,8752
8721,8761
8796,8736
8562,8756
8799,8749
8585,8748
8628,8748
8807,8750
8637,8753
8742,8755
8748,8760
8723,8740
8854,8755
8719,8757
8673,8754
8599,8760
8701,8760
8790,8763
8647,8763
8731,8745
8635,8766
8687,8753
8625,8759
8595,8760
8714,8754
8556,8755
8756,8756
8783,8753
8548,8762
8756,8749
8629,8757
8521,8763
8803,8754
8619,8763
8766,8760
8698,8767
8700,8748
8763,8759
8602,8754
8719,8747
8619,8752
8630,8754
8734,8756
8686,8758
8797,8774
8689,8754
8683,8761
8774,8763
8608,8737
8702,8750
8516,8761
8724,8764
8809,8744
8616,8758
8743,8763
8628,8762
8574,8751
8704,8739
8557,8758
8680,8749
8554,8758
8677,8782
8756,8765
8630,8749
8822,8742
8628,8761
8663,8754
8715,8756
8612,8752
8752,8757
8682,8762
8765,8751
8776,8760
8616,8756
8790,8746
8599,8755
8703,8760
8813,8750
8629,8753
8799,8751
8645,8751
8745,8755
8735,8753
8626,8755
8668,8761
8582,8755
8635,8748
8772,8752
8635,8758
8729,8747
8603,8741
8616,8765
8672,8741
8590,8754
8742,8740
8545,8757
8764,8758
8773,8763
8653,8760
8783,8761
8683,8747
8611,8758
8710,8757
8682,8760
8783,8759
8705,8753
8790,8751
8805,8744
8638,8756
8814,8761
8582,8761
8678,8748
8782,8758
8649,8750
8686,8754
8650,8747
8764,8758
8700,8747
8560,8759
8691,8749
8542,8753
8697,8764
8823,8749
8665,8767
8818,8761
8655,8755
8665,8766
8691,8757
8570,8755
8721,8759
8619,8762
8741,8763
8686,8755
8608,8781
8767,8753
8633,8758
8653,8755
8613,8758
8729,8754
8817,8758
8578,8755
8787,8767
8756,8757
8575,8764
8764,8753
8578,8766
8662,8768
8775,8754
8630,8765
8705,8757
8635,8759
8806,8760
8600,8749
8542,8754
8790,8751
8620,8750
8787,8758
8769,8759
8689,8767
8800,8764
8627,8752
8523,8746
8671,8752
8611,8752
8789,8760
8586,8759
8758,8761
8740,8752
8590,8749
8751,8763
8570,8754
8686,8745
8624,8752
8655,8761
8720,8763
8631,8755
8735,8750
8702,8754
8626,8759
8655,8759
8502,8760
8716,8764
8849,8752
8713,8755
8817,8754
8608,8756
8829,8767
8624,8746
8598,8759
8704,8751
8569,8763
8684,8758
8730,8750
8725,8751
8747,8781
8641,8756
8606,8749
8652,8771
8692,8747
8837,8758
8591,8760
8813,8761
8752,8765
8526,8752
8763,8751
8541,8763
8682,8759
8651,8774
8632,8755
8694,8752
8723,8762
8738,8770
8711,8750
8651,8756
8666,8761
8640,8746
8803,8757
8759,8754
8704,8765
8733,8754
8589,8758
8783,8766
8639,8757
8569,8766
8801,8757
8604,8764
8739,8763
8678,8757
8845,8744
8743,8762
8562,8753
8635,8755
8581,8752
8692,8758
8811,8752
8592,8756
8857,8780
8727,8751
8607,8760
8701,8754
8583,8760
8779,8758
8574,8757
8759,8756
8772,8754
8601,8750
8810,8767
8641,8759
8587,8762
8742,8750
8610,8748
8686,8752
8781,8735
8629,8751
8804,8763
8688,8749
8791,8763
8651,8753
8667,8758
8756,8759
8637,8756
8774,8756
8642,8760
8839,8757
8693,8750
8552,8769
8715,8759
8585,8753
8692,8754
8705,8754
8568,8746
8639,8749
8428,8735
8383,8740
8486,8725
8356,8721
8640,8711
8521,8713
8502,8722
8434,8692
8248,8689
8524,8682
8284,8668
8398,8668
8348,8656
8404,8646
8349,8640
8377,8630
8324,8625
8346,8617
8317,8614
8296,8599
8276,8591
8342,8588
8285,8574
8296,8570
8250,8560
8262,8545
8303,8555
8262,8527
8366,8523
8153,8525
8212,8519
8284,8500
8322,8488
8298,8492
8218,8472
8352,8454
8205,8462
8284,8463
8289,8450
8238,8441
8329,8431
8303,8425
8207,8414
8337,8410
8296,8405
8227,8394
8331,8385
8231,8382
8266,8379
8224,8371
8172,8342
8099,8346
8269,8323
8422,8329
8269,8303
8127,8315
8161,8301
8114,8297
8202,8286
8114,8282
8143,8261
8150,8275
8152,8256
8096,8239
8090,8255
8138,8236
8149,8225
8039,8212
8039,8201
8032,8195
8085,8181
8095,8186
8080,8178
8044,8165
7998,8163
8109,8144
8132,8134
8158,8141
8028,8120
8084,8111
8047,8102
8012,8089
7954,8094
8020,8098
8045,8063
8085,8079
8073,8045
8052,8065
8057,8034
7970,8024
7977,8053
7947,8040
7906,8006
7909,8016
7888,7998
7889,8002
7890,7989
7949,7975
7960,7960
8017,7981
8019,7974
8042,7970
8036,7987
8066,7955
8105,7962
8061,7940
8094,7966
8121,7951
8117,7947
8141,7970
8143,7944
8148,7953
8153,7937
8160,7963
8158,7980
8141,7966
8145,7953
8160,7934
8170,7974
8147,7946
8165,7960
8156,7959
8160,7951
8163,7941
8170,7959
8181,7961
8173,7971
8146,7957
8175,7954
8191,7954
8145,7943
8190,7951
8153,7951
8157,7946
8160,7944
8149,7952
8176,7956
8154,7960
8144,7987
8144,7949
8145,7942
8154,7967
8162,7966
8150,7944
8164,7963
8142,7959
8121,7952
8019,7965
7906,7949
7875,7968
7748,7938
7648,7948
7619,7943
7517,7932
7575,7915
7537,7914
7459,7893
7445,7895
7432,7865
7447,7866
7391,7867
7427,7868
7452,7853
7447,7852
7458,7849
7475,7828
7466,7821
7430,7820
7400,7803
7345,7808
7367,7801
7375,7795
7408,7771
7396,7770
7394,7765
7415,7745
7330,7749
7273,7732
7297,7715
7362,7733
7391,7717
7426,7704
7334,7711
7314,7687
7341,7682
7434,7674
7321,7665
7292,7659
7266,7646
7334,7632
7331,7633
7320,7631
7220,7613
7293,7614
7462,7599
7259,7586
7100,7584
7298,7590
7241,7566
7060,7564
7317,7553
7224,7541
7211,7548
7144,7532
7237,7521
7230,7516
7157,7503
7217,7499
7111,7500
7105,7478
7177,7486
7091,7481
7149,7461
7200,7439
7126,7437
7203,7429
7159,7421
7108,7430
7151,7418
7024,7403
7243,7387
7130,7393
7126,7373
7212,7361
7062,7356
7195,7355
7058,7359
7140,7332
7052,7323
7164,7322
7100,7315
7135,7311
6999,7314
7086,7281
7008,7285
7103,7286
7020,7268
6998,7261
7018,7261
7035,7249
7002,7242
6886,7227
6953,7228
6919,7216
6951,7203
6984,7187
6937,7198
7060,7191
7052,7173
7088,7176
7161,7167
7016,7165
7180,7164
7209,7157
7100,7155
7204,7173
7132,7159
7217,7166
7075,7158
7180,7154
7347,7157
7112,7146
7395,7160
7158,7157
7061,7166
7113,7160
7107,7158
7260,7161
7112,7153
7174,7153
7321,7144
7250,7139
7308,7160
7262,7142
7161,7152
7305,7153
7191,7146
7286,7158
7321,7151
7222,7153
7417,7155
7272,7171
7335,7159
7279,7169
7196,7148
7281,7166
7186,7147
7258,7158
7256,7154
7301,7162
7224,7152
7101,7165
7254,7157
7063,7151
7193,7161
7257,7154
7162,7153
7288,7158
7233,7162
7149,7142
7254,7155
7165,7157
7161,7157
7108,7151
7151,7155
7293,7145
7096,7143
7258,7154
7069,7145
7139,7161
7355,7155
7101,7143
7320,7149
7266,7144
7288,7161
7350,7167
7157,7155
7187,7158
7233,7157
7126,7146
7342,7158
7126,7154
7345,7158
7152,7151
7166,7153
7143,7161
7107,7151
7220,7135
7147,7151
7161,7162
7262,7159
7284,7167
7301,7163
7288,7149
7167,7154
7284,7147
7136,7150
7312,7160
7247,7138
7265,7151
7291,7145
7119,7154
7344,7160
7175,7159
7144,7154
7331,7158
7094,7163
7305,7162
7264,7146
7322,7155
7244,7156
7092,7148
7263,7142
7121,7158
7165,7158
7336,7155
7132,7167
7250,7160
7194,7153
7150,7155
7165,7136
7118,7149
7230,7157
7115,7154
7137,7157
7324,7151
7137,7149
7306,7153
7181,7142
7170,7161
7279,7152
7184,7161
7217,7145
7204,7148
7275,7157
7257,7154
7169,7156
7296,7151
7087,7169
7172,7159
7386,7147
7191,7155
7374,7157
7176,7150
7309,7161
7274,7150
7110,7163
7186,7153
7190,7143
7237,7152
7257,7153
7163,7165
7220,7154
7237,7155
7148,7163
7258,7145
7108,7157
7270,7147
7139,7141
7208,7158
7249,7154
7158,7161
7297,7158
7147,7145
7127,7150
7234,7160
7124,7142
7290,7164
7250,7167
7301,7158
7298,7152
7102,7160
7258,7151
7112,7158
7223,7154
7275,7150
7193,7174
7336,7162
7150,7151
7196,7151
7190,7159
7215,7157
7271,7160
7181,7157
7177,7149
7297,7158
7250,7158
7285,7161
7146,7150
7148,7150
7233,7146
7056,7155
7211,7157
7119,7157
7229,7163
7261,7156
7266,7157
7303,7148
7129,7147
7210,7160
7168,7161
7177,7160
7314,7157
7120,7160
7274,7156
7249,7161
7096,7155
7211,7146
7129,7141
7231,7158
7267,7155
7189,7155
7236,7148
7242,7161
7263,7171
7151,7150
7147,7151
7273,7148
7128,7158
7207,7155
7250,7153
7231,7170
7302,7149
7140,7153
7168,7154
7215,7148
7120,7152
7352,7150
7095,7156
7327,7165
7312,7151
7086,7143
7329,7158
7115,7154
7207,7151
7145,7159
7202,7155
7275,7154
7217,7173
7215,7153
7255,7166
7308,7156
7235,7164
7245,7148
7245,7155
7256,7152
7283,7153
7262,7154
7179,7166
7304,7155
7166,7145
7112,7156
7287,7164
7088,7156
7199,7152
7246,7155
7238,7149
7298,7153
7135,7166
7250,7158
7161,7151
7253,7156
7335,7141
7155,7162
7314,7158
7205,7155
7056,7148
7266,7158
7107,7157
7180,7161
7144,7148
7182,7141
7283,7153
7202,7154
7262,7148
7247,7144
7222,7163
7227,7146
7145,7161
7181,7150
7353,7153
7176,7149
7286,7154
7238,7147
7271,7165
7212,7138
7156,7152
7263,7145
7167,7163
7308,7163
7236,7154
7303,7163
7270,7154
7101,7152
7179,7154
7109,7151
7146,7157
7312,7158
7128,7153
7212,7137
7259,7143
7231,7161
7177,7151
7218,7149
7230,7173
7145,7145
7270,7162
7231,7161
7146,7154
7272,7163
7199,7151
7077,7159
7199,7145
7062,7155
7229,7164
7291,7154
7155,7143
7404,7163
7210,7151
7326,7160
7143,7151
7146,7154
7312,7151
7145,7151
7236,7160
7189,7151
7284,7153
7214,7153
7116,7144
7163,7154
7205,7168
7274,7163
7246,7162
7221,7149
7281,7153
7220,7159
7240,7163
7177,7150
7066,7157
7336,7156
7443,7151
7214,7155
7367,7155
7165,7156
7330,7157
7255,7156
7093,7157
7259,7156
7130,7154
7331,7148
7326,7160
7355,7157
7325,7155
7126,7165
7204,7146
7089,7149
7175,7162
7327,7157
7109,7151
7292,7154
7264,7171
7204,7146
7294,7166
7209,7160
7203,7160
7225,7161
7225,7143
7274,7166
7226,7158
7250,7162
7249,7144
7219,7146
7158,7160
7139,7157
7201,7160
7326,7163
7200,7148
7344,7150
7188,7158
7375,7158
7185,7152
7144,7151
7357,7152
7128,7163
7268,7155
7168,7154
7314,7156
7263,7155
7158,7153
7196,7155
7225,7152
7242,7160
7234,7166
7259,7157
7263,7152
7260,7159
7125,7152
7334,7162
7108,7155
7223,7149
7171,7158
7228,7162
7377,7163
7217,7155
7310,7154
7306,7162
7152,7155
7293,7152
7168,7134
7309,7152
7354,7142
7271,7150
7322,7156
7249,7165
7298,7159
7302,7170
7404,7176
7519,7179
7375,7186
7530,7200
7428,7197
7457,7209
7468,7208
7462,7225
7530,7221
7488,7231
7568,7239
7482,7248
7524,7259
7498,7244
7598,7271
7528,7279
7562,7293
7528,7285
7612,7297
7576,7308
7613,7316
7553,7323
7617,7335
7617,7340
7624,7352
7602,7363
7644,7362
7669,7374
7584,7386
7727,7388
7630,7399
7628,7410
7624,7414
7635,7420
7659,7431
7580,7439
7689,7450
7739,7464
7720,7467
7792,7468
7700,7480
7639,7494
7783,7475
7689,7502
7718,7517
7810,7512
7708,7532
7713,7527
7900,7539
7735,7543
7648,7557
7654,7570
7808,7567
7705,7582
7709,7577
7797,7604
7754,7603
7766,7608
7768,7625
7836,7616
7776,7646
7703,7642
7809,7661
7840,7658
7834,7668
7802,7673
7817,7677
7876,7685
7916,7701
7896,7720
7826,7738
7867,7731
7833,7710
7912,7756
7937,7766
7898,7776
7842,7757
7850,7793
7865,7772
7929,7791
7946,7804
7927,7812
7937,7800
7858,7843
7912,7837
7854,7836
7902,7859
7911,7857
7982,7880
8035,7874
8001,7863
8043,7895
8055,7892
8056,7913
8084,7890
8042,7931
8037,7938
7963,7928
7937,7919
7931,7958
7918,7946
7881,7952
7874,7950
7902,7943
7897,7951
7920,7955
7858,7972
7829,7958
7854,7960
7842,7966
7868,7953
7807,7947
7826,7964
7814,7942
7821,7971
7846,7941
7824,7952
7816,7936
7823,7947
7828,7941
7806,7952
7820,7963
7796,7952
7777,7954
7780,7960
7807,7949
7815,7932
7762,7950
7816,7960
7807,7936
7812,7942
7753,7953
7795,7958
7768,7947
7777,7966
7786,7955
7793,7947
7782,7957
7757,7961
7801,7953
7806,7964
7797,7948
7801,7944
7853,7935
7828,7959
7828,7945
7851,7956
7919,7947
8042,7968
8104,7969
8214,7982
8335,7961
8338,7974
8402,7999
8441,8000
8416,8012
8443,8009
8487,8021
8486,8019
8479,8030
8491,8038
8477,8046
8435,8054
8444,8058
8418,8077
8396,8084
8450,8093
8501,8099
8526,8110
8517,8098
8507,8112
8508,8134
8450,8136
8438,8138
8462,8141
8549,8156
8604,8149
8628,8168
8558,8180
8543,8194
8542,8195
8631,8208
8733,8209
8643,8221
8628,8231
8565,8232
8625,8243
8678,8248
8645,8260
8601,8265
8588,8289
8655,8291
8635,8290
8586,8305
8581,8310
8659,8323
8628,8319
8479,8340
8510,8329
8712,8354
8603,8354
8563,8375
8610,8368
8662,8386
8717,8390
8670,8412
8691,8396
8645,8411
8642,8416
8702,8436
8663,8452
8758,8439
8755,8463
8703,8471
8799,8465
8753,8475
8690,8487
8745,8492
8679,8493
8816,8505
8687,8525
8856,8526
8888,8522
8773,8542
8807,8549
8768,8556
8888,8563
8741,8576
8865,8570
8809,8591
8821,8597
8799,8604
8890,8614
8862,8632
8931,8617
8870,8640
8888,8653
8876,8643
8952,8673
8833,8665
8972,8678
8868,8683
8956,8701
8856,8715
8994,8708
8925,8717
8799,8723
8966,8739
8761,8735
8909,8746
8824,8736
8903,8742
8848,8757
8606,8750
8755,8757
8606,8752
8652,8745
8795,8753
8604,8749
8757,8755
8657,8750
8804,8756
8616,8761
8633,8764
8787,8746
8536,8752
8710,8762
8738,8756
8652,8749
8759,8752
8601,8757
8701,8767
8670,8754
8670,8761
8692,8766
8696,8759
8796,8746
8722,8757
8597,8762
8752,8752
8550,8760
8718,8759
8533,8757
8620,8753
8770,8758
8644,8749
8686,8759
8629,8763
8480,8754
8793,8758
8546,8757
8711,8763
8740,8757
8647,8752
8781,8754
8614,8763
8866,8764
8636,8757
8607,8752
8792,8763
8613,8767
8750,8756
8772,8754
8712,8757
8765,8758
8689,8760
8670,8765
8695,8762
8650,8757
8802,8764
8621,8762
8815,8763
8662,8755
8605,8757
8697,8759
8640,8758
8753,8748
8587,8750
8638,8759
8752,8763
8660,8763
8756,8751
8631,8759
8593,8755
8742,8761
8528,8750
8692,8772
8829,8758
8706,8766
8757,8757
8560,8752
8733,8767
8690,8754
8669,8762
8674,8759
8690,8762
8780,8763
8707,8767
8696,8756
8774,8751
8597,8757
8702,8760
8587,8769
8614,8755
8793,8750
8584,8750
8792,8764
8699,8739
8548,8769
8733,8753
8589,8758
8692,8764
8570,8768
8650,8756
8761,8760
8643,8765
8847,8757
8577,8756
8679,8763
8687,8760
8576,8762
8696,8757
8740,8764
8729,8754
8744,8763
8596,8759
8830,8761
8691,8748
8661,8756
8776,8761
8605,8748
8895,8759
8674,8768
8802,8759
8694,8754
8640,8778
8747,8773
8564,8756
8646,8768
8819,8763
8645,8737
8823,8768
8582,8754
8513,8765
8683,8750
8492,8764
8777,8763
8523,8762
8747,8761
8794,8756
8633,8758
8775,8748
8727,8745
8590,8764
8744,8757
8672,8758
8648,8750
8735,8763
8664,8763
8741,8765
8614,8751
8781,8749
8653,8754
8708,8761
8754,8749
8719,8758
8823,8757
8635,8753
8796,8764
8695,8758
8486,8757
8752,8749
8583,8761
8592,8776
8799,8746
8552,8748
8765,8755
8667,8755
8649,8763
8657,8763
8574,8759
8715,8759
8563,8762
8714,8757
8726,8773
8617,8752
8797,8757
8636,8761
8634,8765
8662,8743
8598,8756
8765,8758
8667,8754
8702,8759
8662,8752
8623,8753
8771,8761
8646,8759
8640,8761
8726,8763
8691,8754
8771,8763
8645,8767
8762,8764
8680,8747
8669,8762
8765,8754
8575,8765
8779,8744
8784,8755
8663,8756
8787,8763
8642,8755
8559,8752
8722,8756
8526,8757
8684,8756
8619,8751
8729,8754
8807,8750
8597,8761
8827,8769
8742,8745
8710,8752
8585,8758
8679,8760
8798,8746
8696,8746
8750,8766
8691,8747
8500,8756
8776,8766
8556,8759
8663,8763
8865,8760
8613,8756
8841,8745
8734,8760
8815,8750
8720,8758
8657,8748
8762,8756
8614,8755
8696,8769
8747,8751
8668,8761
8778,8762
8661,8752
8672,8761
8645,8760
8546,8755
8823,8762
8637,8763
8800,8758
8687,8751
8528,8764
8788,8755
8569,8778
8656,8753
8541,8762
8634,8751
8800,8755
8672,8746
8725,8757
8747,8749
8605,8769
8752,8760
8591,8756
8712,8766
8782,8755
8710,8762
8754,8762
8622,8758
8813,8761
8667,8742
8561,8747
8742,8751
8573,8758
8757,8773
8759,8755
8592,8764
8784,8767
8569,8761
8690,8766
8638,8764
8644,8759
8743,8765
8694,8761
8710,8755
8590,8751
8628,8763
8686,8764
8592,8759
8748,8765
8882,8755
8771,8766
8916,8745
8624,8758
8874,8761
8772,8756
8591,8771
8732,8758
8568,8769
8696,8758
8784,8752
8631,8770
8741,8755
8676,8752
8657,8758
8662,8758
8566,8763
8810,8752
8655,8765
8754,8768
8664,8757
8618,8755
8771,8748
8607,8761
8690,8763
8543,8757
8667,8756
8767,8754
8657,8756
8698,8765
8744,8768
8614,8759
8768,8761
8613,8744
8692,8757
8769,8758
8726,8761
8789,8754
8663,8767
8726,8756
8647,8754
8653,8758
8778,8762
8586,8749
8768,8758
8785,8759
8691,8764
8780,8754
8563,8762
8635,8756
8618,8755
8573,8749
8815,8753
8604,8764
8710,8759
8738,8759
8642,8754
8734,8755
8626,8757
8704,8757
8643,8768
8727,8756
8833,8754
8648,8756
8751,8767
8694,8757
8653,8755
8708,8754
8655,8759
8702,8760
8726,8756
8713,8758
8787,8757
8643,8762
8825,8752
8627,8754
8580,8755
8861,8752
8612,8750
8786,8766
8676,8757
8745,8747
8764,8752
8550,8757
8642,8778
8570,8757
8621,8750
8753,8759
8646,8760
8758,8767
8723,8747
8552,8769
8797,8762
8594,8751
8661,8750
8614,8750
8654,8749
8789,8748
8728,8757
8674,8753
8764,8760
8671,8758
8676,8759
8651,8757
8678,8763
8753,8758
8651,8749
8682,8759
8611,8764
8769,8750
8569,8758
8679,8753
8805,8750
8590,8765
8814,8757
8713,8757
8740,8753
8722,8752
8523,8762
8578,8745
8498,8739
8653,8743
8644,8729
8525,8735
8692,8722
8365,8713
8368,8723
8413,8706
8330,8697
8533,8689
8293,8681
8561,8681
8387,8671
8338,8665
8384,8646
8387,8646
8334,8642
8383,8630
8313,8610
8341,8605
8338,8602
8229,8601
8250,8595
8271,8569
8317,8571
8282,8571
8240,8547
8316,8552
8301,8536
8282,8531
8231,8526
8141,8522
8300,8516
8320,8503
8373,8501
8297,8492
8256,8468
8384,8460
8201,8479
8360,8464
8304,8451
8222,8435
8305,8433
8249,8427
8215,8416
8313,8406
8260,8400
8298,8392
8266,8371
8265,8373
8208,8371
8266,8360
8196,8336
8158,8356
8381,8332
8428,8331
8298,8324
7986,8303
8272,8310
8140,8291
8076,8292
8064,8283
8170,8283
8169,8249
8074,8258
8028,8250
8134,8243
8155,8216
8100,8226
7998,8213
8029,8213
8107,8206
8129,8181
8086,8176
8051,8177
7988,8172
7909,8185
8056,8148
8142,8146
8132,8143
8021,8135
7989,8111
7985,8103
7970,8091
8025,8081
8040,8076
8053,8074
8104,8075
8079,8053
8050,8057
8031,8048
8013,8020
8001,8053
7920,8023
7953,8025
7853,8003
7928,8000
7972,7980
7889,7982
8032,7974
8003,7978
8066,7967
8027,7968
7997,7963
8062,7949
8072,7956
8102,7956
8077,7959
8106,7972
8114,7956
8142,7963
8115,7953
8125,7965
8146,7971
8154,7930
8128,7968
8170,7958
8127,7960
8168,7970
8150,7945
8160,7959
8195,7961
8155,7967
8176,7961
8158,7952
8172,7956
8164,7947
8173,7936
8160,7968
8177,7961
8175,7949
8158,7970
8205,7949
8163,7952
8196,7970
8163,7963
8164,7956
8145,7963
8171,7958
8160,7971
8142,7958
8160,7970
8164,7953
8165,7954
8151,7961
8163,7957
8145,7962
8147,7937
8120,7963
8026,7975
7941,7951
7824,7948
7696,7947
7577,7930
7647,7935
7513,7914
7464,7926
7460,7904
7467,7892
7437,7901
7435,7886
7418,7877
7420,7879
7415,7868
7419,7850
7485,7841
7474,7850
7493,7822
7458,7832
7396,7823
7359,7803
7330,7795
7336,7782
7354,7769
7400,7781
7390,7764
7402,7756
7353,7763
7321,7744
7277,7744
7332,7732
7403,7711
7407,7723
7397,7704
7290,7695
7309,7696
7357,7681
7405,7668
7314,7667
7315,7658
7313,7646
7383,7633
7359,7629
7266,7617
7239,7618
7258,7611
7435,7601
7155,7598
7220,7582
7268,7574
7161,7566
7173,7556
7216,7548
7214,7544
7098,7546
7185,7528
7241,7527
7179,7511
7177,7511
7201,7501
7076,7493
7174,7474
7234,7480
7082,7460
7143,7449
7136,7442
7111,7455
7213,7444
7101,7420
7130,7417
7062,7406
7081,7396
7285,7384
7058,7381
7068,7373
7105,7378
7134,7359
7078,7349
7067,7336
7234,7331
7095,7332
7122,7324
7044,7311
7107,7302
7013,7294
7108,7294
6992,7281
7043,7277
7028,7270
7063,7261
6965,7249
6982,7243
7108,7235
6991,7227
6971,7233
6982,7210
6951,7196
6895,7197
7066,7201
6978,7161
6987,7184
7108,7161
7129,7176
7029,7170
6970,7155
7141,7166
7140,7176
7203,7158
7191,7160
7317,7163
7300,7155
7013,7154
7175,7152
7155,7152
7211,7140
7260,7147
7101,7153
7373,7152
7216,7156
7113,7146
7306,7149
7136,7155
7277,7156
7121,7147
7178,7151
7367,7157
7255,7156
7320,7158
7201,7157
7147,7151
7325,7157
7104,7164
7203,7160
7293,7157
7266,7155
7249,7160
7180,7151
7299,7154
7195,7155
7139,7155
7348,7163
7189,7152
7333,7156
7237,7151
7338,7150
7223,7153
7152,7155
7228,7156
7115,7153
7137,7167
7198,7147
7107,7152
7206,7160
7246,7163
7114,7157
7196,7151
7096,7155
7230,7167
7067,7162
7183,7154
7338,7159
7117,7151
7375,7162
7133,7159
7079,7158
7220,7140
7126,7162
7277,7150
7336,7152
7219,7160
7302,7161
7117,7158
7317,7158
7186,7154
7233,7156
7216,7152
7160,7157
7312,7152
7173,7150
7320,7151
7231,7159
7257,7160
7272,7151
7200,7146
7263,7158
7298,7156
7165,7163
7347,7155
7130,7154
7120,7162
7171,7154
7131,7155
7248,7166
7193,7159
7217,7155
7255,7168
7137,7174
7323,7153
7237,7136
7182,7164
7220,7158
7165,7167
7384,7163
7187,7157
7397,7167
7195,7153
7064,7146
7211,7155
7098,7162
7148,7156
7235,7151
7127,7147
7248,7156
7295,7155
7210,7154
7193,7155
7139,7152
7231,7152
7132,7152
7229,7146
7250,7146
7157,7162
7260,7157
7136,7151
7141,7161
7145,7157
7131,7156
7254,7146
7108,7163
7277,7150
7292,7147
7125,7150
7343,7163
7133,7146
7206,7163
7106,7153
7197,7143
7359,7153
7237,7157
7314,7146
7240,7155
7204,7147
7204,7150
7249,7158
7240,7142
7263,7160
7192,7153
7311,7150
7156,7139
7322,7155
7226,7148
7085,7160
7269,7150
7109,7160
7175,7150
7310,7154
7126,7153
7276,7153
7188,7156
7207,7155
7194,7141
7142,7162
7264,7152
7184,7143
7338,7153
7185,7131
7083,7155
7233,7152
7095,7155
7194,7163
7132,7143
7183,7147
7253,7161
7214,7157
7236,7150
7172,7144
7086,7159
7248,7152
7067,7149
7221,7151
7219,7145
7164,7157
7205,7156
7241,7149
7305,7147
7197,7158
7098,7145
7253,7157
7216,7162
7255,7158
7289,7161
7196,7154
7339,7148
7107,7156
7187,7147
7111,7151
7186,7155
7275,7152
7154,7133
7256,7155
7244,7143
7179,7150
7288,7152
7329,7159
7246,7164
7237,7149
7193,7159
7299,7152
7161,7152
7297,7163
7156,7150
7192,7168
7292,7150
7110,7156
7227,7155
7323,7166
7182,7153
7313,7151
7214,7154
7082,7153
7225,7147
7103,7160
7275,7152
7133,7138
7293,7162
7216,7149
7073,7166
7200,7162
7157,7156
7190,7157
7187,7163
7192,7158
7232,7144
7265,7160
7309,7152
7207,7157
7121,7155
7278,7160
7200,7157
7231,7157
7218,7150
7266,7163
7321,7154
7246,7152
7303,7162
7195,7147
7161,7150
7292,7147
7156,7152
7314,7146
7291,7160
7287,7162
7314,7169
7049,7154
7179,7164
7045,7152
7097,7165
7261,7169
7108,7152
7317,7153
7272,7144
7132,7166
7257,7155
7185,7159
7231,7152
7198,7161
7155,7152
7319,7144
7250,7152
7285,7156
7212,7144
7162,7156
7295,7167
7193,7152
7202,7168
7332,7154
7209,7161
7325,7153
7155,7146
7302,7154
7232,7145
7172,7151
7315,7145
7107,7163
7284,7153
7214,7147
7194,7147
7187,7149
7061,7156
7212,7157
7186,7168
7137,7145
7158,7154
7308,7150
7184,7158
7121,7155
7132,7159
7258,7144
7129,7159
7164,7157
7081,7146
7172,7164
7429,7156
7200,7161
7309,7161
7257,7156
7143,7153
7232,7150
7082,7155
7225,7160
7239,7147
7203,7162
7236,7151
7147,7155
7309,7154
7125,7150
7159,7155
7293,7153
7122,7150
7236,7153
7193,7151
7257,7152
7229,7153
7121,7146
7192,7151
7174,7158
7156,7161
7365,7143
7198,7153
7281,7156
7294,7148
7111,7151
7317,7155
7154,7145
7247,7163
7088,7149
7230,7148
7401,7153
7210,7154
7343,7154
7243,7151
7164,7170
7221,7147
7052,7157
7359,7153
7281,7154
7215,7147
7233,7154
7100,7160
7321,7165
7214,7172
7176,7150
7169,7152
7297,7142
7268,7157
7267,7150
7211,7157
7309,7153
7180,7156
7205,7155
7127,7164
7198,7168
7372,7159
7223,7155
7359,7153
7163,7162
7067,7168
7304,7153
7148,7161
7251,7163
7158,7153
7267,7151
7360,7152
7188,7159
7336,7147
7113,7147
7218,7163
7101,7151
7110,7155
7303,7158
7212,7151
7213,7154
7205,7160
7194,7145
7224,7164
7152,7140
7205,7156
7299,7153
7222,7153
7353,7155
7264,7156
7251,7160
7383,7166
7113,7153
7225,7157
7219,7157
7182,7158
7336,7148
7142,7144
7285,7147
7195,7162
7197,7153
7228,7147
7214,7144
7434,7159
7243,7165
7401,7163
7328,7156
7298,7173
7479,7183
7385,7188
7405,7188
7436,7200
7480,7212
7498,7209
7458,7227
7517,7235
7485,7238
7556,7242
7456,7240
7563,7253
7510,7263
7525,7276
7567,7293
7626,7291
7567,7305
7621,7310
7552,7314
7641,7335
7582,7321
7642,7342
7583,7346
7658,7352
7635,7354
7679,7393
7561,7369
7696,7390
7662,7402
7583,7406
7768,7419
7579,7421
7594,7431
7640,7440
7687,7443
7702,7447
7687,7455
7695,7466
7733,7480
7663,7475
7719,7501
7740,7494
7721,7515
7755,7516
7729,7514
7800,7532
7731,7539
7774,7544
7817,7544
7654,7564
7749,7572
7662,7577
7673,7577
7844,7589
7815,7598
7722,7613
7703,7625
7823,7616
7825,7638
7779,7635
7758,7646
7820,7655
7847,7656
7833,7671
7773,7689
7778,7690
7853,7720
7930,7701
7849,7708
7785,7710
7832,7733
7832,7744
7952,7742
7893,7782
7895,7759
7808,7773
7872,7766
7865,7798
7911,7797
7973,7810
7987,7813
7926,7823
7910,7810
7880,7852
7895,7843
7925,7852
7983,7850
7956,7884
7948,7870
8004,7880
8036,7895
8013,7891
8068,7898
8038,7902
8084,7938
8044,7926
8019,7927
7992,7930
7952,7931
7982,7951
7909,7959
7919,7950
7858,7983
7839,7938
7866,7963
7845,7952
7841,7939
7845,7941
7863,7943
7804,7953
7815,7971
7821,7949
7802,7959
7801,7944
7780,7964
7776,7967
7801,7943
7808,7957
7805,7939
7798,7965
7823,7967
7775,7945
7822,7969
7792,7969
7801,7967
7803,7952
7794,7958
7790,7985
7775,7952
7795,7944
7760,7936
7808,7962
7773,7965
7764,7949
7780,7965
7809,7951
7776,7945
7780,7970
7798,7960
7784,7949
7799,7937
7815,7942
7820,7943
7818,7947
7804,7978
7859,7954
7987,7942
8030,7980
8118,7960
8210,7957
8361,7969
8338,7991
8401,7985
8444,8006
8423,8003
8467,7991
8497,8029
8478,8029
8481,8026
8467,8054
8443,8065
8415,8046
8426,8063
8400,8063
8415,8079
8397,8087
8459,8097
8503,8104
8534,8112
8552,8111
8551,8128
8439,8135
8406,8140
8431,8146
8592,8162
8577,8170
8613,8174
8564,8195
8537,8194
8517,8194
8630,8218
8682,8212
8635,8235
8635,8236
8545,8235
8635,8244
8727,8251
8646,8268
8517,8284
8546,8283
8650,8294
8666,8296
8577,8298
8611,8318
8698,8325
8601,8326
8438,8336
8577,8345
8766,8357
8519,8354
8715,8366
8813,8358
8697,8378
8683,8380
8716,8402
8686,8410
8656,8413
8716,8430
8714,8432
8698,8445
8711,8441
8681,8458
8697,8464
8748,8471
8721,8471
8680,8490
8711,8499
8731,8510
8888,8512
8631,8518
8843,8534
8803,8531
8841,8543
8705,8554
8718,8558
8836,8583
8761,8574
8880,8593
8785,8599
8875,8601
8772,8601
8897,8613
8823,8620
8894,8638
8969,8643
8860,8654
8858,8667
8944,8660
8858,8678
8977,8673
8839,8703
8840,8694
8916,8703
8867,8716
9002,8727
8797,8726
8886,8727
8792,8741
8752,8755
8727,8745
8644,8750
8894,8745
8629,8753
8780,8746
8789,8753
8613,8754
8770,8757
8620,8744
8688,8750
8623,8753
8686,8756
8809,8756
8724,8748
8750,8758
8643,8757
8604,8773
8653,8761
8622,8746
8743,8757
8709,8755
8701,8760
8775,8757
8631,8751
8777,8752
8639,8737
8596,8756
8740,8756
8588,8750
8761,8755
8685,8762
8761,8770
8687,8745
8541,8741
8644,8753
8619,8758
8677,8756
8700,8731
8573,8765
8715,8760
8717,8752
8577,8758
8706,8752
8574,8749
8797,8759
8576,8762
8684,8753
8803,8756
8658,8758
8836,8765
8648,8759
8557,8757
8716,8759
8627,8756
8628,8760
8777,8748
8710,8767
8806,8760
8681,8762
8755,8749
8672,8762
8698,8765
8755,8753
8654,8763
8774,8756
8675,8756
8595,8779
8691,8759
8571,8755
8674,8758
8581,8755
8799,8747
8797,8758
8644,8755
8793,8758
8702,8749
8656,8762
8667,8746
8619,8758
8735,8753
8678,8764
8717,8767
8736,8750
8560,8773
8743,8755
8593,8762
8616,8750
8772,8761
8546,8766
8735,8748
8744,8753
8773,8764
8731,8746
8528,8765
8699,8756
8632,8767
8637,8762
8774,8744
8550,8757
8713,8761
8669,8753
8595,8757
8715,8752
8592,8758
8758,8761
8584,8760
8687,8754
8780,8761
8666,8766
8766,8748
8772,8748
8642,8748
8708,8758
8585,8756
8694,8754
8764,8749
8698,8754
8770,8762
8565,8763
8759,8767
8610,8750
8693,8752
8828,8764
8573,8753
8746,8756
8654,8760
8910,8767
8683,8754
8555,8752
8785,8751
8547,8762
8702,8757
8770,8748
8563,8769
8896,8763
8777,8747
8573,8765
8769,8763
8644,8763
8721,8759
8605,8752
8677,8759
8744,8758
8625,8760
8676,8752
8666,8761
8648,8759
8676,8757
8613,8754
8761,8758
8708,8766
8757,8758
8727,8749
8609,8758
8715,8767
8651,8761
8627,8763
8843,8749
8543,8771
8712,8752
8675,8762
8717,8750
8703,8767
8657,8759
8746,8763
8623,8756
8742,8761
8845,8754
8714,8757
8770,8755
8681,8750
8565,8770
8657,8754
8543,8756
8745,8771
8540,8762
8636,8749
8794,8759
8611,8767
8726,8745
8555,8756
8602,8753
8645,8756
8621,8774
8739,8752
8682,8753
8760,8762
8733,8763
8661,8756
8640,8755
8599,8760
8678,8753
8718,8755
8709,8753
8857,8758
8683,8767
8797,8757
8758,8751
8585,8758
8734,8748
8636,8765
8675,8759
8796,8747
8634,8761
8741,8762
8716,8758
8674,8752
8688,8765
8605,8765
8824,8752
8575,8748
8698,8757
8738,8758
8537,8755
8737,8759
8450,8749
8597,8760
8613,8756
8638,8758
8777,8758
8716,8767
8800,8752
8733,8755
8597,8760
8782,8754
8657,8744
8738,8755
8840,8756
8669,8753
8795,8770
8670,8759
8822,8755
8659,8757
8609,8754
8814,8761
8565,8754
8707,8753
8757,8747
8671,8753
8768,8758
8632,8760
8692,8750
8608,8762
8598,8754
8773,8758
8563,8748
8767,8753
8722,8750
8621,8745
8723,8758
8697,8746
8562,8756
8721,8743
8717,8761
8805,8759
8654,8744
8812,8754
8724,8751
8622,8751
8768,8753
8599,8758
8697,8752
8756,8764
8666,8762
8791,8748
8740,8748
8765,8762
8810,8756
8652,8761
8758,8760
8616,8763
8722,8753
8741,8753
8762,8760
8721,8757
8635,8757
8665,8747
8600,8756
8647,8765
8772,8754
8600,8745
8760,8777
8737,8746
8543,8772
8819,8748
8643,8758
8703,8759
8602,8774
8650,8761
8804,8754
8707,8759
8730,8753
8692,8762
8619,8768
8762,8755
8638,8742
8708,8761
8779,8751
8644,8757
8777,8760
8655,8771
8744,8761
8642,8762
8590,8762
8767,8763
8600,8746
8766,8755
8699,8750
8687,8751
8777,8756
8628,8740
8639,8761
8629,8761
8610,8758
8757,8751
8709,8747
8821,8762
8693,8755
8659,8746
8747,8748
8609,8759
8732,8759
8832,8758
8614,8757
8881,8752
8677,8750
8788,8750
8755,8759
8591,8762
8749,8752
8532,8754
8764,8759
8813,8745
8680,8768
8731,8761
8633,8767
8657,8757
8615,8769
8606,8760
8815,8760
8620,8759
8732,8765
8673,8750
8568,8758
8727,8757
8594,8752
8675,8765
8639,8772
8664,8760
8752,8751
8717,8776
8709,8771
8630,8756
8663,8760
8685,8773
8705,8749
8724,8757
8808,8750
8696,8759
8788,8765
8641,8755
8812,8749
8646,8766
8603,8755
8775,8766
8622,8757
8861,8760
8726,8744
8779,8768
8748,8764
8582,8766
8717,8765
8566,8750
8585,8758
8828,8761
8590,8744
8715,8751
8743,8748
8599,8757
8816,8745
8637,8751
8664,8759
8631,8754
8651,8763
8765,8763
8657,8752
8796,8753
8697,8758
8613,8763
8719,8759
8655,8763
8707,8758
8770,8768
8686,8758
8738,8757
8608,8766
8763,8759
8619,8759
8626,8761
8768,8752
8679,8747
8740,8753
8606,8754
8659,8748
8597,8724
8465,8738
8672,8736
8339,8733
8576,8719
8645,8720
8476,8706
8570,8693
8355,8694
8375,8691
8328,8676
8429,8683
8600,8670
8306,8648
8368,8655
8393,8646
8345,8631
8378,8628
8358,8619
8268,8614
8366,8597
8305,8601
8271,8579
8286,8585
8324,8568
8286,8564
8294,8549
8326,8546
8267,8547
8357,8542
8197,8519
8175,8534
8367,8512
8250,8497
8347,8486
8213,8480
8368,8479
8283,8467
8251,8459
8314,8451
8223,8449
8235,8439
8306,8426
8255,8425
8255,8400
8265,8403
8239,8399
8293,8389
8267,8362
8209,8362
8162,8354
8252,8344
8132,8353
8205,8334
8353,8339
8441,8323
8232,8313
8056,8303
8153,8298
8193,8285
8096,8283
8106,8281
8151,8262
8147,8269
8066,8253
8115,8255
8126,8240
8148,8226
8055,8217
8036,8221
8040,8188
8097,8183
8128,8180
8091,8171
8048,8169
8021,8160
7951,8158
8153,8153
8167,8153
8022,8115
8026,8120
8035,8128
7977,8107
7973,8090
8051,8114
8079,8077
8108,8069
8079,8070
8086,8055
8035,8041
8026,8056
7995,8025
7965,8030
7947,8039
7929,8017
7881,8011
7919,8002
7929,7979
7906,7987
7928,7982
8034,7949
8071,7963
8059,7958
8030,7966
8075,7955
8067,7944
8076,7957
8106,7960
8113,7957
8065,7973
8121,7968
8122,7978
8178,7952
8148,7939
8142,7948
8193,7962
8186,7960
8136,7980
8151,7954
8144,7957
8156,7951
8192,7945
8161,7984
8150,7959
8194,7958
8166,7943
8189,7943
8163,7965
8171,7922
8172,7943
8189,7957
8181,7968
8160,7963
8165,7949
8223,7976
8181,7949
8129,7947
8175,7949
8157,7939
8140,7949
8177,7952
8181,7952
8142,7978
8140,7947
8148,7961
8144,7980
8166,7963
8140,7974
8109,7946
7960,7954
7879,7959
7784,7944
7665,7946
7611,7928
7607,7944
7509,7917
7449,7911
7537,7899
7442,7900
7420,7875
7416,7879
7431,7872
7427,7880
7453,7848
7450,7846
7480,7841
7480,7847
7460,7818
7406,7806
7399,7806
7367,7818
7355,7802
7350,7788
7429,7789
7394,7774
7432,7768
7432,7756
7282,7747
7325,7751
7314,7743
7350,7725
7399,7721
7370,7710
7343,7706
7315,7680
7302,7692
7395,7672
7357,7680
7299,7669
7246,7662
7302,7640
7365,7642
7346,7628
7308,7625
7360,7624
7366,7606
7404,7604
7082,7596
7318,7575
7277,7583
7058,7578
7254,7556
7200,7556
7277,7540
7129,7539
7234,7541
7246,7513
7113,7506
7198,7497
7176,7491
7094,7478
7191,7462
7162,7464
7135,7447
7199,7447
7071,7440
7224,7440
7165,7433
7110,7427
7173,7416
7102,7403
7148,7374
7195,7391
7097,7382
7136,7367
6982,7375
7260,7346
7174,7345
7076,7342
7147,7339
7142,7337
7144,7326
7056,7315
7045,7302
7023,7303
7054,7295
7042,7276
6980,7270
6991,7261
7056,7264
7062,7244
7023,7243
6949,7232
7009,7225
6964,7215
6909,7196
6979,7211
6949,7188
7020,7179
7010,7173
7110,7177
7081,7155
7165,7167
7300,7168
7119,7169
7226,7161
7111,7149
7049,7154
7265,7151
7074,7152
7288,7157
7246,7148
7294,7166
7230,7167
7049,7161
7196,7155
7010,7154
7192,7157
7340,7149
7130,7154
7326,7157
7326,7159
7133,7154
7420,7166
7157,7156
7197,7152
7210,7145
7185,7159
7282,7160
7282,7143
7273,7154
7294,7156
7234,7154
7194,7163
7217,7156
7293,7170
7308,7155
7205,7161
7311,7147
7197,7152
7312,7148
7143,7145
7161,7156
7312,7153
7145,7164
7220,7155
7128,7161
7287,7155
7219,7163
7116,7160
7151,7167
7202,7158
7212,7151
7266,7165
7164,7130
7260,7157
7265,7154
7072,7156
7219,7153
6984,7153
7219,7164
7092,7157
7152,7152
7331,7128
7159,7149
7337,7158
7190,7149
7107,7154
7304,7151
7172,7151
7249,7167
7316,7138
7271,7160
7300,7146
7102,7148
7224,7153
7146,7156
7174,7153
7277,7153
7129,7150
7249,7151
7229,7156
7315,7165
7357,7149
7158,7160
7169,7163
7183,7154
7223,7148
7336,7151
7184,7156
7277,7161
7278,7151
7231,7147
7208,7154
7142,7148
7333,7166
7111,7139
7222,7147
7328,7158
7140,7151
7377,7158
7107,7156
7134,7158
7169,7150
7132,7147
7257,7167
7123,7145
7233,7157
7241,7150
7182,7151
7266,7154
7233,7161
7238,7161
7179,7151
7217,7156
7183,7149
7214,7153
7289,7150
7200,7148
7080,7156
7252,7153
7128,7158
7279,7146
7340,7149
7158,7158
7309,7148
7178,7151
7101,7153
7234,7151
7132,7154
7382,7167
7067,7149
7306,7161
7285,7150
7076,7155
7262,7156
7045,7145
7182,7157
7149,7160
7120,7144
7217,7159
7167,7153
7304,7148
7220,7155
7121,7150
7192,7155
7125,7152
7151,7156
7306,7153
7148,7158
7258,7159
7291,7145
7165,7153
7291,7153
7155,7141
7238,7152
7157,7162
7204,7157
7260,7155
7103,7160
7337,7152
7174,7154
7215,7145
7141,7150
7108,7162
7265,7148
7221,7153
7217,7150
7240,7158
7139,7148
7223,7150
7153,7148
7139,7158
7203,7155
7179,7139
7204,7156
7188,7150
7331,7155
7195,7151
7117,7163
7246,7153
7164,7150
7222,7152
7304,7160
7172,7165
7309,7150
7231,7150
7174,7162
7237,7159
7091,7156
7287,7148
7102,7151
7280,7155
7348,7141
7106,7154
7255,7164
7117,7158
7139,7157
7117,7159
7139,7159
7208,7171
7204,7152
7227,7152
7175,7152
7209,7158
7190,7141
7087,7154
7300,7160
7279,7152
7269,7162
7261,7144
7203,7152
7322,7160
7325,7137
7077,7164
7229,7159
7154,7154
7201,7158
7321,7157
7228,7154
7356,7166
7145,7150
7226,7159
7155,7162
7178,7169
7312,7154
7095,7161
7272,7156
7274,7156
7144,7163
7264,7154
7190,7152
7214,7152
7232,7150
7150,7153
7256,7153
7203,7150
7264,7148
7209,7142
7200,7159
7225,7141
7228,7137
7209,7162
7263,7148
7183,7159
7275,7146
7151,7150
7267,7156
7215,7151
7131,7150
7299,7162
7076,7147
7346,7160
7273,7153
7272,7151
7226,7153
7058,7158
7180,7154
7108,7146
7119,7161
7244,7148
7158,7150
7166,7153
7206,7159
7236,7160
7225,7158
7216,7150
7229,7155
7242,7157
7181,7147
7273,7157
7250,7163
7248,7152
7300,7159
7179,7151
7305,7160
7200,7144
7204,7161
7287,7146
7141,7156
7284,7148
7218,7154
7269,7154
7184,7158
7212,7137
7253,7154
7127,7153
7250,7159
7227,7139
7245,7157
7211,7159
7150,7150
7294,7157
7152,7165
7228,7161
7247,7159
7126,7152
7299,7152
7241,7156
7123,7149
7259,7153
7117,7134
7159,7161
7146,7158
7136,7157
7307,7151
7207,7157
7306,7155
7242,7152
7094,7159
7272,7153
7091,7152
7290,7161
7280,7153
7234,7165
7250,7158
7046,7152
7353,7164
7171,7153
7133,7161
7247,7162
7163,7152
7240,7150
7228,7151
7198,7165
7256,7159
7258,7146
7268,7157
7239,7150
7166,7145
7268,7146
7198,7159
7294,7159
7264,7153
7111,7152
7303,7162
7145,7153
7256,7162
7142,7154
7173,7159
7377,7151
7186,7145
7400,7142
7198,7152
7155,7150
7152,7152
7136,7163
7364,7156
7261,7143
7210,7154
7256,7164
7252,7160
7216,7154
7188,7142
7287,7149
7189,7141
7171,7158
7265,7158
7301,7160
7196,7158
7311,7153
7124,7155
7202,7148
7125,7151
7107,7161
7286,7153
7224,7148
7331,7145
7247,7155
7164,7152
7234,7151
7093,7149
7349,7137
7280,7152
7308,7152
7272,7150
7107,7156
7315,7156
7186,7154
7130,7159
7270,7162
7156,7147
7273,7154
7278,7153
7258,7145
7277,7162
7232,7158
7183,7156
7203,7142
7118,7164
7271,7138
7094,7141
7243,7146
7303,7145
7188,7155
7233,7154
7188,7156
7193,7162
7243,7153
7270,7158
7330,7150
7171,7167
7389,7158
7207,7155
7261,7161
7280,7163
7345,7167
7431,7166
7388,7182
7445,7187
7452,7196
7384,7191
7474,7201
7477,7212
7497,7219
7516,7225
7491,7236
7541,7230
7519,7244
7493,7249
7518,7266
7542,7271
7505,7269
7596,7285
7569,7297
7609,7297
7599,7312
7568,7316
7573,7341
7629,7333
7622,7346
7659,7349
7609,7363
7556,7376
7627,7371
7532,7379
7714,7395
7706,7400
7634,7415
7606,7416
7627,7433
7683,7429
7681,7457
7723,7435
7687,7454
7619,7466
7748,7473
7754,7481
7685,7482
7751,7503
7711,7505
7710,7521
7773,7515
7770,7525
7619,7541
7730,7545
7660,7559
7640,7554
7705,7570
7751,7558
7679,7575
7721,7577
7864,7600
7815,7603
7694,7611
7803,7631
7853,7630
7769,7628
7734,7635
7801,7652
7839,7662
7842,7685
7823,7705
7820,7678
7842,7695
7915,7696
7914,7713
7798,7716
7809,7711
7850,7733
7918,7756
7903,7760
7902,7764
7811,7776
7788,7751
7880,7786
7847,7784
7887,7808
7948,7816
7975,7797
7921,7826
7939,7844
7891,7848
7885,7862
7909,7842
7934,7868
7938,7867
7959,7867
7977,7858
8049,7891
8067,7906
8088,7902
8074,7918
8044,7924
8001,7911
8008,7921
7958,7928
7925,7951
7888,7942
7883,7940
7873,7938
7849,7946
7865,7944
7841,7932
7855,7950
7862,7950
7797,7952
7822,7944
7763,7960
7817,7948
7814,7975
7826,7957
7816,7945
7845,7938
7801,7959
7789,7945
7835,7969
7821,7949
7825,7956
7799,7952
7798,7957
7780,7963
7792,7966
7805,7959
7760,7962
7812,7944
7784,7956
7775,7970
7752,7938
7773,7948
7781,7962
7790,7945
7750,7943
7779,7938
7777,7957
7770,7955
7793,7966
7755,7958
7801,7959
7797,7985
7789,7960
7818,7938
7821,7967
7829,7965
7862,7966
8028,7958
8112,7957
8183,7961
8295,7969
8326,7969
8408,7965
8411,7989
8409,8008
8430,8018
8455,8011
8480,8022
8466,8039
8480,8039
8461,8051
8443,8053
8432,8068
8420,8082
8406,8072
8425,8084
8453,8088
8468,8104
8550,8094
8564,8110
8497,8111
8482,8147
8435,8142
8429,8156
8478,8154
8570,8156
8676,8168
8583,8179
8544,8187
8520,8209
8533,8203
8604,8211
8609,8217
8645,8229
8554,8232
8576,8244
8717,8253
8651,8254
8642,8266
8570,8268
8659,8287
8711,8297
8646,8302
8593,8309
8639,8307
8667,8319
8499,8337
8487,8343
8676,8341
8709,8352
8711,8360
8552,8371
8620,8385
8632,8395
8667,8393
8744,8387
8657,8424
8675,8413
8720,8429
8641,8432
8699,8436
8717,8454
8616,8455
8704,8450
8706,8474
8711,8496
8720,8489
8689,8500
8745,8494
8738,8514
8733,8529
8813,8519
8727,8553
8869,8538
8712,8564
8789,8558
8802,8576
8841,8573
8753,8586
8777,8591
8840,8611
8868,8617
8893,8625
8875,8618
8882,8633
8878,8631
8921,8652
8871,8671
8876,8659
8833,8687
8915,8689
8992,8685
8891,8698
8993,8704
8884,8721
8908,8727
8866,8726
8777,8728
8856,8741
8744,8750
8879,8753
8697,8750
8653,8757
8705,8748
8656,8751
8700,8757
8753,8743
8749,8748
8765,8752
8634,8752
8753,8752
8566,8756
8687,8765
8721,8756
8694,8752
8766,8748
8575,8754
8755,8769
8684,8741
8574,8749
8755,8759
8598,8758
8613,8770
8803,8760
8607,8752
8734,8766
8684,8749
8627,8758
8656,8760
8575,8759
8751,8750
8546,8754
8727,8756
8628,8757
8589,8757
8698,8754
8576,8744
8628,8746
8627,8743
8550,8768
8811,8745
8651,8756
8823,8762
8740,8758
8594,8763
8790,8758
8590,8760
8726,8763
8787,8752
8695,8765
8753,8756
8697,8755
8770,8757
8688,8762
8653,8746
8848,8747
8609,8753
8780,8763
8744,8758
8689,8769
8755,8749
8587,8764
8689,8762
8562,8751
8623,8747
8807,8749
8637,8751
8755,8756
8746,8733
8581,8752
8790,8754
8581,8753
8694,8757
8640,8754
8732,8755
8850,8752
8631,8768
8839,8753
8654,8751
8570,8762
8676,8762
8625,8755
8727,8754
8809,8753
8660,8764
8797,8749
8701,8756
8630,8758
8655,8758
8554,8745
8843,8760
8568,8759
8725,8762
8719,8751
8650,8766
8706,8767
8592,8760
8618,8764
8638,8776
8605,8757
8764,8762
8632,8768
8769,8764
8680,8754
8562,8754
8802,8751
8591,8734
8770,8760
8771,8754
8662,8763
8779,8758
8704,8754
8745,8757
8708,8759
8660,8752
8751,8747
8692,8751
8774,8753
8735,8742
8734,8753
8806,8752
8629,8758
8704,8759
8569,8753
8695,8763
8842,8765
8609,8765
8827,8767
8757,8759
8558,8758
8815,8762
8548,8757
8559,8755
8660,8761
8563,8759
8766,8759
8690,8762
8806,8769
8711,8752
8578,8740
8693,8753
8629,8761
8700,8753
8769,8749
8685,8748
8831,8757
8715,8755
8773,8753
8672,8761
8686,8757
8807,8764
8596,8757
8764,8759
8721,8751
8758,8763
8706,8755
8552,8769
8658,8753
8592,8746
8659,8765
8809,8742
8604,8764
8763,8757
8685,8755
8544,8744
8768,8755
8558,8757
8753,8755
8538,8758
8613,8756
8777,8759
8625,8759
8795,8758
8702,8759
8581,8766
8798,8761
8652,8763
8673,8764
8751,8764
8645,8760
8800,8747
8652,8749
8747,8767
8590,8758
8656,8747
8784,8761
8589,8761
8710,8761
8674,8752
8758,8757
8763,8760
8578,8765
8638,8771
8612,8750
8616,8751
8746,8751
8634,8755
8815,8771
8697,8762
8618,8767
8722,8744
8637,8768
8710,8741
8616,8761
8721,8762
8769,8760
8641,8768
8814,8766
8633,8749
8599,8768
8657,8744
8622,8756
8781,8754
8724,8758
8777,8761
8769,8757
8647,8751
8768,8762
8641,8761
8608,8765
8834,8746
8571,8756
8708,8761
8716,8752
8733,8758
8747,8760
8609,8758
8721,8745
8587,8757
8657,8762
8822,8753
8704,8754
8811,8750
8697,8755
8581,8767
8737,8752
8613,8760
8747,8752
8598,8765
8694,8781
8797,8755
8676,8760
8740,8758
8624,8754
8650,8755
8713,8747
8738,8766
8755,8764
8634,8752
8801,8749
8795,8761
8527,8755
8864,8755
8581,8753
8650,8760
8857,8744
8579,8762
8807,8762
8723,8746
8765,8758
8743,8772
8649,8757
8683,8762
8668,8756
8680,8756
8714,8753
8726,8755
8829,8761
8663,8744
8598,8758
8725,8759
8600,8760
8792,8756
8570,8758
8813,8756
8782,8755
8599,8754
8762,8752
8587,8751
8622,8759
8640,8744
8578,8742
8760,8757
8749,8741
8760,8768
8799,8751
8606,8771
8793,8755
8601,8766
8682,8760
8777,8755
8618,8758
8730,8750
8673,8755
8769,8757
8657,8752
8586,8756
8738,8750
8604,8751
8706,8758
8743,8755
8728,8759
8811,8758
8601,8755
8577,8758
8714,8757
8614,8760
8677,8764
8560,8753
8775,8755
8755,8764
8592,8759
8651,8760
8642,8750
8781,8746
8564,8754
8685,8759
8813,8758
8705,8760
8754,8757
8699,8757
8574,8748
8748,8766
8638,8759
8661,8758
8744,8749
8697,8764
8804,8768
8649,8755
8613,8764
8684,8753
8644,8774
8777,8763
8587,8757
8730,8764
8806,8749
8605,8761
8744,8755
8586,8760
8572,8754
8661,8759
8642,8763
8735,8762
8731,8758
8741,8760
8805,8762
8662,8759
8715,8758
8625,8756
8749,8756
8798,8755
8633,8754
8706,8754
8688,8749
8722,8755
8644,8755
8599,8755
8779,8757
8655,8749
8701,8754
8757,8770
8753,8760
8814,8762
8554,8755
8614,8772
8642,8749
8590,8761
8800,8764
8553,8761
8739,8752
8781,8749
8603,8747
8764,8759
8595,8770
8700,8762
8689,8756
8658,8761
8781,8749
8698,8750
8783,8768
8742,8751
8601,8754
8722,8743
8588,8747
8599,8759
8806,8755
8538,8755
8744,8755
8709,8753
8717,8761
8699,8746
8635,8761
8712,8756
8688,8754
8759,8746
8726,8760
8745,8755
8732,8761
8607,8750
8675,8771
8597,8765
8591,8763
8709,8768
8441,8744
8655,8735
8532,8755
8342,8737
8560,8727
8321,8718
8552,8722
8324,8693
8471,8696
8509,8687
8278,8684
8553,8675
8302,8669
8322,8658
8433,8655
8417,8654
8346,8638
8341,8635
8324,8617
8346,8623
8314,8600
8342,8597
8257,8587
8339,8580
8291,8557
8243,8564
8326,8563
8289,8544
8230,8546
8234,8518
8326,8535
8134,8509
8215,8518
8287,8499
8306,8498
8319,8490
8227,8480
8344,8466
8229,8469
8257,8451
8305,8453
8204,8456
8281,8434
8256,8441
8239,8410
8286,8389
8222,8405
8245,8386
8294,8384
8268,8399
8241,8373
8275,8355
8108,8350
8155,8345
8280,8335
8440,8331
8420,8311
8068,8315
8217,8302
8114,8305
8165,8282
8088,8281
8157,8282
8180,8250
8091,8261
8062,8234
8115,8237
8112,8243
8111,8215
8043,8199
7987,8223
8084,8194
8142,8193
8083,8169
8089,8173
8026,8163
7953,8170
8007,8153
8116,8140
8139,8143
8006,8119
8032,8123
7976,8098
7949,8099
7978,8104
8049,8094
8056,8051
8137,8056
8114,8066
8066,8035
8011,8074
7967,8044
7953,8035
7913,8017
7960,8013
7944,8026
7886,7997
7900,7998
7977,7991
8011,7978
7989,7966
8050,7973
7992,7978
8050,7959
8099,7963
8030,7947
8082,7970
8077,7961
8112,7964
8093,7973
8109,7971
8110,7947
8094,7976
8145,7941
8141,7950
8148,7944
8140,7982
8160,7960
8152,7982
8166,7948
8149,7943
8144,7975
8168,7936
8172,7965
8174,7960
8167,7977
8182,7955
8168,7962
8172,7942
8176,7971
8190,7955
8153,7954
8178,7963
8175,7966
8144,7961
8186,7953
8168,7964
8174,7945
8172,7966
8175,7958
8171,7960
8147,7939
8152,7953
8159,7966
8157,7980
8137,7952
8141,7971
8171,7956
8087,7954
8013,7949
7944,7971
7836,7950
7706,7933
7608,7939
7566,7915
7539,7933
7540,7915
7478,7902
7389,7896
7467,7895
7405,7873
7422,7879
7407,7881
7426,7850
7475,7861
7456,7853
7484,7829
7484,7826
7447,7819
7427,7818
7369,7806
7338,7796
7352,7790
7306,7785
7444,7788
7390,7773
7423,7757
7394,7755
7341,7742
7263,7732
7302,7726
7391,7716
7428,7723
7363,7699
7276,7711
7297,7686
7347,7685
7402,7673
7332,7670
7262,7665
7262,7639
7315,7650
7356,7629
7274,7618
7179,7621
7233,7611
7475,7609
7187,7586
7142,7589
7314,7578
7215,7567
7115,7556
7242,7559
7255,7534
7156,7543
7161,7520
7234,7522
7150,7515
7178,7509
7241,7503
7103,7495
7175,7484
7189,7480
7102,7455
7120,7447
7240,7448
7099,7431
7247,7431
7171,7420
7120,7422
7163,7406
6968,7395
7210,7397
7111,7390
7183,7374
7194,7370
7081,7362
7178,7351
6991,7357
7171,7338
7038,7326
7155,7323
7071,7318
7079,7292
6998,7318
7057,7275
6995,7282
7063,7275
6977,7271
7056,7241
6969,7257
7058,7255
7001,7235
6943,7225
6959,7221
7001,7198
6917,7213
6981,7203
7030,7179
6998,7169
7065,7176
7072,7174
7183,7174
6965,7149
7106,7160
7206,7158
7075,7159
7203,7158
7065,7165
7198,7157
7095,7163
7090,7161
7361,7161
7111,7148
7386,7164
7138,7160
7056,7157
7186,7149
7127,7145
7131,7145
7167,7156
7116,7160
7288,7155
7327,7148
7283,7172
7287,7157
7200,7156
7285,7161
7189,7155
7242,7152
7356,7153
7223,7164
7402,7155
7213,7170
7330,7153
7316,7154
7206,7139
7175,7161
7125,7149
7149,7149
7271,7153
7250,7171
7270,7154
7176,7148
7193,7160
7062,7170
7093,7148
7275,7157
7113,7145
7264,7149
7230,7156
7194,7153
7233,7151
7134,7146
7184,7155
7125,7158
7112,7157
7283,7159
7158,7145
7284,7163
7210,7156
7056,7159
7324,7153
7166,7160
7198,7153
7311,7153
7201,7156
7342,7155
7242,7161
7325,7160
7249,7153
7129,7154
7320,7156
7140,7159
7311,7153
7218,7163
7242,7155
7254,7159
7160,7149
7165,7157
7175,7155
7137,7156
7249,7165
7198,7154
7234,7151
7284,7163
7175,7154
7331,7147
7153,7163
7278,7156
7122,7157
7289,7151
7304,7162
7133,7161
7382,7144
7166,7154
7118,7162
7243,7150
7118,7153
7267,7152
7356,7150
7251,7157
7326,7155
7179,7159
7307,7167
7180,7151
7154,7156
7302,7160
7065,7158
7270,7162
7254,7164
7179,7144
7179,7158
7149,7162
7238,7157
7149,7158
7072,7160
7270,7159
7168,7144
7289,7165
7174,7156
7115,7155
7262,7153
7136,7148
7143,7163
7093,7163
7224,7158
7354,7148
7197,7157
7333,7139
7182,7155
7146,7152
7229,7149
7189,7148
7365,7154
7241,7149
7232,7162
7289,7148
7139,7159
7175,7159
7178,7161
7171,7161
7272,7153
7128,7157
7213,7160
7266,7163
7122,7154
7309,7150
7118,7168
7189,7139
7121,7153
7182,7142
7242,7155
7196,7176
7298,7157
7197,7154
7123,7156
7285,7151
7169,7156
7255,7145
7349,7158
7222,7152
7299,7158
7126,7155
7291,7148
7133,7153
7139,7155
7305,7152
7141,7157
7255,7161
7177,7151
7168,7151
7195,7160
7266,7157
7218,7157
7200,7158
7139,7168
7348,7148
7139,7152
7307,7155
7193,7173
7176,7167
7220,7154
7129,7151
7230,7158
7116,7148
7200,7160
7319,7145
7230,7152
7353,7155
7200,7147
7134,7149
7267,7158
7189,7149
7291,7153
7158,7153
7277,7161
7257,7150
7135,7151
7274,7159
7146,7157
7201,7150
7299,7150
7233,7157
7302,7163
7260,7158
7230,7155
7301,7155
7166,7158
7233,7155
7104,7150
7185,7150
7309,7151
7123,7150
7246,7165
7206,7146
7152,7159
7230,7161
7169,7148
7310,7157
7099,7154
7235,7158
7394,7146
7158,7146
7421,7159
7135,7165
7095,7157
7261,7152
7162,7151
7227,7163
7280,7139
7205,7149
7290,7146
7327,7157
7264,7153
7270,7166
7151,7163
7307,7156
7248,7159
7299,7176
7250,7158
7217,7161
7227,7153
7153,7154
7221,7157
7106,7158
7183,7168
7268,7155
7212,7158
7352,7160
7090,7136
7105,7158
7198,7148
7105,7169
7321,7166
7074,7156
7211,7151
7182,7157
7065,7160
7315,7154
7159,7153
7150,7162
7179,7153
7231,7160
7303,7158
7175,7158
7284,7157
7306,7152
7211,7159
7254,7149
7149,7156
7125,7153
7345,7140
7091,7154
7278,7166
7300,7162
7205,7158
7198,7156
7163,7153
7208,7161
7114,7145
7273,7146
7261,7147
7302,7151
7265,7156
7103,7160
7180,7162
7175,7159
7133,7154
7228,7159
7112,7137
7228,7153
7242,7159
7234,7146
7253,7159
7113,7163
7150,7157
7165,7160
7207,7155
7239,7155
7223,7139
7253,7158
7326,7150
7125,7144
7301,7161
7076,7141
7147,7161
7345,7160
7084,7145
7315,7164
7248,7153
7322,7156
7214,7142
7063,7162
7265,7152
7075,7152
7180,7151
7223,7149
7258,7147
7243,7162
7184,7153
7139,7152
7250,7158
7264,7152
7209,7146
7198,7163
7244,7156
7271,7143
7231,7164
7254,7158
7102,7154
7210,7160
7420,7143
7146,7157
7351,7143
7233,7151
7307,7155
7318,7147
7094,7164
7240,7146
7132,7147
7253,7171
7391,7153
7168,7157
7290,7153
7100,7162
7189,7152
7117,7153
7071,7160
7264,7153
7118,7158
7266,7164
7258,7150
7161,7159
7272,7151
7197,7159
7184,7154
7263,7155
7268,7143
7263,7155
7197,7148
7288,7150
7336,7156
7144,7157
7266,7145
7135,7144
7210,7165
7329,7141
7176,7153
7309,7155
7169,7153
7384,7164
7190,7154
7135,7153
7348,7157
7084,7156
7290,7160
7273,7143
7285,7145
7319,7160
7091,7151
7192,7156
7238,7153
7179,7155
7191,7152
7175,7156
7201,7151
7286,7145
7183,7158
7339,7164
7156,7144
7187,7155
7236,7154
7215,7156
7351,7151
7261,7142
7209,7167
7373,7162
7202,7163
7381,7154
7208,7155
7173,7159
7365,7152
7209,7147
7333,7170
7241,7163
7398,7162
7309,7176
7360,7166
7516,7179
7378,7193
7542,7188
7466,7187
7493,7210
7470,7207
7433,7211
7534,7229
7496,7235
7575,7245
7488,7257
7551,7263
7522,7283
7578,7272
7562,7292
7555,7294
7582,7295
7638,7299
7548,7325
7635,7317
7569,7317
7659,7333
7622,7344
7648,7348
7593,7376
7646,7362
7685,7378
7685,7397
7703,7387
7638,7397
7637,7411
7594,7408
7641,7425
7635,7422
7603,7440
7724,7436
7733,7458
7709,7470
7802,7473
7690,7461
7646,7488
7756,7506
7676,7502
7699,7514
7782,7512
7670,7520
7797,7541
7910,7558
7776,7558
7673,7562
7757,7574
7770,7584
7682,7575
7738,7578
7798,7600
7729,7602
7815,7620
7809,7614
7807,7629
7741,7643
7748,7652
7821,7646
7887,7657
7824,7673
7762,7686
7845,7699
7848,7679
7935,7704
7883,7733
7800,7722
7842,7729
7870,7744
7918,7738
7943,7752
7886,7771
7786,7755
7855,7782
7833,7782
7941,7799
7935,7785
7957,7802
7907,7816
7909,7827
7932,7830
7898,7829
7901,7850
7917,7856
7962,7866
8010,7869
8002,7889
8008,7891
8033,7905
8035,7910
8027,7910
8067,7928
8042,7942
7943,7926
7934,7934
7887,7938
7953,7930
7881,7937
7932,7964
7846,7951
7813,7947
7889,7947
7806,7944
7844,7974
7819,7947
7823,7988
7816,7958
7833,7955
7823,7940
7821,7977
7825,7946
7800,7942
7793,7958
7782,7944
7833,7960
7805,7937
7836,7971
7796,7957
7796,7949
7791,7956
7804,7973
7802,7957
7799,7929
7781,7962
7778,7945
7805,7950
7755,7970
7799,7943
7759,7958
7774,7969
7763,7954
7757,7953
7774,7951
7765,7950
7799,7946
7798,7961
7797,7950
7790,7979
7808,7967
7793,7965
7807,7944
7822,7955
7833,7958
7912,7952
8042,7962
8098,7957
8204,7962
8376,7979
8400,7975
8392,7986
8444,8007
8439,8012
8469,8009
8470,8021
8473,7998
8480,8034
8464,8041
8433,8051
8393,8054
8393,8051
8377,8077
8435,8081
8473,8087
8498,8089
8525,8105
8561,8105
8524,8131
8522,8104
8432,8132
8477,8139
8424,8152
8614,8170
8685,8166
8621,8176
8533,8183
8508,8181
8563,8203
8602,8203
8676,8215
8625,8220
8607,8240
8569,8237
8636,8246
8666,8260
8642,8243
8573,8280
8685,8282
8642,8291
8702,8296
8557,8302
8639,8306
8700,8311
8666,8327
8499,8337
8562,8346
8710,8353
8504,8358
8646,8369
8692,8379
8732,8384
8694,8397
8741,8403
8701,8410
8612,8415
8710,8430
8690,8431
8691,8437
8825,8441
8698,8457
8658,8464
8779,8474
8708,8473
8754,8480
8669,8499
8638,8488
8872,8495
8715,8525
8812,8540
8723,8536
8829,8537
8835,8559
8756,8554
8895,8564
8786,8576
8901,8586
8784,8595
8835,8592
8764,8600
8892,8611
8833,8618
8903,8631
8873,8645
8917,8644
8829,8662
8894,8642
8853,8675
8943,8683
8828,8688
8941,8713
8969,8712
8937,8705
9016,8713
8789,8713
8996,8732
8763,8741
8843,8738
8877,8751
8815,8741
8856,8757
8633,8742
8759,8755
8627,8750
8616,8751
8809,8755
8537,8755
8756,8762
8747,8761
8755,8764
8722,8757
8589,8757
8741,8756
8590,8754
8625,8747
8752,8763
8648,8763
8774,8758
8603,8747
8601,8747
8702,8759
8578,8758
8611,8760
8670,8766
8674,8755
8781,8751
8590,8752
8756,8750
8585,8761
8660,8769
8580,8758
8611,8761
8793,8754
8643,8756
8735,8749
8683,8757
8574,8745
8696,8744
8647,8757
8689,8771
8887,8751
8622,8749
8801,8744
8705,8749
8617,8747
8711,8750
8597,8752
8765,8757
8586,8750
8749,8761
8824,8754
8579,8757
8800,8749
8634,8756
8573,8761
8753,8759
8572,8756
8746,8757
8750,8759
8798,8757
8783,8758
8623,8758
8733,8761
8693,8759
8714,8759
8716,8753
8640,8763
8747,8761
8683,8757
8767,8764
8683,8755
8577,8748
8770,8759
8541,8755
8666,8767
8820,8759
8645,8758
8780,8750
8578,8762
8555,8768
8698,8765
8580,8751
8667,8749
8591,8759
8704,8764
8788,8765
8626,8755
8793,8748
8654,8763
8646,8774
8650,8756
8620,8762
8742,8750
8667,8752
8720,8771
8729,8756
8555,8752
8769,8762
8582,8763
8646,8759
8807,8763
8589,8759
8871,8764
8703,8763
8774,8761
8701,8761
8647,8765
8766,8753
8598,8762
8708,8752
8728,8749
8671,8752
8743,8757
8560,8753
8668,8756
8679,8753
8605,8757
8770,8759
8597,8752
8858,8759
8741,8753
8563,8764
8800,8759
8602,8751
8669,8751
8689,8752
8577,8761
8798,8757
8714,8752
8766,8757
8713,8756
8591,8751
8761,8750
8591,8756
8710,8760
8835,8744
8718,8759
8833,8753
8671,8756
8744,8766
8695,8757
8520,8749
8688,8754
8612,8751
8619,8761
8714,8756
8659,8767
8739,8754
8596,8764
8644,8760
8641,8754
8657,8759
8740,8764
8699,8763
8761,8765
8721,8757
8644,8754
8729,8749
8565,8759
8703,8762
8555,8764
8652,8764
8879,8757
8700,8757
8845,8761
8768,8759
8572,8761
8723,8754
8534,8754
8722,8754
8741,8755
8596,8761
8756,8755
8710,8756
8757,8752
8679,8750
8631,8772
8702,8763
8518,8759
8700,8755
8720,8763
8728,8764
8752,8761
8567,8760
8617,8760
8612,8753
8546,8756
8800,8758
8572,8748
8751,8768
8717,8751
8584,8763
8788,8769
8660,8761
8714,8765
8585,8750
8671,8755
8819,8764
8659,8756
8770,8753
8674,8751
8557,8769
8722,8757
8544,8776
8716,8755
8836,8758
8650,8763
8783,8765
8641,8757
8807,8771
8641,8748
8559,8751
8742,8752
8589,8753
8733,8757
8770,8754
8689,8758
8733,8761
8559,8762
8626,8749
8640,8760
8659,8756
8801,8755
8601,8767
8835,8774
8742,8754
8578,8762
8761,8762
8657,8784
8731,8736
8618,8756
8632,8763
8798,8759
8777,8773
8759,8752
8767,8753
8607,8766
8743,8750
8583,8760
8762,8761
8740,8756
8734,8766
8773,8757
8530,8764
8810,8747
8614,8751
8566,8757
8769,8754
8576,8754
8795,8757
8721,8756
8691,8756
8808,8769
8654,8756
8650,8761
8682,8753
8687,8753
8791,8756
8655,8756
8760,8756
8699,8758
8624,8751
8734,8767
8673,8750
8702,8757
8624,8758
8773,8758
8740,8751
8602,8764
8829,8768
8622,8766
8644,8768
8595,8757
8680,8768
8753,8757
8669,8757
8778,8754
8783,8748
8597,8745
8794,8749
8643,8762
8615,8762
8774,8742
8677,8760
8839,8768
8721,8761
8820,8761
8809,8747
8601,8737
8705,8751
8541,8760
8591,8758
8874,8761
8547,8744
8774,8750
8731,8747
8608,8764
8730,8750
8525,8754
8764,8747
8580,8761
8640,8758
8707,8748
8688,8744
8698,8753
8605,8755
8635,8756
8646,8756
8653,8762
8767,8758
8676,8766
8755,8759
8786,8762
8597,8755
8884,8754
8652,8758
8675,8763
8805,8757
8650,8755
8760,8762
8675,8756
8716,8758
8731,8759
8690,8760
8732,8771
8612,8756
8713,8756
8809,8760
8593,8759
8821,8758
8657,8756
8612,8761
8660,8752
8527,8762
8781,8755
8565,8752
8714,8773
8794,8760
8619,8759
8777,8747
8619,8754
8610,8763
8670,8758
8648,8767
8749,8753
8730,8763
8744,8759
8747,8744
8658,8759
8743,8756
8584,8753
8670,8761
8767,8764
8723,8753
8807,8754
8682,8753
8769,8749
8699,8762
8537,8756
8847,8752
8563,8752
8715,8760
8781,8769
8639,8761
8808,8762
8572,8751
8534,8743
8675,8756
8597,8761
8760,8759
8671,8747
8731,8762
8799,8760
8584,8753
8845,8755
8573,8755
8613,8768
8843,8747
8669,8733
8751,8762
8736,8754
8662,8766
8798,8751
8676,8759
8642,8749
8674,8762
8722,8761
8719,8761
8664,8763
8756,8749
8687,8754
8664,8767
8653,8749
8671,8757
8804,8758
8572,8756
8718,8758
8723,8754
8604,8777
8720,8734
8524,8757
8459,8732
8556,8750
8588,8742
8698,8734
8472,8722
8677,8728
8483,8694
8334,8711
8474,8698
8337,8704
8464,8690
8408,8681
8586,8674
8441,8665
8355,8649
8412,8648
8378,8633
8325,8635
8288,8624
8343,8608
8336,8612
8323,8609
8283,8599
8243,8581
8350,8577
8295,8562
8291,8560
8259,8552
8323,8533
8310,8550
8399,8537
8144,8530
8209,8509
8350,8514
8258,8493
8310,8490
8271,8481
8265,8483
8333,8468
8252,8464
8326,8450
8310,8442
8262,8435
8322,8431
8249,8414
8260,8410
8272,8413
8227,8396
8275,8380
8297,8394
8179,8374
8159,8358
8293,8356
8131,8358
8150,8336
8365,8336
8407,8329
8268,8307
8013,8319
8296,8297
8182,8299
8043,8288
8062,8278
8183,8262
8150,8256
8074,8254
8027,8249
8157,8249
8148,8224
8078,8210
8004,8208
8004,8203
8098,8182
8146,8208
8050,8184
8020,8167
7985,8169
7982,8152
8065,8152
8193,8136
8084,8133
8094,8122
7975,8111
7978,8110
7952,8088
7989,8078
8063,8087
8078,8063
8091,8080
8061,8057
8053,8051
7997,8052
7995,8034
7977,8042
7923,8011
7938,8006
7894,8013
7936,7998
8004,7967
7909,7997
8008,7961
8008,7972
8042,7975
8022,7971
8028,7971
8085,7963
8059,7977
8072,7951
8077,7947
8114,7954
8120,7968
8132,7957
8117,7977
8143,7947
8143,7967
8138,7949
8159,7953
8177,7964
8178,7952
8150,7976
8145,7967
8172,7974
8167,7973
8167,7944
8148,7930
8177,7941
8172,7962
8160,7948
8186,7960
8168,7966
8179,7950
8191,7949
8194,7950
8158,7968
8176,7927
8128,7950
8177,7951
8165,7957
8145,7956
8170,7953
8169,7953
8165,7959
8157,7941
8155,7958
8116,7953
8133,7976
8156,7959
8158,7963
8152,7968
8096,7954
8001,7962
7824,7934
7790,7931
7636,7936
7588,7916
7649,7934
7494,7928
7437,7921
7428,7911
7457,7888
7398,7893
7415,7887
7435,7870
7422,7860
7467,7852
7487,7865
7471,7845
7521,7833
7455,7828
7446,7827
7403,7812
7370,7806
7358,7797
7310,7790
7355,7788
7412,7776
7399,7776
7404,7766
7343,7752
7286,7737
7287,7735
7380,7714
7402,7726
7414,7698
7360,7705
7318,7698
7296,7679
7386,7676
7404,7669
7290,7670
7244,7666
7272,7657
7382,7642
7318,7632
7265,7612
7326,7605
7272,7617
7246,7600
7108,7574
7253,7588
7259,7580
7110,7570
7184,7551
7188,7548
7204,7546
7112,7536
7225,7536
7215,7517
7158,7510
7182,7498
7179,7499
7128,7477
7161,7476
7151,7469
7147,7464
7190,7462
7123,7448
7183,7442
7188,7431
7102,7420
7184,7416
7043,7400
7040,7394
7268,7394
7093,7380
7220,7373
7087,7374
7161,7374
7050,7341
7071,7348
7154,7330
7085,7326
7135,7314
7031,7302
7038,7310
7084,7296
7112,7276
6992,7269
7043,7275
7025,7252
7005,7262
6930,7246
7039,7235
7101,7235
7068,7225
6970,7219
6916,7204
6996,7196
6864,7182
7031,7189
6938,7165
6999,7162
7051,7176
7031,7176
7115,7159
7026,7162
7140,7167
7125,7155
7161,7162
7253,7160
7031,7157
7334,7145
7096,7160
7123,7166
7164,7143
7058,7162
7269,7163
7127,7149
7284,7158
7322,7158
7135,7171
7357,7153
7208,7143
7253,7144
7376,7153
7132,7144
7365,7156
7265,7145
7299,7152
7307,7161
7182,7145
7237,7146
7198,7157
7183,7152
7298,7151
7228,7148
7281,7148
7218,7161
7140,7158
7246,7168
7186,7155
7280,7162
7149,7145
7302,7159
7304,7148
7092,7155
7229,7154
7054,7148
7157,7160
7178,7153
7092,7150
7215,7151
7321,7150
7215,7157
7327,7153
7088,7152
7271,7159
7078,7136
7153,7164
7305,7149
7077,7158
7276,7163
7252,7145
7268,7155
7169,7144
7123,7169
7239,7157
7134,7155
7263,7155
7375,7157
7236,7161
7355,7164
7126,7157
7159,7144
7209,7148
7144,7151
7220,7142
7140,7157
7267,7156
7266,7156
7179,7157
7254,7164
7271,7157
7196,7159
7251,7165
7229,7164
7265,7152
7302,7156
7330,7159
7242,7159
7098,7170
7284,7151
7137,7158
7262,7160
7347,7148
7183,7160
7335,7151
7217,7159
7303,7147
7276,7156
7171,7153
7329,7155
7130,7166
7233,7146
7256,7153
7282,7161
7206,7162
7065,7161
7091,7151
7179,7155
7112,7168
7241,7159
7181,7149
7328,7154
7264,7152
7142,7146
7263,7153
7099,7154
7185,7162
7291,7146
7102,7160
7300,7160
7250,7156
7227,7146
7228,7165
7142,7149
7307,7153
7126,7151
7291,7157
7273,7158
7252,7144
7371,7154
7130,7164
7194,7156
7152,7160
7112,7156
7323,7158
7071,7158
7259,7159
7256,7153
7182,7151
7253,7156
7184,7148
7172,7164
7259,7152
7182,7158
7239,7153
7232,7151
7337,7163
7222,7162
7131,7155
7229,7152
7150,7158
7308,7151
7361,7155
7144,7152
7303,7161
7244,7154
7332,7153
7235,7157
7109,7158
7321,7165
7099,7160
7285,7156
7245,7155
7252,7144
7223,7157
7014,7156
7097,7145
7142,7159
7137,7155
7134,7149
7199,7160
7241,7154
7153,7156
7164,7155
7175,7158
7088,7164
7245,7150
7098,7150
7187,7157
7272,7167
7234,7173
7300,7158
7323,7165
7117,7149
7307,7160
7161,7153
7196,7149
7280,7165
7210,7171
7307,7152
7186,7155
7265,7154
7057,7153
7167,7156
7314,7160
7104,7158
7256,7151
7247,7159
7244,7149
7273,7149
7132,7152
7209,7147
7294,7158
7214,7155
7252,7163
7179,7151
7350,7146
7179,7157
7165,7158
7210,7146
7172,7144
7217,7146
7165,7160
7161,7146
7342,7152
7223,7154
7310,7152
7266,7152
7110,7161
7263,7153
7100,7154
7281,7166
7341,7144
7286,7150
7284,7148
7097,7142
7271,7159
7168,7154
7142,7157
7196,7162
7171,7157
7220,7149
7206,7160
7229,7161
7176,7153
7163,7149
7240,7154
7189,7152
7198,7151
7244,7155
7228,7153
7303,7149
7257,7151
7087,7145
7215,7154
7131,7155
7258,7155
7108,7159
7239,7159
7303,7154
7153,7152
7306,7147
7083,7152
7131,7153
7122,7150
7034,7159
7272,7150
7256,7139
7256,7157
7256,7146
7119,7153
7275,7153
7173,7153
7204,7160
7247,7147
7101,7152
7318,7156
7311,7152
7244,7150
7324,7163
7199,7166
7138,7150
7260,7140
7187,7155
7279,7159
7200,7152
7320,7156
7221,7159
7084,7160
7255,7166
7137,7138
7261,7154
7137,7155
7288,7157
7227,7155
7163,7156
7228,7155
7129,7150
7159,7155
7194,7150
7132,7149
7196,7161
7215,7159
7163,7156
7222,7161
7145,7160
7254,7158
7208,7150
7110,7160
7307,7162
7149,7147
7320,7174
7219,7144
7326,7160
7280,7148
7092,7161
7199,7153
7143,7158
7126,7154
7325,7153
7133,7159
7311,7163
7189,7155
7152,7151
7194,7156
7125,7153
7266,7150
7089,7161
7235,7144
7252,7154
7213,7153
7175,7146
7169,7152
7215,7145
7128,7153
7147,7148
7324,7155
7292,7154
7288,7161
7244,7159
7106,7148
7191,7164
7137,7158
7119,7153
7318,7146
7186,7159
7344,7161
7282,7165
7148,7166
7295,7141
7107,7163
7256,7148
7156,7142
7228,7163
7268,7153
7141,7156
7343,7167
7180,7158
7113,7154
7256,7159
7178,7159
7232,7148
7288,7158
7284,7156
7282,7156
7217,7140
7279,7150
7232,7154
7138,7159
7228,7151
7135,7160
7280,7158
7165,7154
7278,7158
7204,7152
7131,7154
7242,7152
7163,7153
7256,7158
7341,7154
7190,7157
7407,7148
7224,7147
7144,7164
7181,7149
7078,7162
7300,7157
7083,7151
7216,7151
7265,7161
7284,7153
7208,7161
7276,7143
7247,7165
7192,7169
7174,7153
7325,7160
7331,7151
7241,7165
7321,7151
7166,7149
7383,7168
7106,7149
7120,7152
7264,7152
7100,7152
7274,7145
7357,7166
7243,7151
7261,7153
7206,7160
7336,7156
7203,7157
7400,7173
7415,7156
7360,7161
7457,7179
7242,7167
7404,7187
7369,7189
7423,7195
7433,7200
7481,7214
7498,7230
7476,7230
7464,7232
7468,7238
7566,7248
7552,7254
7573,7274
7508,7270
7543,7272
7577,7283
7621,7289
7597,7298
7576,7300
7551,7309
7603,7325
7639,7338
7590,7337
7590,7341
7626,7361
7640,7367
7648,7375
7539,7384
7618,7393
7682,7397
7616,7398
7658,7409
7641,7415
7651,7424
7633,7431
7684,7438
7700,7459
7675,7463
7708,7471
7692,7498
7691,7479
7742,7496
7741,7510
7725,7511
7753,7516
7710,7533
7710,7528
7714,7538
7671,7549
7757,7563
7673,7568
7740,7580
7674,7566
7725,7591
7822,7600
7743,7592
7727,7615
7763,7632
7835,7630
7795,7637
7748,7647
7751,7650
7812,7660
7835,7674
7825,7655
7763,7697
7860,7692
7894,7701
7901,7688
7824,7724
7806,7711
7863,7735
7889,7741
7931,7735
7924,7768
7858,7756
7798,7772
7919,7795
7895,7787
7865,7799
7948,7797
7969,7815
7931,7810
7926,7826
7894,7833
7880,7852
7870,7841
7924,7863
7963,7862
7978,7882
7979,7888
8034,7892
8012,7921
8034,7903
8073,7936
8010,7920
8010,7943
7989,7937
7994,7913
7986,7946
7945,7948
7882,7938
7933,7946
7870,7940
7887,7961
7877,7932
7851,7955
7852,7945
7836,7971
7837,7951
7812,7969
7841,7954
7812,7952
7818,7940
7817,7942
7848,7972
7808,7938
7796,7943
7804,7950
7803,7946
7800,7972
7803,7951
7805,7967
7803,7954
7757,7960
7771,7949
7823,7960
7808,7967
7765,7945
7787,7936
7799,7954
7775,7949
7773,7960
7771,7968
7760,7950
7775,7973
7780,7958
7754,7948
7763,7945
7784,7953
7775,7954
7803,7964
7823,7954
7798,7947
7845,7948
7821,7950
7832,7967
7991,7977
8076,7977
8166,7970
8252,7969
8283,7973
8375,7991
8423,8007
8412,8009
8454,8008
8477,8015
8455,8025
8490,8033
8496,8035
8454,8047
8450,8052
8420,8052
8391,8074
8418,8070
8401,8071
8494,8094
8489,8101
8514,8097
8507,8118
8579,8113
8564,8126
8445,8134
8438,8150
8440,8152
8604,8163
8675,8170
8632,8177
8539,8184
8511,8197
8610,8196
8630,8212
8651,8208
8617,8225
8590,8225
8606,8242
8644,8249
8609,8271
8615,8265
8557,8275
8651,8275
8731,8285
8664,8307
8569,8307
8705,8315
8704,8335
8595,8331
8556,8335
8660,8337
8769,8356
8568,8359
8610,8366
8785,8373
8602,8391
8709,8393
8725,8397
8670,8411
8655,8417
8728,8428
8682,8429
8692,8442
8783,8446
8655,8458
8723,8466
8723,8478
8699,8489
8757,8484
8750,8495
8862,8496
8863,8510
8734,8512
8795,8521
8736,8544
8893,8537
8720,8557
8868,8560
8801,8567
8777,8576
8836,8585
8835,8594
8876,8605
8820,8605
8887,8609
8871,8632
8879,8626
8896,8643
8855,8662
8816,8653
8922,8660
8898,8680
8984,8676
8851,8673
8816,8705
8952,8695
8874,8717
8937,8722
8979,8715
8814,8735
8809,8749
8743,8745
8897,8746
8533,8744
8805,8759
8759,8759
8793,8752
8853,8750
8667,8749
8624,8750
8747,8752
8658,8753
8832,8762
8630,8747
8795,8763
8696,8761
8578,8755
8807,8742
8612,8759
8693,8756
8611,8747
8675,8748
8711,8754
8644,8753
8670,8748
8707,8759
8758,8766
8620,8756
8642,8761
8747,8759
8706,8769
8725,8771
8717,8749
8523,8753
8752,8749
8537,8763
8620,8755
8755,8751
8583,8746
8706,8752
8761,8756
8648,8753
8784,8737
8644,8757
8719,8761
8627,8745
8731,8766
8873,8754
8597,8758
8794,8768
8670,8761
8614,8760
8730,8754
8563,8759
8686,8753
8659,8753
8583,8759
8812,8757
8697,8752
8818,8749
8726,8757
8580,8759
8759,8767
8616,8759
8746,8758
8695,8760
8749,8750
8722,8752
8577,8762
8717,8751
8634,8761
8698,8752
8777,8753
8619,8759
8818,8762
8750,8754
8817,8760
8793,8746
8597,8760
8744,8776
8590,8758
8692,8757
8771,8759
8607,8764
8771,8758
8701,8745
8602,8751
8685,8753
8628,8748
8700,8753
8592,8768
8679,8752
8806,8756
8598,8752
8764,8759
8595,8759
8640,8765
8654,8763
8584,8756
8808,8761
8722,8759
8666,8764
8781,8747
8556,8751
8802,8759
8692,8761
8713,8754
8769,8755
8656,8763
8770,8756
8707,8758
8780,8761
8712,8748
8593,8753
8743,8760
8577,8756
8682,8753
8877,8776
8662,8758
8826,8771
8641,8755
8618,8757
8599,8759
8637,8759
8790,8751
8617,8761
8757,8752
8802,8754
8611,8750
8803,8772
8603,8769
8623,8758
8629,8765
8604,8758
8732,8764
8745,8753
8826,8766
8787,8750
8565,8759
8852,8763
8651,8754
8652,8753
8785,8738
8619,8760
8747,8763
8730,8755
8734,8748
8749,8758
8657,8762
8709,8750
8596,8754
8702,8765
8780,8757
8691,8750
8705,8751
8542,8762
8744,8763
8553,8753
8588,8759
8801,8751
8585,8757
8806,8759
8743,8752
8514,8761
8808,8760
8627,8762
8584,8756
8659,8749
8642,8756
8803,8748
8660,8754
8717,8760
8724,8750
8618,8755
8683,8750
8563,8759
8720,8756
8780,8756
8734,8754
8795,8759
8613,8768
8741,8763
8658,8763
8622,8765
8725,8746
8548,8753
8699,8750
8771,8756
8663,8749
8754,8750
8653,8752
8637,8758
8659,8760
8568,8756
8708,8759
8621,8761
8808,8745
8737,8755
8544,8757
8800,8762
8623,8758
8691,8753
8666,8751
8625,8768
8765,8759
8690,8758
8742,8754
8735,8751
8597,8747
8757,8742
8570,8751
8736,8756
8817,8756
8662,8764
8785,8754
8578,8755
8757,8756
8635,8753
8613,8756
8716,8752
8593,8758
8781,8756
8721,8745
8749,8766
8731,8772
8584,8753
8637,8767
8644,8760
8640,8760
8859,8769
8601,8766
8740,8762
8712,8752
8574,8760
8721,8751
8625,8757
8722,8757
8630,8757
8708,8747
8763,8765
8634,8767
8831,8765
8684,8751
8627,8752
8789,8755
8535,8757
8770,8740
8805,8757
8659,8757
8763,8762
8585,8752
8561,8759
8766,8748
8564,8753
8679,8758
8625,8748
8710,8764
8699,8751
8616,8760
8723,8752
8620,8750
8691,8756
8661,8745
8654,8760
8804,8756
8688,8765
8781,8763
8744,8758
8612,8764
8771,8758
8608,8753
8701,8762
8796,8756
8721,8764
8798,8758
8587,8766
8763,8763
8703,8753
8605,8761
8739,8763
8564,8753
8740,8752
8767,8745
8677,8755
8721,8780
8601,8750
8728,8746
8566,8759
8652,8752
8883,8753
8634,8761
8848,8760
8708,8765
8500,8763
8846,8753
8631,8756
8608,8756
8707,8745
8626,8758
8763,8762
8651,8768
8791,8746
8688,8755
8626,8748
8664,8763
8564,8750
8727,8755
8760,8756
8757,8766
8717,8768
8564,8766
8746,8762
8659,8762
8626,8768
8724,8751
8603,8754
8741,8755
8758,8752
8737,8755
8719,8756
8629,8755
8744,8765
8571,8757
8636,8759
8734,8744
8646,8762
8726,8752
8657,8758
8623,8764
8779,8756
8611,8749
8699,8766
8587,8767
8718,8758
8824,8748
8614,8740
8847,8750
8678,8753
8628,8771
8709,8753
8569,8748
8746,8759
8821,8750
8605,8753
8699,8759
8652,8755
8695,8758
8629,8775
8676,8754
8785,8756
8630,8760
8778,8774
8685,8756
8704,8755
8760,8752
8609,8748
8692,8766
8681,8760
8615,8753
8752,8753
8666,8761
8778,8765
8675,8756
8592,8757
8733,8757
8594,8760
8710,8756
8586,8752
8779,8772
8754,8766
8526,8752
8847,8766
8605,8747
8621,8755
8684,8761
8541,8757
8818,8761
8841,8752
8666,8763
8773,8752
8694,8759
8733,8767
8686,8748
8692,8753
8722,8767
8640,8748
8715,8751
8720,8753
8701,8756
8744,8756
8655,8762
8630,8761
8643,8758
8647,8753
8747,8752
8670,8766
8774,8746
8627,8748
8593,8758
8628,8746
8545,8758
8766,8768
8530,8749
8675,8754
8691,8746
8476,8752
8603,8743
8478,8742
8547,8742
8396,8734
8472,8723
8628,8717
8421,8712
8530,8709
8427,8700
8320,8698
8383,8668
8401,8679
8522,8661
8411,8653
8365,8655
8333,8644
8358,8632
8308,8632
8339,8621
8302,8613
8347,8584
8316,8593
8329,8586
8282,8584
8285,8562
8284,8564
8232,8543
8273,8542
8198,8542
8344,8525
8154,8522
8171,8503
8285,8501
8240,8482
8236,8483
8228,8500
8349,8481
8195,8472
8298,8459
8350,8452
8256,8421
8324,8430
8299,8425
8255,8419
8275,8419
8264,8394
8232,8391
8308,8382
8251,8380
8186,8374
8145,8369
8199,8347
8119,8349
8225,8356
8376,8338
8317,8325
8146,8322
8140,8302
8131,8307
8183,8280
8129,8280
8158,8274
8143,8273
8114,8262
8084,8263
8075,8248
8068,8222
8101,8227
8078,8214
8020,8214
8067,8181
8129,8190
8092,8200
8043,8188
8025,8193
8065,8158
8068,8149
8145,8140
8143,8131
7997,8122
8072,8112
8048,8115
7984,8099
7977,8090
8038,8073
8043,8075
8093,8077
8056,8084
8077,8062
8022,8062
8005,8021
7988,8012
7941,8011
7949,8003
7943,8010
7900,8003
7880,7991
7935,7969
7925,7973
7895,7985
8046,7977
8021,7976
8074,7963
8046,7963
8076,7962
8077,7945
8107,7957
8101,7933
8122,7945
8132,7958
8128,7949
8104,7973
8137,7963
8154,7951
8144,7957
8171,7957
8169,7953
8169,7963
8133,7970
8171,7946
8177,7964
8170,7960
8190,7980
8162,7952
8175,7953
8145,7951
8157,7961
8163,7959
8179,7969
8194,7954
8194,7959
8169,7952
8184,7967
8177,7956
8171,7947
8170,7960
8145,7934
8195,7971
8169,7968
8178,7956
8172,7961
8160,7966
8127,7964
8154,7952
8173,7950
8123,7969
8181,7956
8155,7949
8094,7965
7958,7956
7863,7947
7717,7958
7624,7932
7619,7931
7535,7928
7580,7912
7447,7899
7509,7911
7418,7895
7429,7879
7427,7875
7402,7867
7446,7845
7429,7862
7484,7852
7458,7836
7441,7830
7418,7815
7445,7810
7389,7807
7344,7799
7339,7801
7349,7776
7432,7780
7387,7770
7420,7766
7439,7768
7304,7737
7321,7733
7297,7733
7378,7729
7410,7717
7396,7712
7356,7703
7286,7691
7332,7671
7406,7685
7354,7669
7316,7661
7222,7657
7334,7634
7326,7636
7319,7623
7240,7613
7315,7609
7454,7566
7296,7593
7096,7588
7315,7589
7245,7575
7104,7569
7295,7561
7218,7551
7223,7537
7164,7535
7232,7523
7208,7526
7143,7517
7177,7510
7131,7492
7115,7489
7190,7486
7112,7474
7092,7454
7181,7455
7093,7443
7216,7448
7190,7430
7097,7425
7189,7420
7076,7399
7210,7393
7139,7393
7087,7385
7261,7370
6999,7357
7222,7355
7002,7346
7132,7332
7069,7348
7130,7328
7114,7315
7042,7315
7039,7317
7109,7280
7027,7286
7084,7280
6986,7266
6991,7271
7069,7263
7109,7246
7092,7240
6946,7228
6985,7220
6940,7209
6911,7212
6967,7190
6972,7183
6973,7183
7045,7177
7104,7164
7172,7165
7114,7157
7243,7158
7107,7156
7059,7161
7191,7152
7133,7149
7301,7164
7068,7161
7242,7156
7313,7155
7106,7176
7323,7153
7067,7163
7148,7163
7068,7160
7151,7151
7319,7164
7284,7150
7265,7152
7322,7152
7158,7150
7382,7161
7170,7145
7197,7159
7310,7145
7206,7159
7270,7134
7309,7146
7273,7167
7381,7159
7188,7159
7234,7143
7243,7156
7248,7162
7305,7160
7195,7150
7343,7165
7193,7163
7097,7155
7159,7151
7124,7141
7344,7154
7062,7160
7176,7146
7183,7148
7068,7161
7311,7154
7162,7155
7112,7147
7288,7159
7201,7149
7200,7164
7187,7159
7219,7153
7190,7153
7121,7152
7190,7152
7095,7146
7166,7165
7358,7159
7167,7169
7344,7164
7227,7150
7295,7158
7291,7147
7117,7146
7229,7162
7211,7154
7215,7156
7327,7153
7177,7144
7274,7149
7127,7165
7171,7147
7144,7162
7133,7167
7300,7161
7075,7159
7200,7154
7222,7155
7221,7163
7290,7160
7175,7155
7195,7155
7219,7152
7179,7170
7324,7155
7253,7151
7311,7164
7330,7161
7154,7147
7308,7164
7165,7146
7239,7170
7370,7169
7172,7161
7351,7149
7188,7161
7347,7169
7205,7145
7135,7156
7304,7151
7080,7156
7223,7161
7291,7151
7131,7149
7284,7151
7187,7158
7164,7153
7202,7152
7156,7155
7201,7149
7124,7156
7163,7156
7292,7158
7119,7155
7248,7162
7165,7139
7180,7153
7204,7151
7245,7155
7320,7149
7166,7143
7278,7154
7287,7151
7107,7159
7292,7150
7082,7159
7288,7148
7368,7152
7211,7165
7304,7145
7132,7157
7266,7163
7122,7149
7174,7158
7281,7151
7151,7161
7175,7151
7237,7165
7255,7146
7232,7158
7211,7159
7111,7151
7171,7156
7131,7159
7340,7152
7082,7160
7274,7155
7273,7152
7091,7156
7301,7146
7106,7155
7136,7162
7202,7152
7196,7165
7290,7172
7155,7157
7327,7150
7223,7155
7182,7157
7221,7159
7198,7148
7232,7156
7256,7153
7156,7156
7277,7154
7179,7157
7240,7157
7150,7162
7135,7152
7303,7159
7146,7154
7250,7162
7291,7158
7263,7154
7264,7146
7089,7157
7117,7162
7249,7154
7136,7157
7277,7161
7145,7142
7227,7148
7244,7154
7182,7156
7327,7152
7096,7143
7222,7155
7187,7141
7196,7149
7328,7150
7135,7158
7297,7151
7207,7154
7066,7155
7241,7148
7155,7155
7203,7170
7231,7161
7228,7147
7227,7151
7250,7141
7231,7154
7147,7158
7230,7164
7299,7153
7172,7154
7266,7153
7241,7156
7269,7150
7335,7157
7063,7157
7168,7156
7245,7164
7152,7152
7332,7154
7173,7151
7356,7151
7273,7147
7140,7152
7304,7155
7123,7158
7259,7162
7069,7158
7198,7159
7326,7156
7196,7170
7258,7154
7145,7160
7287,7153
7176,7158
7250,7151
7293,7157
7253,7159
7312,7152
7237,7160
7133,7159
7279,7147
7268,7155
7130,7172
7262,7159
7116,7162
7212,7170
7221,7166
7262,7157
7231,7154
7112,7162
7267,7161
7105,7150
7322,7153
7318,7145
7204,7147
7300,7163
7184,7152
7093,7151
7166,7149
7111,7156
7217,7155
7173,7156
7162,7166
7268,7153
7170,7161
7261,7158
7133,7142
7212,7148
7242,7158
7141,7161
7210,7158
7285,7155
7219,7155
7286,7151
7145,7153
7198,7163
7131,7143
7193,7158
7346,7146
7160,7161
7359,7160
7207,7156
7120,7160
7197,7153
7136,7161
7259,7158
7098,7152
7238,7155
7304,7157
7150,7158
7205,7158
7192,7147
7275,7150
7134,7160
7242,7159
7235,7149
7211,7153
7302,7157
7264,7149
7067,7143
7353,7166
7153,7159
7089,7156
7370,7155
7060,7145
7255,7160
7297,7151
7289,7156
7325,7161
7139,7159
7210,7157
7151,7158
7237,7159
7272,7161
7222,7152
7275,7161
7151,7162
7121,7155
7192,7160
7105,7160
7221,7146
7151,7144
7285,7152
7247,7152
7185,7160
7242,7159
7241,7155
7272,7158
7252,7159
7126,7163
7259,7156
7352,7148
7245,7154
7274,7163
7144,7149
7303,7156
7096,7149
7147,7174
7347,7149
7098,7156
7354,7157
7245,7151
7316,7155
7262,7157
7074,7165
7234,7148
7108,7152
7265,7169
7336,7157
7168,7157
7280,7156
7268,7158
7226,7157
7275,7158
7254,7171
7192,7161
7220,7155
7243,7154
7257,7155
7143,7162
7279,7163
7164,7156
7199,7144
7114,7149
7143,7155
7311,7155
7274,7153
7312,7155
7295,7149
7113,7164
7353,7158
7104,7154
7245,7160
7352,7157
7226,7160
7328,7152
7070,7158
7342,7155
7167,7148
7065,7165
7268,7156
7172,7158
7264,7157
7270,7164
7260,7157
7224,7158
7243,7159
7170,7154
7287,7160
7040,7152
7247,7156
7108,7144
7244,7154
7341,7154
7150,7161
7300,7170
7192,7163
7148,7147
7282,7154
7218,7166
7335,7151
7266,7154
7374,7158
7271,7150
7220,7139
7316,7155
7316,7163
7443,7169
7456,7175
7427,7182
7481,7189
7402,7207
7472,7198
7488,7213
7451,7227
7509,7230
7472,7233
7535,7241
7502,7253
7532,7262
7497,7271
7562,7282
7567,7292
7568,7300
7574,7299
7619,7302
7562,7310
7605,7307
7524,7328
7634,7325
7616,7325
7675,7361
7632,7357
7574,7374
7609,7369
7543,7379
7701,7390
7635,7395
7636,7418
7560,7417
7615,7430
7719,7422
7662,7437
7662,7450
7736,7438
7668,7467
7743,7477
7738,7488
7692,7497
7742,7485
7666,7502
7669,7517
7789,7514
7753,7524
7626,7540
7789,7529
7662,7547
7681,7548
7650,7570
7800,7579
7715,7605
7683,7600
7826,7605
7795,7616
7727,7611
7748,7623
7848,7640
7769,7649
7734,7643
7776,7644
7870,7662
7848,7680
7794,7678
7816,7686
7896,7709
7867,7706
7919,7708
7823,7719
7829,7720
7904,7733
7886,7752
7929,7747
7960,7771
7811,7784
7737,7771
7838,7799
7857,7797
7893,7815
7932,7782
7954,7829
7872,7826
7952,7833
7918,7836
7892,7868
7902,7854
7954,7852
7947,7882
7988,7874
8026,7898
8033,7901
8002,7891
8039,7922
8087,7897
8026,7930
8002,7910
7963,7922
7937,7927
7951,7946
7859,7923
7866,7935
7871,7967
7869,7954
7862,7936
7815,7954
7837,7964
7843,7965
7840,7954
7816,7952
7822,7948
7836,7957
7801,7956
7834,7967
7820,7964
7845,7937
7776,7962
7810,7943
7789,7950
7820,7960
7826,7945
7789,7950
7804,7959
7800,7952
7795,7959
7772,7954
7798,7952
7805,7943
7806,7956
7806,7944
7758,7943
7738,7959
7756,7949
7791,7959
7769,7941
7791,7955
7760,7934
7808,7934
7783,7959
7777,7948
7797,7971
7796,7953
7836,7957
7806,7950
7803,7950
7841,7953
7881,7941
8020,7942
8080,7964
8213,7966
8347,7949
8359,7984
8391,7988
8428,7992
8410,7998
8434,8022
8473,8013
8484,8017
8463,8026
8459,8019
8450,8048
8494,8057
8422,8066
8421,8063
8387,8083
8429,8096
8453,8089
8529,8099
8498,8116
8535,8114
8508,8122
8447,8124
8449,8133
8443,8154
8527,8146
8596,8173
8683,8173
8573,8171
8518,8178
8535,8195
8560,8196
8640,8211
8625,8229
8621,8231
8541,8256
8677,8251
8704,8258
8662,8256
8625,8263
8589,8273
8653,8290
8698,8304
8592,8299
8574,8314
8668,8307
8674,8321
8463,8326
8490,8350
8646,8346
8658,8358
8692,8361
8581,8365
8635,8378
8665,8383
8639,8393
8804,8399
8648,8414
8668,8418
8727,8429
8605,8417
8737,8443
8757,8462
8681,8462
8805,8470
8775,8478
8700,8482
8770,8502
8684,8515
8815,8509
8724,8514
8779,8530
8735,8528
8773,8543
8823,8557
8751,8556
8823,8570
8767,8572
8878,8574
8822,8580
8805,8601
8833,8602
8885,8623
8857,8617
8876,8627
8875,8640
8934,8638
8879,8662
8896,8655
8859,8658
8885,8665
8893,8692
8979,8688
8990,8706
8973,8716
8911,8709
8848,8720
8922,8719
8788,8737
8827,8742
8735,8743
8900,8737
8760,8744
8634,8755
8748,8752
8655,8756
8747,8762
8775,8755
8740,8756
8796,8764
8629,8744
8816,8763
8551,8755
8597,8761
8754,8769
8582,8751
8713,8756
8643,8754
8734,8751
8658,8752
8559,8748
8703,8760
8617,8753
8661,8755
8754,8756
8669,8748
8773,8763
8724,8754
8603,8761
8721,8753
8612,8760
8735,8757
8559,8759
8675,8753
8730,8753
8642,8767
8688,8755
8650,8762
8553,8764
8615,8761
8598,8753
8806,8759
8734,8762
8797,8758
8816,8755
8555,8758
8875,8760
8594,8737
8669,8762
8822,8756
8677,8757
8655,8753
8702,8747
8735,8758
8727,8761
8694,8766
8747,8764
8666,8756
8710,8759
8775,8771
8660,8756
8829,8756
8644,8755
8641,8760
8636,8748
8632,8753
8744,8748
8602,8762
8689,8769
8760,8748
8597,8762
8758,8759
8596,8756
8572,8761
8699,8754
8626,8760
8755,8767
8727,8751
8777,8771
8777,8767
8615,8750
8704,8750
8632,8760
8683,8756
8725,8761
8690,8756
8804,8756
8686,8768
8834,8767
8729,8749
8583,8760
8789,8762
8536,8750
8706,8773
8770,8755
8654,8760
8777,8757
8663,8741
8555,8750
8681,8759
8590,8756
8752,8757
8574,8764
8707,8750
8713,8755
8598,8749
8817,8770
8561,8762
8725,8753
8650,8762
8645,8757
8754,8757
8734,8754
8748,8762
8747,8766
8621,8752
8751,8748
8666,8758
8676,8754
8793,8748
8686,8758
8866,8777
8617,8754
8770,8754
8600,8759
8599,8756
8766,8769
8563,8749
8691,8764
8802,8750
8696,8763
8820,8759
8611,8752
8579,8766
8710,8748
8524,8764
8774,8749
8568,8753
8758,8754
8759,8746
8607,8759
8780,8759
8699,8754
8643,8757
8660,8758
8696,8756
8732,8757
8693,8756
8724,8760
8688,8758
8633,8757
8648,8760
8565,8761
8730,8758
8678,8754
8850,8756
8856,8765
8565,8767
8821,8754
8679,8752
8627,8766
8791,8771
8546,8752
8657,8758
8770,8731
8717,8745
8765,8760
8540,8754
8694,8757
8534,8756
8605,8765
8835,8742
8541,8752
8740,8763
8740,8752
8567,8755
8808,8759
8620,8773
8560,8757
8692,8762
8661,8753
8762,8766
8663,8758
8749,8759
8620,8759
8597,8755
8710,8763
8538,8757
8639,8753
8712,8756
8681,8759
8789,8745
8624,8749
8765,8753
8634,8752
8587,8754
8788,8767
8539,8759
8790,8750
8773,8755
8735,8752
8784,8749
8619,8757
8622,8763
8643,8751
8629,8772
8732,8757
8620,8751
8789,8761
8755,8759
8571,8758
8721,8756
8658,8758
8766,8757
8583,8745
8804,8751
8792,8752
8681,8758
8763,8770
8642,8756
8545,8748
8769,8750
8548,8752
8633,8757
8758,8751
8677,8762
8849,8752
8681,8741
8788,8756
8651,8750
8652,8760
8800,8767
8644,8758
8769,8756
8730,8745
8784,8744
8779,8764
8598,8763
8666,8753
8589,8763
8650,8759
8808,8746
8677,8768
8798,8741
8617,8755
8587,8763
8751,8756
8630,8750
8685,8770
8542,8754
8672,8760
8859,8759
8640,8774
8758,8767
8654,8751
8630,8775
8640,8750
8571,8766
8804,8752
8790,8753
8745,8752
8743,8749
8587,8766
8818,8755
8624,8754
8607,8756
8754,8750
8613,8755
8799,8752
8713,8751
8763,8746
8774,8759
8623,8762
8775,8759
8600,8758
8727,8761
8770,8753
8674,8753
8772,8766
8599,8762
8631,8765
8702,8761
8539,8750
8735,8759
8545,8755
8714,8771
8867,8758
8639,8764
8859,8764
8709,8748
8614,8763
8670,8764
8545,8764
8703,8769
8745,8754
8705,8749
8722,8757
8623,8739
8796,8769
8649,8746
8618,8757
8754,8756
8732,8764
8792,8757
8638,8765
8794,8757
8733,8763
8575,8760
8706,8742
8498,8753
8655,8742
8750,8749
8671,8754
8751,8756
8734,8751
8719,8761
8656,8751
8642,8753
8783,8758
8611,8765
8763,8756
8767,8758
8624,8759
8771,8766
8603,8761
8610,8753
8671,8762
8531,8760
8783,8749
8708,8757
8746,8759
8736,8760
8578,8757
8826,8757
8571,8754
8647,8743
8802,8752
8682,8757
8772,8763
8689,8755
8735,8760
8691,8753
8591,8757
8747,8751
8587,8757
8726,8751
8888,8759
8666,8761
8850,8748
8686,8764
8632,8754
8697,8761
8601,8773
8685,8758
8612,8759
8695,8745
8739,8757
8623,8758
8801,8756
8626,8759
8609,8768
8607,8750
8699,8760
8814,8758
8635,8745
8805,8764
8672,8761
8532,8762
8712,8764
8530,8762
8691,8766
8797,8756
8691,8750
8738,8763
8660,8756
8792,8754
8712,8772
8604,8752
8741,8766
8566,8758
8759,8760
8808,8762
8632,8758
8746,8758
8692,8757
8671,8763
8652,8753
8602,8752
8727,8749
8685,8751
8715,8763
8672,8767
8627,8764
8735,8756
8548,8758
8642,8750
8595,8760
8679,8758
8794,8783
8603,8759
8788,8758
8657,8748
8495,8760
8644,8749
8424,8749
8629,8747
8581,8748
8638,8738
8664,8725
8311,8730
8646,8711
8382,8703
8374,8714
8508,8696
8349,8688
8547,8676
8342,8678
8543,8661
8412,8658
8388,8641
8323,8637
8384,8617
8298,8623
8316,8605
8266,8607
8339,8601
8247,8590
8321,8594
8303,8573
8304,8564
8230,8555
8217,8559
8248,8530
8244,8544
8215,8529
8153,8505
8259,8509
8296,8494
8205,8490
8293,8492
8256,8484
8382,8461
8281,8467
8317,8455
8348,8455
8163,8446
8275,8437
8229,8414
8237,8410
8287,8416
8254,8400
8224,8387
8325,8384
8296,8386
8210,8367
8292,8360
8274,8354
8188,8325
8375,8349
8389,8338
8345,8313
8032,8311
8251,8301
8210,8295
8118,8299
8026,8291
8157,8275
8143,8257
8079,8259
8040,8251
8073,8240
8146,8231
8128,8229
8069,8207
8009,8217
8089,8195
8122,8192
8125,8213
8048,8182
8015,8164
8000,8155
8031,8164
8177,8143
8119,8125
8000,8141
8041,8099
7932,8108
7987,8119
7974,8103
8046,8077
8043,8088
8092,8052
8072,8068
8049,8069
8030,8040
7992,8067
7973,8020
7957,8036
7967,8011
7906,8004
7888,8003
7910,7984
7912,7986
8053,7986
7976,7970
8040,7967
8010,7983
8024,7972
8072,7964
8030,7962
8165,7965
8058,7950
8076,7947
8108,7971
8141,7967
8138,7952
8110,7965
8156,7953
8166,7949
8169,7959
8166,7955
8180,7981
8163,7952
8145,7964
8138,7957
8151,7974
8174,7964
8144,7957
8180,7965
8150,7963
8181,7957
8185,7962
8167,7960
8175,7953
8202,7963
8202,7965
8190,7955
8169,7955
8180,7956
8149,7958
8166,7957
8165,7954
8160,7951
8199,7963
8141,7950
8172,7941
8147,7967
8156,7924
8134,7955
8133,7952
8133,7956
8146,7946
8097,7952
8030,7961
7942,7961
7820,7953
7713,7939
7601,7931
7589,7930
7486,7923
7475,7925
7455,7891
7427,7924
7459,7901
7422,7890
7403,7895
7409,7865
7425,7859
7434,7853
7463,7838
7430,7840
7483,7836
7461,7831
7402,7814
7379,7820
7323,7800
7351,7798
7304,7782
7433,7771
7390,7764
7420,7755
7353,7758
7314,7751
7286,7742
7290,7733
7364,7722
7416,7724
7402,7712
7340,7697
7334,7680
7366,7688
7414,7675
7292,7658
7296,7654
7270,7665
7322,7636
7339,7638
7222,7630
7178,7625
7230,7604
7385,7607
7154,7590
7176,7599
7292,7570
7195,7565
7111,7556
7217,7563
7173,7536
7120,7529
7169,7527
7215,7522
7173,7521
7143,7504
7230,7495
7131,7490
7200,7481
7179,7475
7137,7464
7113,7463
7222,7458
7163,7439
7209,7426
7132,7436
7255,7425
7169,7414
6949,7403
7227,7393
7066,7390
7083,7383
7164,7369
7102,7361
7224,7339
6999,7349
7181,7327
7066,7330
7150,7315
7077,7316
7121,7313
6990,7312
7100,7292
6988,7287
7052,7270
7052,7271
7053,7252
6990,7265
7073,7247
7029,7235
6969,7232
6955,7232
7003,7212
6922,7197
6918,7188
6930,7173
6990,7185
7006,7168
7102,7171
7070,7162
6972,7175
7010,7161
7128,7158
7086,7161
7258,7167
7168,7158
7296,7153
7258,7159
7119,7161
7279,7151
7164,7165
7262,7157
7244,7142
7204,7159
7316,7153
7177,7153
7306,7154
7198,7150
7040,7144
7305,7155
7134,7157
7203,7160
7378,7168
7193,7141
7314,7151
7249,7164
7188,7159
7249,7156
7207,7159
7296,7160
7234,7155
7324,7156
7314,7146
7166,7159
7311,7149
7111,7149
7199,7147
7211,7156
7162,7152
7344,7154
7255,7150
7325,7156
7108,7152
7098,7151
7128,7148
7106,7153
7188,7151
7222,7152
7197,7154
7208,7157
7208,7151
7245,7159
7126,7153
7082,7153
7253,7150
7064,7160
7238,7163
7294,7156
7233,7148
7442,7151
7190,7152
7119,7162
7187,7152
7112,7150
7300,7150
7162,7156
7357,7156
7276,7155
7089,7154
7286,7155
7117,7152
7240,7153
7078,7155
7177,7156
7301,7150
7207,7153
7248,7156
7220,7158
7220,7159
7207,7156
7193,7150
7279,7157
7310,7161
7219,7146
7352,7155
7124,7150
7352,7159
7196,7149
7093,7165
7278,7160
7209,7158
7306,7163
7261,7159
7318,7162
7307,7147
7162,7162
7228,7156
7153,7154
7240,7150
7334,7150
7140,7160
7388,7156
7172,7152
7087,7160
7227,7161
7104,7150
7195,7155
7140,7178
7128,7151
7166,7156
7267,7148
7177,7149
7145,7155
7109,7161
7229,7158
7105,7159
7298,7146
7230,7159
7281,7151
7230,7152
7123,7148
7309,7155
7126,7161
7139,7165
7312,7160
7147,7152
7305,7164
7224,7151
7319,7153
7287,7148
7158,7145
7296,7158
7110,7167
7243,7161
7307,7146
7153,7155
7252,7163
7215,7170
7209,7156
7169,7157
7116,7153
7268,7150
7088,7153
7139,7156
7328,7154
7101,7161
7365,7146
7175,7158
7095,7159
7265,7152
7132,7160
7187,7148
7258,7147
7236,7156
7275,7163
7170,7152
7250,7165
7136,7154
7199,7159
7302,7149
7178,7163
7340,7145
7166,7132
7248,7161
7211,7152
7130,7153
7217,7147
7126,7148
7175,7152
7228,7154
7105,7157
7191,7150
7246,7156
7102,7161
7200,7149
7106,7162
7265,7148
7086,7154
7210,7152
7221,7136
7149,7158
7320,7153
7161,7146
7042,7154
7274,7150
7202,7151
7302,7153
7254,7165
7250,7166
7293,7153
7154,7154
7288,7157
7134,7159
7245,7154
7259,7155
7164,7153
7280,7150
7217,7151
7220,7161
7178,7151
7280,7154
7240,7159
7229,7148
7227,7158
7309,7159
7301,7157
7286,7158
7143,7134
7183,7151
7191,7148
7104,7148
7264,7148
7040,7147
7218,7162
7302,7161
7149,7152
7335,7157
7193,7159
7177,7155
7183,7162
7192,7160
7374,7151
7172,7146
7289,7156
7215,7152
7155,7166
7284,7162
7107,7155
7207,7158
7299,7148
7215,7158
7256,7152
7226,7160
7211,7165
7280,7152
7222,7159
7209,7154
7233,7153
7185,7152
7211,7140
7225,7150
7228,7155
7145,7154
7159,7155
7223,7154
7180,7144
7301,7161
7104,7155
7267,7161
7255,7150
7091,7154
7258,7165
7056,7146
7169,7163
7086,7151
7202,7151
7330,7152
7220,7151
7270,7156
7302,7158
7251,7157
7211,7152
7248,7156
7161,7152
7315,7159
7225,7155
7257,7155
7220,7152
7267,7154
7248,7147
7168,7170
7196,7153
7144,7161
7225,7151
7257,7164
7199,7158
7296,7156
7228,7153
7149,7158
7194,7143
7149,7153
7328,7157
7179,7157
7227,7155
7189,7158
7109,7160
7262,7150
7118,7158
7203,7157
7218,7156
7248,7165
7266,7173
7159,7145
7271,7151
7252,7153
7195,7150
7280,7166
7111,7154
7255,7168
7418,7148
7179,7161
7356,7168
7108,7151
7121,7152
7184,7160
7091,7158
7341,7156
7047,7146
7292,7161
7289,7158
7088,7157
7312,7161
7078,7126
7063,7154
7213,7153
7200,7160
7242,7143
7218,7158
7237,7151
7253,7157
7243,7158
7245,7147
7199,7155
7185,7148
7307,7171
7296,7156
7263,7154
7193,7144
7294,7152
7324,7162
7173,7155
7257,7155
7130,7155
7260,7149
7337,7153
7274,7167
7370,7155
7180,7168
7197,7158
7189,7148
7159,7155
7349,7160
7149,7156
7260,7155
7237,7156
7081,7170
7284,7161
7145,7151
7174,7157
7272,7157
7310,7161
7248,7154
7165,7148
7187,7159
7264,7137
7220,7156
7289,7143
7167,7172
7225,7154
7348,7153
7187,7154
7335,7166
7208,7160
7244,7153
7204,7146
7135,7154
7270,7157
7163,7161
7302,7155
7290,7155
7319,7162
7278,7153
7065,7153
7193,7155
7096,7154
7169,7152
7255,7162
7168,7147
7259,7145
7213,7155
7151,7137
7328,7157
7172,7162
7140,7173
7189,7150
7189,7144
7343,7151
7210,7162
7308,7156
7342,7153
7139,7156
7298,7152
7126,7156
7195,7153
7337,7154
7201,7159
7341,7140
7190,7163
7335,7157
7174,7141
7182,7176
7448,7153
7242,7158
7382,7164
7337,7171
7463,7179
7399,7175
7390,7188
7449,7197
7395,7208
7472,7208
7501,7209
7476,7233
7512,7213
7496,7241
7615,7245
7504,7253
7535,7256
7470,7271
7544,7269
7548,7285
7599,7278
7565,7304
7611,7315
7565,7317
7622,7314
7553,7336
7643,7331
7619,7353
7663,7350
7571,7373
7657,7361
7655,7370
7611,7395
7731,7385
7597,7396
7733,7409
7678,7415
7645,7423
7678,7440
7595,7442
7680,7447
7700,7470
7727,7450
7735,7474
7668,7485
7696,7499
7735,7504
7689,7499
7735,7510
7784,7527
7745,7525
7785,7528
7895,7546
7663,7568
7676,7559
7711,7563
7691,7575
7684,7594
7786,7598
7776,7582
7776,7608
7723,7593
7830,7637
7813,7635
7778,7640
7769,7650
7823,7664
7864,7680
7842,7665
7730,7682
7838,7690
7868,7686
7854,7724
7900,7711
7773,7712
7846,7732
7852,7758
7939,7749
7905,7751
7873,7764
7819,7771
7838,7787
7898,7770
7928,7780
7939,7790
7946,7814
7919,7818
7897,7834
7933,7841
7886,7846
7913,7853
7938,7880
7915,7877
7982,7877
7998,7867
8009,7885
8018,7902
8060,7907
8039,7918
8091,7915
8043,7930
7969,7934
7997,7947
7966,7948
7948,7949
7894,7936
7932,7955
7899,7950
7849,7958
7861,7957
7865,7955
7835,7934
7826,7932
7840,7943
7831,7935
7853,7952
7858,7956
7825,7949
7845,7945
7784,7937
7818,7936
7805,7957
7788,7958
7789,7962
7810,7950
7824,7950
7807,7961
7788,7968
7778,7948
7801,7962
7797,7940
7842,7930
7794,7969
7789,7963
7770,7945
7775,7957
7787,7944
7775,7950
7771,7946
7779,7953
7803,7959
7751,7958
7779,7957
7773,7954
7794,7966
7825,7974
7833,7954
7811,7951
7818,7952
7826,7935
7858,7944
7898,7961
7999,7969
8112,7972
8213,7951
8327,7975
8336,7974
8427,7976
8433,8002
8453,8006
8462,8006
8480,8002
8482,8029
8493,8026
8502,8049
8489,8056
8421,8046
8418,8063
8399,8068
8404,8087
8424,8103
8480,8089
8514,8084
8559,8103
8559,8127
8551,8118
8495,8134
8479,8144
8446,8155
8467,8159
8549,8160
8615,8181
8570,8195
8563,8186
8542,8193
8649,8195
8597,8215
8627,8231
8625,8229
8553,8236
8611,8252
8684,8240
8653,8268
8624,8267
8569,8281
8653,8287
8697,8285
8584,8301
8570,8312
8689,8327
8646,8327
8508,8336
8580,8337
8744,8352
8699,8363
8739,8362
8783,8369
8661,8387
8655,8382
8790,8399
8720,8404
8641,8409
8659,8427
8721,8428
8643,8436
8680,8447
8752,8453
8721,8471
8762,8473
8732,8482
8728,8498
8802,8491
8713,8508
8921,8507
8690,8518
8792,8522
8858,8532
8894,8536
8769,8539
8815,8564
8909,8559
8735,8573
8851,8577
8740,8586
8856,8601
8869,8603
8860,8622
8856,8628
8924,8617
8891,8634
8916,8639
8844,8649
8904,8658
8899,8671
8939,8670
8766,8685
9000,8694
8882,8704
8871,8717
8900,8719
8843,8729
8922,8741
8806,8736
8792,8741
8730,8748
8737,8755
8656,8744
8626,8753
8772,8756
8734,8745
8779,8761
8763,8753
8562,8747
8765,8761
8604,8747
8682,8761
8739,8730
8701,8760
8670,8755
8696,8753
8667,8763
8574,8755
8654,8765
8776,8762
8581,8763
8727,8759
8771,8759
8611,8752
8746,8765
8706,8751
8683,8753
8735,8757
8619,8759
8753,8766
8581,8755
8732,8749
8689,8753
8567,8758
8706,8761
8655,8758
8721,8759
8596,8764
8643,8762
8762,8755
8656,8752
8780,8759
8682,8753
8571,8753
8741,8754
8614,8746
8701,8763
8759,8755
8721,8754
8750,8757
8598,8764
8579,8761
8696,8751
8689,8765
8699,8768
8656,8758
8774,8754
8776,8749
8634,8757
8759,8757
8568,8769
8833,8760
8478,8752
8628,8768
8823,8751
8698,8756
8828,8753
8664,8757
8542,8762
8790,8774
8584,8744
8679,8758
8765,8759
8649,8766
8777,8756
8684,8745
8827,8753
8681,8755
8652,8757
8805,8750
8616,8748
8722,8765
8754,8758
8658,8758
8761,8755
8597,8762
8646,8764
8675,8746
8585,8753
8768,8766
8612,8764
8835,8765
8695,8751
8595,8753
8679,8751
8653,8757
8713,8764
8566,8762
8605,8762
8776,8751
8597,8746
8794,8757
8647,8755
8553,8754
8738,8752
8556,8758
8709,8759
8760,8753
8734,8758
8758,8756
8638,8764
8760,8767
8662,8753
8651,8758
8695,8755
8641,8755
8762,8751
8739,8760
8728,8758
8756,8755
8598,8759
8782,8758
8572,8756
8687,8758
8809,8753
8714,8749
8848,8764
8709,8753
8565,8763
8730,8757
8547,8752
8753,8758
8533,8757
8584,8759
8845,8753
8699,8760
8735,8755
8720,8744
8623,8765
8758,8760
8597,8753
8681,8754
8677,8759
8703,8761
8724,8751
8647,8745
8770,8760
8632,8759
8594,8757
8841,8764
8598,8753
8797,8764
8683,8749
8741,8766
8712,8761
8600,8757
8704,8756
8571,8762
8690,8747
8786,8741
8706,8750
8827,8738
8569,8732
8531,8752
8679,8749
8524,8754
8806,8759
8523,8756
8753,8760
8762,8749
8603,8758
8811,8759
8643,8750
8518,8768
8766,8750
8620,8760
8691,8756
8770,8748
8692,8758
8757,8748
8581,8745
8771,8754
8609,8754
8608,8759
8737,8759
8689,8768
8763,8760
8691,8735
8689,8758
8681,8746
8567,8761
8730,8774
8537,8768
8684,8765
8856,8755
8618,8751
8809,8743
8692,8753
8589,8764
8735,8751
8656,8750
8719,8759
8617,8744
8721,8746
8710,8757
8606,8764
8733,8759
8608,8754
8631,8758
8610,8753
8659,8753
8777,8760
8677,8748
8775,8759
8708,8758
8571,8759
8771,8756
8660,8753
8606,8766
8745,8756
8584,8743
8792,8765
8687,8755
8733,8763
8729,8762
8665,8776
8823,8757
8636,8751
8739,8765
8837,8760
8665,8754
8781,8759
8634,8744
8541,8756
8690,8748
8570,8756
8746,8747
8630,8751
8721,8760
8721,8755
8540,8763
8779,8758
8608,8761
8669,8764
8584,8752
8643,8761
8738,8754
8679,8760
8708,8757
8703,8755
8570,8744
8738,8756
8578,8757
8672,8759
8830,8758
8678,8764
8906,8747
8665,8762
8804,8760
8699,8764
8626,8756
8713,8759
8588,8757
8671,8752
8784,8751
8659,8748
8687,8752
8614,8752
8624,8758
8726,8760
8600,8751
8774,8754
8669,8762
8790,8754
8683,8754
8568,8771
8809,8753
8619,8761
8705,8759
8547,8753
8640,8751
8805,8758
8687,8755
8745,8743
8766,8751
8667,8769
8780,8769
8608,8756
8759,8760
8869,8749
8708,8758
8804,8753
8617,8751
8756,8762
8693,8759
8603,8761
8730,8745
8597,8767
8717,8758
8744,8750
8765,8749
8738,8756
8558,8772
8653,8751
8579,8754
8643,8745
8779,8756
8640,8757
8713,8762
8718,8754
8608,8769
8774,8767
8621,8760
8670,8758
8610,8754
8733,8757
8859,8766
8636,8751
8791,8761
8686,8761
8626,8761
8732,8758
8556,8753
8667,8756
8884,8754
8629,8759
8800,8763
8665,8758
8790,8759
8725,8733
8570,8755
8779,8750
8654,8752
8788,8758
8707,8762
8744,8761
8707,8758
8587,8750
8662,8769
8569,8761
8595,8758
8799,8753
8625,8756
8745,8754
8732,8754
8579,8749
8791,8751
8680,8756
8705,8748
8646,8763
8740,8757
8753,8751
8667,8755
8699,8759
8644,8760
8668,8749
8659,8758
8617,8753
8745,8762
8753,8753
8696,8759
8810,8758
8598,8748
8846,8756
8596,8760
8601,8768
8856,8748
8616,8752
8776,8771
8770,8759
8720,8762
8775,8761
8556,8766
8636,8756
8654,8753
8710,8758
8785,8764
8629,8761
8753,8761
8721,8744
8669,8742
8722,8757
8659,8751
8687,8762
8597,8761
8704,8752
8785,8753
8671,8764
8754,8762
8723,8759
8634,8758
8684,8768
8620,8754
8728,8747
8715,8756
8722,8760
8684,8755
8617,8763
8737,8753
8563,8756
8661,8764
8787,8753
8564,8751
8737,8761
8623,8759
8596,8741
8491,8731
8319,8739
8576,8728
8357,8724
8537,8718
8516,8710
8450,8701
8457,8689
8276,8684
8482,8674
8258,8665
8298,8645
8355,8650
8396,8643
8331,8634
8354,8629
8373,8619
8306,8629
8308,8594
8317,8590
8246,8592
8346,8575
8255,8577
8303,8567
8283,8562
8283,8554
8285,8551
8247,8528
8254,8532
8107,8511
8233,8509
8277,8503
8304,8495
8310,8487
8179,8473
8327,8472
8288,8457
8371,8455
8348,8444
8201,8423
8354,8440
8256,8420
8269,8402
8291,8415
8261,8398
8243,8387
8276,8376
8227,8374
8259,8357
8248,8361
8135,8353
8196,8339
8359,8317
8454,8315
8263,8316
8054,8310
8227,8282
8140,8305
8083,8291
8056,8270
8136,8271
8148,8266
8089,8258
8037,8235
8083,8232
8165,8232
8082,8222
8029,8200
8015,8194
8041,8181
8152,8188
8103,8165
8046,8175
8023,8180
7988,8158
8087,8135
8168,8140
8153,8130
8029,8126
7961,8117
7933,8104
7994,8105
8018,8084
8038,8085
8048,8088
8112,8084
8082,8067
8053,8061
8020,8031
8002,8061
7952,8021
7930,8023
7946,8006
7936,7998
7857,8005
7889,7999
7912,7989
8013,7987
8017,7983
8066,7974
8010,7959
8031,7969
8059,7963
8066,7966
8106,7977
8082,7952
8105,7965
8101,7966
8145,7955
8127,7965
8124,7954
8131,7952
8149,7951
8152,7962
8137,7943
8182,7938
8169,7942
8180,7951
8172,7962
8149,7963
8169,7958
8170,7966
8154,7954
8162,7951
8156,7952
8160,7950
8169,7955
8172,7941
8191,7949
8183,7937
8164,7941
8174,7967
8163,7959
8202,7953
8158,7975
8164,7972
8161,7978
8152,7951
8160,7951
8171,7951
8118,7931
8157,7975
8166,7947
8149,7964
8171,7950
8143,7961
8139,7949
8056,7963
7895,7950
7800,7948
7702,7933
7598,7945
7605,7935
7515,7921
7556,7911
7526,7903
7443,7893
7448,7902
7404,7885
7440,7878
7383,7880
7420,7880
7472,7852
7472,7850
7493,7848
7521,7829
7437,7826
7413,7817
7363,7801
7360,7797
7368,7781
7314,7784
7448,7770
7402,7760
7393,7752
7419,7759
7352,7746
7317,7735
7320,7741
7398,7723
7427,7714
7369,7705
7304,7697
7286,7698
7351,7679
7409,7665
7298,7674
7269,7652
7264,7651
7346,7645
7305,7644
7323,7622
7194,7627
7234,7603
7486,7601
7200,7600
7129,7591
7305,7579
7095,7568
7072,7551
7273,7551
7248,7547
7168,7540
7158,7521
7222,7525
7068,7520
7153,7484
7188,7495
7085,7489
7156,7485
7245,7479
7143,7465
7233,7445
7209,7452
7099,7437
7280,7422
7111,7422
7144,7411
7151,7415
7147,7389
7236,7397
7095,7383
7159,7379
7217,7381
7096,7374
7173,7362
7036,7342
7163,7334
7061,7331
7178,7319
7082,7320
7062,7297
6991,7290
7122,7295
6982,7288
7095,7271
6977,7262
7047,7255
6938,7248
7094,7247
7025,7235
6920,7220
6882,7219
6958,7209
6907,7197
6991,7205
7012,7179
6984,7180
7033,7170
7114,7172
7165,7170
6968,7168
7079,7165
7190,7163
7136,7160
7237,7163
7193,7148
7179,7176
7144,7156
7102,7160
7334,7156
7173,7162
7356,7153
7214,7144
7041,7162
7153,7165
7096,7152
7134,7155
7347,7148
7077,7147
7316,7155
7371,7142
7222,7152
7337,7145
7176,7168
7266,7146
7219,7151
7205,7158
7315,7153
7227,7155
7298,7161
7217,7144
7209,7165
7320,7160
7177,7145
7240,7153
7365,7162
7142,7149
7315,7156
7143,7163
7247,7154
7217,7162
7179,7153
7217,7153
7110,7159
7282,7159
7221,7146
7298,7147
7228,7153
7148,7158
7232,7153
7174,7153
7098,7163
7224,7159
7078,7149
7287,7159
7157,7146
7085,7152
7215,7155
7090,7146
7254,7152
7116,7149
7239,7170
7284,7147
7166,7150
7355,7159
7217,7152
7175,7162
7201,7145
7086,7146
7324,7153
7215,7150
7293,7166
7215,7155
7130,7174
7286,7160
7212,7152
7181,7158
7276,7141
7159,7141
7278,7155
7310,7146
7262,7150
7308,7146
7196,7154
7293,7157
7133,7156
7192,7145
7251,7155
7221,7162
7281,7163
7159,7150
7140,7152
7193,7151
7065,7177
7331,7153
7114,7153
7255,7159
7372,7149
7136,7154
7326,7158
7176,7151
7186,7154
7136,7157
7127,7157
7275,7153
7237,7147
7250,7157
7222,7151
7204,7153
7203,7150
7183,7156
7183,7157
7194,7157
7117,7158
7325,7155
7213,7160
7250,7163
7230,7159
7121,7161
7226,7157
7129,7160
7192,7153
7232,7164
7253,7159
7295,7164
7157,7152
7230,7153
7154,7148
7204,7156
7260,7156
7209,7143
7279,7167
7161,7149
7078,7164
7291,7161
7149,7156
7173,7158
7165,7159
7137,7148
7283,7151
7263,7169
7269,7163
7330,7148
7107,7159
7316,7145
7051,7156
7147,7153
7296,7156
7132,7160
7202,7155
7243,7154
7277,7161
7191,7155
7102,7150
7274,7163
7133,7163
7280,7156
7362,7152
7250,7158
7323,7153
7143,7151
7175,7155
7145,7151
7132,7156
7250,7154
7117,7166
7262,7159
7179,7151
7189,7169
7215,7151
7264,7159
7221,7156
7168,7166
7177,7154
7385,7152
7106,7153
7348,7166
7188,7145
7124,7145
7241,7151
7096,7143
7227,7141
7318,7148
7158,7154
7286,7154
7279,7158
7324,7160
7163,7147
7125,7158
7282,7162
7133,7152
7313,7157
7183,7156
7237,7156
7290,7154
7142,7159
7156,7149
7224,7154
7231,7145
7314,7154
7203,7157
7336,7165
7232,7147
7058,7157
7259,7156
7102,7158
7283,7154
7103,7149
7178,7160
7299,7154
7298,7147
7285,7155
7231,7156
7175,7153
7272,7147
7185,7144
7279,7156
7321,7168
7241,7153
7289,7170
7096,7150
7394,7157
7157,7153
7076,7154
7248,7165
7172,7154
7250,7151
7269,7163
7184,7171
7247,7157
7313,7148
7215,7152
7207,7152
7220,7162
7292,7156
7280,7152
7206,7150
7146,7155
7244,7149
7172,7159
7140,7155
7279,7158
7099,7158
7182,7145
7280,7148
7114,7149
7371,7156
7221,7151
7143,7159
7218,7149
7135,7160
7307,7164
7171,7145
7265,7164
7257,7144
7075,7150
7299,7147
7132,7161
7155,7159
7205,7160
7270,7144
7269,7157
7171,7161
7259,7153
7261,7154
7182,7149
7222,7162
7126,7137
7154,7178
7389,7162
7068,7147
7290,7154
7307,7141
7169,7161
7280,7148
7119,7150
7223,7157
7168,7144
7226,7149
7287,7152
7145,7137
7292,7156
7117,7147
7136,7153
7113,7152
7134,7166
7304,7158
7240,7149
7241,7160
7251,7151
7199,7150
7245,7159
7160,7159
7096,7157
7334,7148
7195,7154
7220,7156
7219,7151
7233,7160
7307,7154
7143,7156
7247,7164
7093,7163
7148,7157
7346,7158
7121,7153
7359,7150
7254,7159
7097,7156
7243,7154
7110,7162
7306,7161
7095,7161
7272,7150
7275,7156
7081,7153
7312,7155
7209,7161
7171,7143
7238,7150
7295,7155
7203,7162
7184,7151
7202,7148
7285,7153
7241,7135
7301,7152
7152,7165
7232,7158
7407,7142
7133,7159
7344,7170
7247,7149
7267,7158
7285,7154
7156,7150
7206,7147
7164,7154
7230,7159
7338,7129
7225,7155
7299,7144
7126,7156
7187,7151
7087,7153
7077,7157
7315,7152
7093,7152
7225,7160
7203,7159
7209,7151
7224,7156
7174,7148
7197,7142
7222,7158
7236,7154
7232,7152
7274,7155
7193,7157
7322,7150
7210,7145
7271,7152
7156,7146
7182,7161
7301,7164
7207,7155
7341,7154
7216,7159
7330,7156
7218,7156
7142,7164
7340,7152
7096,7158
7228,7157
7246,7154
7239,7159
7303,7152
7124,7152
7183,7164
7217,7161
7238,7155
7232,7162
7193,7146
7157,7151
7270,7151
7197,7155
7391,7162
7173,7153
7198,7155
7236,7147
7208,7150
7332,7155
7236,7170
7236,7152
7348,7150
7134,7151
7398,7156
7254,7153
7218,7162
7346,7149
7193,7159
7413,7156
7265,7173
7356,7168
7332,7177
7379,7176
7506,7173
7397,7187
7492,7184
7438,7188
7440,7204
7492,7205
7463,7222
7520,7239
7490,7234
7616,7235
7526,7252
7558,7253
7486,7276
7567,7280
7572,7289
7577,7289
7551,7281
7654,7309
7530,7309
7648,7317
7587,7321
7648,7348
7611,7351
7623,7352
7610,7371
7570,7381
7666,7379
7610,7387
7683,7387
7625,7388
7670,7412
7608,7417
7592,7429
7652,7432
7673,7454
7694,7452
7693,7455
7741,7462
7751,7477
7684,7486
7676,7484
7796,7499
7728,7512
7670,7511
7810,7520
7648,7539
7775,7532
7930,7537
7733,7556
7648,7551
7664,7566
7718,7569
7717,7585
7728,7584
7819,7599
7751,7609
7784,7621
7782,7625
7831,7635
7777,7635
7714,7657
7820,7658
7846,7657
7897,7685
7768,7681
7792,7695
7851,7708
7943,7726
7896,7710
7792,7719
7857,7729
7855,7729
7923,7744
7943,7774
7941,7768
7825,7771
7838,7782
7835,7779
7958,7778
7908,7808
7968,7801
7928,7817
7880,7837
7928,7835
7863,7860
7879,7847
7901,7862
7983,7870
7948,7857
7995,7881
8009,7893
8034,7893
8074,7914
8093,7902
8012,7930
8050,7931
7915,7946
7913,7936
7936,7921
7962,7937
7878,7936
7866,7963
7893,7938
7880,7940
7884,7930
7868,7940
7858,7945
7835,7940
7851,7929
7831,7950
7819,7962
7809,7948
7809,7966
7838,7951
7830,7955
7807,7961
7816,7944
7809,7948
7809,7957
7787,7956
7802,7965
7785,7958
7801,7946
7788,7950
7773,7963
7779,7951
7785,7951
7766,7946
7767,7946
7759,7957
7776,7948
7780,7958
7764,7968
7807,7965
7770,7938
7764,7955
7769,7943
7820,7949
7800,7957
7772,7967
7818,7941
7817,7950
7804,7964
7813,7967
7833,7961
7840,7946
7925,7961
8059,7961
8075,7957
8205,7951
8359,7963
8319,7965
8411,7990
8416,7988
8450,8007
8442,8017
8501,8011
8503,8020
8478,8043
8475,8053
8450,8047
8443,8053
8429,8060
8400,8075
8415,8066
8429,8090
8504,8106
8536,8106
8538,8112
8555,8117
8560,8136
8431,8128
8433,8143
8443,8150
8611,8160
8659,8151
8638,8176
8591,8190
8532,8182
8528,8195
8599,8216
8631,8207
8613,8218
8573,8232
8587,8224
8682,8247
8724,8260
8630,8256
8561,8268
8644,8283
8675,8288
8654,8292
8538,8305
8581,8310
8729,8319
8644,8326
8509,8336
8584,8348
8704,8356
8508,8353
8672,8365
8699,8377
8759,8389
8669,8379
8761,8394
8692,8399
8662,8419
8673,8432
8741,8432
8678,8452
8762,8457
8707,8448
8695,8457
8781,8465
8699,8477
8710,8491
8728,8488
8771,8500
8861,8510
8718,8505
8884,8532
8879,8533
8805,8543
8846,8542
8743,8557
8891,8573
8740,8573
8866,8581
8795,8595
8850,8593
8766,8606
8956,8617
8865,8633
8911,8629
8857,8641
8919,8646
8883,8659
8959,8662
8832,8681
8943,8680
8829,8690
8956,8674
8990,8708
8949,8713
8868,8711
8798,8723
8944,8745
8766,8737
8877,8728
8854,8742
8771,8758
8833,8753
8660,8752
8763,8751
8619,8740
8608,8743
8803,8753
8565,8746
8748,8753
8779,8745
8751,8750
8688,8753
8600,8756
8752,8764
8594,8760
8627,8755
8761,8758
8669,8750
8827,8762
8651,8751
8604,8760
8710,8755
8592,8751
8650,8756
8689,8761
8716,8762
8748,8757
8621,8758
8790,8754
8573,8746
8642,8768
8541,8755
8686,8757
8766,8757
8644,8758
8723,8757
8682,8756
8528,8758
8763,8759
8562,8739
8659,8757
8787,8763
8630,8761
8828,8762
8738,8755
8793,8760
8711,8755
8607,8759
8778,8761
8614,8764
8658,8766
8767,8755
8685,8764
8715,8759
8679,8757
8647,8741
8753,8761
8625,8763
8751,8762
8589,8750
8811,8748
8734,8744
8583,8765
8759,8743
8664,8759
8687,8762
8629,8747
8617,8765
8737,8761
8689,8759
8750,8747
8684,8742
8595,8753
8750,8758
8510,8746
8725,8756
8830,8756
8668,8753
8821,8752
8599,8758
8719,8761
8740,8762
8574,8760
8637,8762
8634,8764
8660,8756
8745,8761
8647,8760
8766,8769
8641,8754
8629,8761
8605,8750
8614,8763
8760,8754
8661,8759
8742,8764
8755,8747
8583,8745
8776,8751
8638,8763
8660,8762
8572,8754
8599,8753
8825,8753
8786,8756
8728,8770
8654,8758
8614,8751
8711,8766
8549,8745
8634,8751
8754,8760
8698,8755
8778,8761
8615,8756
8834,8766
8699,8754
8627,8762
8742,8764
8574,8762
8876,8758
8773,8750
8754,8770
8793,8765
8589,8747
8625,8757
8660,8744
8564,8761
8768,8752
8644,8751
8729,8751
8721,8761
8675,8759
8746,8762
8592,8757
8695,8770
8622,8755
8705,8748
8761,8763
8686,8751
8746,8751
8791,8759
8604,8756
8747,8758
8659,8757
8644,8756
8755,8760
8697,8753
8723,8757
8641,8750
8741,8743
8645,8757
8695,8757
8778,8761
8659,8758
8779,8761
8691,8749
8740,8767
8771,8747
8537,8751
8658,8758
8586,8752
8611,8758
8817,8755
8597,8760
8787,8754
8781,8762
8616,8771
8711,8758
8592,8757
8653,8748
8638,8764
8642,8768
8742,8754
8706,8752
8706,8761
8736,8758
8604,8753
8685,8754
8549,8757
8694,8763
8680,8756
8716,8763
8735,8752
8554,8750
8812,8754
8631,8760
8566,8753
8764,8757
8557,8745
8751,8774
8732,8751
8646,8756
8779,8763
8585,8767
8660,8758
8665,8765
8672,8761
8765,8748
8631,8771
8773,8754
8645,8765
8595,8762
8721,8743
8531,8755
8662,8757
8602,8768
8655,8753
8822,8767
8613,8759
8788,8766
8625,8754
8613,8764
8628,8761
8612,8758
8711,8757
8782,8762
8687,8739
8737,8759
8560,8753
8795,8761
8654,8759
8630,8752
8782,8758
8610,8753
8839,8762
8748,8753
8761,8764
8765,8757
8629,8755
8701,8752
8581,8762
8610,8758
8861,8763
8630,8756
8755,8757
8708,8757
8549,8755
8728,8759
8568,8760
8721,8768
8646,8762
8705,8758
8707,8748
8614,8759
8769,8752
8636,8755
8589,8755
8666,8756
8542,8751
8695,8758
8691,8752
8715,8760
8837,8761
8644,8753
8773,8748
8637,8755
8651,8760
8751,8745
8679,8757
8682,8756
8657,8750
8723,8745
8645,8740
8640,8752
8684,8761
8594,8757
8723,8756
8783,8755
8628,8763
8762,8759
8614,8753
8659,8767
8675,8756
8577,8753
8747,8761
8584,8749
8686,8760
8760,8756
8582,8760
8804,8759
8649,8752
8612,8758
8630,8765
8703,8748
8866,8763
8702,8754
8824,8752
8805,8763
8610,8746
8777,8760
8629,8751
8618,8741
8785,8754
8621,8760
8717,8763
8676,8755
8710,8753
8648,8756
8529,8757
8745,8761
8572,8754
8656,8753
8709,8755
8671,8761
8773,8762
8604,8757
8627,8761
8616,8740
8614,8748
8790,8755
8617,8758
8744,8764
8764,8755
8564,8758
8895,8756
8665,8759
8617,8761
8690,8755
8652,8761
8796,8752
8721,8771
8683,8756
8735,8767
8656,8762
8785,8752
8612,8763
8694,8763
8808,8751
8620,8762
8807,8758
8658,8756
8585,8764
8645,8760
8542,8751
8758,8756
8554,8755
8671,8770
8792,8736
8596,8759
8853,8755
8625,8753
8600,8755
8685,8755
8669,8757
8761,8765
8696,8757
8787,8757
8707,8759
8605,8759
8742,8751
8600,8745
8690,8753
8767,8751
8697,8751
8792,8757
8688,8752
8776,8757
8648,8756
8570,8746
8859,8761
8535,8751
8715,8757
8768,8751
8666,8762
8820,8764
8574,8761
8535,8765
8688,8763
8563,8763
8741,8760
8608,8745
8687,8758
8702,8759
8603,8752
8776,8749
8548,8761
8602,8745
8647,8762
8648,8752
8760,8763
8743,8754
8656,8757
8795,8762
8690,8758
8731,8767
8653,8752
8723,8765
8756,8744
8666,8774
8788,8747
8661,8756
8793,8763
8570,8750
8587,8766
8836,8754
8574,8751
8729,8767
8673,8757
8772,8758
8749,8763
8493,8745
8447,8753
8551,8755
8582,8744
8726,8734
8410,8720
8691,8720
8474,8712
8277,8698
8547,8698
8354,8701
8547,8690
8232,8685
8522,8673
8472,8667
8358,8664
8364,8662
8338,8642
8369,8630
8346,8621
8305,8623
8302,8603
8360,8599
8307,8597
8263,8591
8307,8573
8270,8554
8349,8567
8236,8561
8300,8539
8338,8537
8315,8529
8149,8515
8175,8528
8322,8519
8257,8502
8337,8495
8285,8487
8236,8482
8265,8463
8279,8466
8335,8455
8263,8444
8289,8429
8378,8435
8244,8428
8239,8402
8288,8412
8256,8398
8263,8385
8258,8393
8249,8371
8233,8355
8281,8353
8150,8362
8163,8337
8370,8339
8419,8315
8273,8326
7987,8312
8279,8292
8105,8292
8068,8282
8064,8277
8207,8263
8139,8264
8068,8250
8055,8242
8135,8228
8152,8232
8041,8221
7978,8216
8042,8204
8090,8190
8154,8168
8060,8177
8061,8166
7988,8163
7982,8147
8048,8162
8183,8152
8063,8126
8003,8131
7980,8104
7968,8108
7980,8103
7968,8097
8032,8111
8037,8049
8068,8069
8097,8054
8026,8052
7999,8067
7967,8031
7937,8014
7929,8016
7925,8008
7912,8006
7942,8022
7980,7985
7885,8007
7976,7983
7989,7980
8043,7967
8005,7959
8027,7966
8033,7962
8069,7975
8101,7970
8077,7953
8090,7954
8123,7967
8111,7966
8118,7940
8130,7957
8134,7970
8152,7957
8154,7958
8172,7944
8151,7957
8150,7949
8163,7961
8174,7952
8162,7969
8182,7966
8206,7949
8166,7960
8187,7958
8146,7966
8153,7960
8159,7961
8173,7966
8159,7957
8183,7965
8159,7953
8168,7940
8181,7963
8154,7947
8186,7935
8180,7954
8169,7965
8154,7957
8174,7929
8178,7959
8139,7968
8163,7960
8118,7954
8138,7960
8137,7944
8157,7960
8134,7967
8012,7943
7958,7950
7821,7961
7651,7946
7592,7937
7668,7928
7469,7934
7410,7910
7504,7918
7454,7900
7447,7881
7439,7894
7441,7868
7413,7863
7439,7859
7481,7856
7487,7834
7472,7844
7472,7818
7445,7824
7363,7836
7308,7807
7390,7809
7326,7787
7321,7771
7389,7765
7389,7769
7380,7760
7308,7768
7321,7744
7328,7728
7375,7722
7390,7717
7396,7701
7335,7706
7347,7688
7257,7681
7364,7702
7432,7675
7305,7662
7282,7658
7286,7654
7402,7650
7320,7644
7260,7620
7314,7605
7285,7619
7440,7596
7090,7591
7274,7583
7283,7575
7109,7567
7202,7569
7207,7554
7231,7541
7111,7543
7212,7517
7260,7521
7120,7510
7187,7498
7203,7494
7127,7487
7188,7477
7212,7464
7141,7464
7182,7450
7163,7443
7206,7442
7261,7422
7114,7424
7224,7402
7179,7407
7108,7402
7261,7394
7034,7386
7122,7378
7083,7371
7178,7367
7244,7339
7070,7340
7169,7344
7073,7340
7165,7307
7020,7309
7058,7294
6979,7288
7106,7286
7007,7256
7064,7275
6977,7266
7024,7267
6979,7258
7124,7243
7078,7244
6979,7226
6980,7211
6936,7207
6969,7192
6865,7191
7008,7188
6987,7180
7012,7163
6972,7160
7169,7158
7087,7165
6980,7172
7256,7162
7104,7161
7199,7160
7243,7160
7236,7171
7338,7161
7090,7162
7345,7161
7161,7148
7138,7155
7255,7164
7089,7154
7344,7168
7284,7153
7222,7164
7321,7160
7199,7144
7254,7156
7245,7154
7192,7157
7391,7152
7178,7145
7253,7158
7246,7157
7173,7156
7361,7161
7148,7154
7188,7153
7177,7155
7208,7156
7261,7158
7224,7165
7244,7152
7242,7157
7130,7157
7264,7141
7116,7152
7297,7156
7335,7163
7263,7144
7246,7151
7082,7160
7267,7163
7113,7157
7133,7153
7215,7159
7145,7149
7162,7165
7314,7166
7159,7154
7182,7152
7078,7158
7207,7152
7103,7153
7132,7152
7241,7146
7152,7141
7270,7158
7162,7152
7084,7155
7271,7139
7100,7154
7221,7161
7127,7152
7230,7154
7395,7155
7163,7154
7418,7157
7278,7150
7106,7160
7179,7158
7148,7145
7340,7159
7276,7149
7216,7156
7251,7151
7239,7152
7224,7164
7256,7151
7228,7153
7287,7151
7198,7158
7377,7157
7213,7157
7358,7168
7317,7151
7129,7151
7198,7153
7143,7148
7144,7159
7337,7147
7135,7150
7358,7156
7238,7153
7129,7149
7249,7157
7068,7155
7306,7153
7139,7151
7317,7160
7263,7157
7051,7165
7322,7156
7173,7148
7117,7160
7221,7158
7194,7153
7305,7146
7246,7148
7236,7147
7259,7165
7159,7155
7176,7158
7129,7160
7100,7167
7265,7145
7114,7152
7241,7149
7240,7164
7117,7157
7202,7149
7090,7153
7272,7144
7153,7143
7240,7163
7345,7153
7102,7162
7365,7159
7169,7153
7093,7166
7180,7149
7102,7160
7270,7156
7293,7155
7198,7158
7295,7154
7159,7165
7318,7155
7297,7154
7229,7146
7191,7150
7111,7151
7299,7159
7209,7154
7285,7161
7294,7159
7184,7153
7262,7171
7088,7155
7250,7157
7302,7156
7118,7156
7331,7148
7223,7150
7114,7159
7271,7149
7155,7150
7274,7152
7168,7151
7270,7169
7229,7151
7025,7150
7257,7168
7125,7152
7132,7156
7169,7153
7153,7155
7201,7158
7174,7159
7213,7148
7170,7157
7151,7152
7256,7148
7146,7151
7183,7159
7248,7158
7138,7159
7303,7157
7304,7153
7263,7152
7277,7166
7143,7151
7193,7156
7224,7162
7200,7167
7323,7160
7181,7147
7281,7161
7211,7150
7151,7160
7167,7149
7095,7162
7264,7156
7122,7147
7206,7156
7285,7154
7152,7162
7285,7160
7276,7176
7193,7158
7239,7142
7153,7161
7339,7154
7265,7157
7284,7160
7189,7162
7257,7159
7250,7147
7230,7150
7191,7146
7313,7150
7175,7149
7270,7167
7220,7149
7334,7153
7288,7152
7076,7157
7338,7151
7136,7167
7277,7155
7287,7154
7205,7158
7237,7155
7173,7158
7213,7149
7230,7165
7146,7153
7180,7156
7307,7150
7215,7157
7163,7158
7136,7157
7308,7155
7219,7157
7207,7160
7177,7144
7198,7155
7322,7156
7242,7150
7312,7156
7256,7155
7141,7150
7267,7158
7123,7155
7236,7156
7292,7160
7156,7149
7330,7167
7115,7158
7318,7158
7082,7153
7053,7156
7278,7148
7065,7146
7235,7151
7221,7163
7220,7163
7260,7151
7186,7164
7228,7144
7180,7146
7073,7156
7323,7146
7209,7152
7193,7151
7300,7160
7179,7159
7323,7154
7266,7161
7165,7154
7240,7155
7194,7154
7268,7155
7216,7163
7297,7147
7280,7152
7157,7146
7255,7152
7115,7153
7233,7158
7205,7155
7157,7151
7197,7153
7124,7152
7297,7161
7143,7166
7127,7157
7164,7159
7269,7152
7246,7157
7230,7151
7217,7149
7316,7157
7181,7147
7138,7160
7120,7150
7148,7151
7319,7167
7089,7162
7326,7154
7280,7148
7061,7150
7324,7156
7116,7147
7115,7154
7204,7159
7160,7163
7343,7139
7209,7150
7320,7159
7210,7159
7082,7164
7223,7154
7112,7154
7161,7158
7249,7156
7188,7149
7168,7157
7137,7156
7218,7148
7140,7152
7139,7154
7276,7146
7235,7157
7252,7157
7322,7159
7213,7150
7417,7151
7236,7157
7143,7152
7246,7152
7150,7155
7360,7149
7124,7166
7284,7161
7227,7149
7117,7159
7288,7153
7060,7150
7278,7145
7066,7152
7169,7149
7327,7150
7154,7161
7334,7155
7223,7151
7144,7150
7267,7160
7217,7138
7292,7152
7225,7158
7182,7155
7295,7148
7230,7155
7293,7152
7202,7156
7151,7161
7247,7160
7177,7155
7291,7165
7251,7155
7233,7152
7336,7168
7152,7159
7176,7161
7167,7162
7153,7144
7416,7141
7163,7155
7377,7153
7153,7146
7092,7160
7194,7147
7080,7163
7208,7160
7130,7154
7193,7148
7193,7147
7263,7149
7232,7156
7204,7150
7218,7157
7201,7146
7193,7162
7204,7152
7290,7173
7218,7162
7340,7162
7167,7153
7401,7147
7217,7148
7094,7160
7260,7149
7140,7149
7213,7153
7251,7165
7269,7150
7306,7148
7233,7147
7356,7151
7222,7165
7353,7163
7465,7172
7416,7177
7553,7185
7419,7182
7385,7199
7444,7202
7505,7211
7485,7215
7462,7212
7513,7227
7478,7237
7577,7244
7512,7255
7572,7271
7481,7269
7577,7287
7525,7293
7624,7289
7530,7293
7577,7316
7551,7304
7595,7334
7549,7329
7660,7339
7636,7353
7614,7371
7624,7366
7588,7366
7539,7374
7590,7380
7770,7389
7632,7407
7719,7404
7607,7426
7671,7431
7710,7434
7622,7448
7714,7446
7679,7449
7709,7474
7753,7462
7726,7496
7702,7495
7720,7498
7669,7498
7783,7524
7704,7517
7717,7544
7684,7544
7721,7558
7718,7551
7659,7561
7762,7563
7666,7577
7709,7580
7829,7599
7800,7588
7785,7612
7778,7625
7896,7620
7794,7639
7753,7653
7762,7664
7814,7660
7899,7661
7857,7668
7742,7697
7878,7677
7869,7699
7926,7711
7785,7711
7796,7726
7847,7714
7887,7739
7981,7746
7948,7765
7895,7771
7807,7783
7806,7785
7881,7784
7922,7807
7949,7806
7968,7820
7953,7823
7895,7820
7928,7819
7866,7837
7907,7826
7940,7852
7991,7889
7946,7874
8004,7888
8001,7879
8036,7905
8061,7888
8043,7904
8042,7930
7992,7933
8022,7931
7957,7925
7897,7956
7949,7942
7906,7950
7885,7955
7847,7954
7908,7961
7868,7974
7870,7949
7864,7951
7839,7941
7848,7941
7819,7931
7884,7956
7874,7948
7827,7954
7819,7958
7795,7941
7797,7966
7795,7953
7824,7952
7784,7954
7833,7955
7807,7945
7816,7964
7809,7952
7782,7944
7793,7950
7793,7937
7820,7953
7770,7959
7781,7948
7770,7944
7794,7952
7759,7956
7763,7964
7789,7948
7749,7954
7804,7949
7787,7966
7786,7966
7800,7965
7783,7937
7804,7931
7809,7952
7828,7970
7830,7968
7815,7955
7866,7958
7910,7958
8037,7964
8138,7965
8265,7961
8350,7975
8398,7974
8386,8016
8403,8000
8416,8009
8442,8022
8531,8021
8503,8019
8451,8039
8478,8048
8461,8037
8474,8056
8413,8062
8429,8062
8382,8083
8427,8082
8509,8092
8534,8103
8550,8116
8568,8110
8543,8122
8442,8140
8450,8153
8436,8150
8559,8160
8594,8173
8643,8175
8552,8182
8527,8200
8532,8205
8641,8214
8671,8221
8683,8233
8590,8237
8584,8238
8697,8247
8668,8256
8641,8258
8546,8271
8580,8286
8729,8297
8691,8295
8572,8306
8605,8319
8677,8322
8567,8315
8489,8347
8695,8342
8750,8364
8616,8356
8679,8368
8768,8377
8590,8393
8751,8396
8689,8403
8659,8420
8634,8410
8777,8422
8627,8430
8687,8430
8726,8457
8637,8457
8771,8458
8771,8464
8714,8479
8760,8470
8785,8504
8656,8506
8794,8504
8700,8509
8744,8532
8777,8543
8867,8537
8672,8555
8785,8558
8839,8572
8791,8570
8900,8586
8769,8592
8833,8594
8817,8607
8916,8605
8853,8613
8893,8643
8832,8649
8928,8643
8830,8671
8903,8661
8879,8658
8942,8680
8850,8688
9012,8690
8952,8711
8874,8707
8960,8713
8836,8737
8863,8738
8831,8738
8876,8747
8792,8736
8589,8753
8788,8749
8598,8730
8827,8753
8862,8752
8652,8748
8849,8753
8699,8754
8614,8748
8707,8759
8596,8756
8777,8767
8610,8752
8779,8757
8758,8762
8622,8758
8717,8746
8585,8760
8675,8755
8610,8774
8656,8756
8680,8760
8691,8756
8712,8745
8642,8759
8622,8759
8700,8753
8585,8765
8720,8763
8708,8761
8699,8763
8727,8762
8558,8747
8768,8759
8629,8756
8626,8759
8701,8753
8497,8762
8658,8752
8769,8751
8712,8756
8748,8753
8612,8744
8744,8749
8619,8746
8650,8753
8807,8757
8632,8751
8823,8762
8705,8746
8547,8758
8787,8749
8613,8757
8612,8754
8685,8757
8643,8746
8807,8752
8698,8753
8783,8758
8727,8753
8629,8758
8667,8754
8635,8753
8766,8754
8735,8757
8780,8751
8733,8754
8594,8759
8799,8765
8549,8738
8554,8765
8779,8756
8564,8758
8831,8752
8888,8755
8719,8754
8745,8767
8560,8752
8741,8759
8605,8765
8616,8763
8723,8763
8656,8759
8680,8761
8652,8748
8609,8764
8754,8752
8574,8753
8679,8749
8608,8757
8728,8765
8787,8754
8575,8758
8814,8756
8664,8751
8557,8745
8693,8758
8537,8761
8696,8754
8769,8761
8730,8757
8772,8753
8639,8753
8735,8759
8782,8758
8658,8762
8759,8753
8715,8750
8791,8745
8688,8765
8750,8758
8748,8745
8581,8753
8726,8758
8532,8754
8591,8768
8817,8757
8580,8774
8755,8756
8673,8737
8598,8763
8743,8761
8590,8757
8715,8764
8634,8756
8722,8761
8811,8744
8638,8742
8802,8759
8659,8752
8597,8762
8651,8767
8580,8762
8838,8741
8773,8755
8721,8761
8797,8761
8640,8759
8825,8766
8657,8768
8687,8753
8721,8757
8610,8767
8713,8748
8783,8752
8686,8755
8722,8755
8622,8763
8728,8742
8570,8760
8699,8758
8730,8748
8677,8760
8778,8753
8594,8746
8598,8756
8630,8759
8574,8765
8811,8761
8568,8744
8766,8755
8809,8758
8595,8764
8850,8759
8699,8756
8633,8762
8698,8756
8628,8762
8757,8749
8741,8742
8690,8750
8699,8756
8638,8760
8693,8760
8647,8756
8618,8749
8785,8754
8628,8751
8731,8761
8719,8752
8749,8762
8702,8754
8515,8747
8711,8759
8581,8756
8669,8768
8787,8741
8595,8753
8731,8739
8644,8740
8600,8752
8695,8755
8618,8762
8845,8757
8653,8756
8769,8762
8763,8760
8626,8748
8805,8755
8673,8749
8599,8757
8655,8765
8581,8757
8757,8764
8766,8754
8692,8763
8661,8740
8554,8743
8856,8752
8559,8752
8636,8761
8802,8757
8646,8764
8763,8761
8651,8756
8758,8758
8678,8759
8621,8766
8748,8760
8556,8749
8696,8748
8704,8767
8657,8759
8803,8763
8654,8758
8638,8751
8701,8754
8625,8751
8774,8752
8634,8752
8744,8746
8733,8759
8657,8755
8767,8761
8650,8759
8708,8756
8666,8753
8638,8761
8813,8770
8689,8755
8779,8765
8666,8753
8548,8754
8663,8756
8547,8753
8696,8759
8752,8756
8602,8747
8815,8768
8633,8764
8777,8762
8678,8768
8602,8756
8739,8761
8683,8746
8811,8749
8735,8760
8725,8747
8815,8752
8617,8768
8620,8761
8669,8748
8619,8754
8829,8757
8588,8756
8781,8758
8762,8748
8574,8755
8759,8758
8607,8766
8689,8758
8592,8743
8708,8754
8774,8754
8665,8760
8738,8766
8712,8759
8580,8765
8674,8769
8586,8759
8659,8765
8716,8758
8701,8768
8826,8761
8613,8751
8898,8754
8667,8748
8613,8764
8808,8760
8580,8757
8677,8753
8823,8762
8652,8759
8831,8766
8704,8749
8635,8762
8676,8761
8672,8752
8763,8760
8617,8749
8805,8761
8680,8756
8571,8757
8660,8759
8592,8755
8700,8753
8551,8759
8680,8760
8784,8756
8654,8745
8770,8753
8644,8755
8563,8752
8727,8752
8648,8769
8725,8767
8748,8758
8735,8759
8768,8759
8614,8745
8817,8767
8571,8751
8615,8753
8781,8762
8639,8756
8811,8754
8804,8750
8714,8753
8785,8758
8652,8753
8781,8750
8596,8752
8615,8776
8817,8747
8576,8762
8876,8742
8702,8762
8549,8758
8739,8762
8608,8761
8669,8769
8686,8764
8726,8755
8623,8762
8612,8751
8784,8758
8631,8756
8666,8761
8674,8748
8670,8742
8739,8750
8709,8749
8709,8756
8785,8746
8638,8755
8791,8767
8675,8755
8628,8754
8737,8753
8565,8754
8822,8756
8701,8757
8749,8766
8733,8759
8597,8760
8745,8762
8583,8756
8664,8764
8809,8762
8643,8757
8813,8754
8658,8753
8462,8763
8848,8750
8625,8755
8679,8764
8625,8754
8664,8763
8754,8770
8672,8756
8752,8758
8697,8759
8704,8760
8744,8757
8706,8762
8720,8757
8736,8753
8747,8765
8767,8763
8651,8761
8735,8756
8650,8753
8634,8762
8763,8766
8703,8748
8797,8763
8663,8757
8816,8760
8677,8755
8563,8764
8690,8758
8502,8753
8559,8755
8647,8750
8598,8740
8684,8740
8401,8724
8427,8740
8385,8722
8378,8706
8521,8699
8333,8692
8467,8682
8384,8685
8399,8671
8340,8660
8275,8658
8400,8657
8315,8644
8337,8633
8351,8624
8328,8617
8278,8607
8331,8606
8274,8581
8258,8599
8313,8580
8280,8564
8258,8553
8230,8561
8370,8540
8181,8545
8325,8537
8199,8516
8246,8523
8310,8517
8286,8495
8330,8489
8135,8481
8267,8468
8293,8467
8278,8456
8375,8458
8239,8444
8243,8431
8356,8435
8266,8422
8232,8418
8274,8405
8227,8398
8285,8393
8223,8379
8218,8371
8240,8360
8316,8357
8106,8351
8214,8320
8377,8347
8455,8318
8162,8328
7976,8300
8297,8296
8177,8287
8133,8275
8054,8269
8186,8261
8116,8252
8093,8255
8049,8226
8128,8235
8136,8216
8119,8212
8048,8231
8025,8221
8121,8194
8116,8188
8069,8186
8051,8173
7972,8158
7955,8150
8151,8139
8149,8147
8103,8119
8067,8109
8023,8110
7994,8118
7995,8075
8028,8089
8038,8070
8046,8087
8094,8068
8049,8056
8042,8052
8033,8050
7971,8037
7943,8027
7936,8001
7943,8016
7912,8015
7908,7991
7950,7989
7947,7958
8029,7982
7977,7966
8032,7974
8084,7964
8024,7975
8088,7961
8076,7948
8122,7954
8091,7948
8124,7933
8115,7958
8137,7946
8125,7969
8174,7950
8148,7949
8115,7957
8127,7949
8148,7949
8214,7962
8125,7958
8144,7968
8145,7970
8169,7975
8173,7965
8170,7951
8194,7967
8163,7982
8181,7939
8163,7952
8167,7947
8190,7958
8190,7966
8192,7959
8170,7948
8184,7953
8152,7962
8176,7953
8171,7971
8168,7948
8170,7955
8173,7948
8165,7949
8185,7967
8149,7948
8148,7957
8150,7968
8135,7962
8165,7946
8125,7950
8060,7952
8018,7948
7848,7949
7761,7939
7705,7944
7588,7911
7536,7916
7530,7933
7460,7917
7517,7903
7438,7910
7456,7881
7445,7876
7410,7868
7414,7869
7409,7855
7448,7849
7482,7845
7469,7842
7467,7832
7465,7824
7396,7818
7336,7796
7324,7803
7361,7795
7317,7792
7421,7779
7396,7771
7435,7756
7349,7738
7312,7746
7269,7739
7304,7727
7409,7726
7426,7710
7363,7696
7316,7707
7337,7678
7393,7681
7406,7678
7272,7660
7245,7654
7286,7660
7346,7642
7351,7624
7230,7629
7260,7610
7229,7601
7288,7606
7090,7587
7207,7578
7261,7583
7077,7582
7152,7550
7190,7552
7264,7543
7147,7535
7181,7521
7257,7509
7144,7504
7197,7502
7238,7492
7136,7492
7119,7485
7228,7475
7074,7466
7176,7452
7126,7442
7118,7448
7207,7437
7113,7414
7190,7414
7050,7413
7235,7390
7243,7406
7068,7387
7196,7376
7052,7368
7134,7361
7106,7348
7151,7346
7192,7340
7081,7319
7098,7314
7038,7307
7094,7305
7016,7299
7062,7285
7031,7273
7128,7262
7030,7248
7057,7256
6937,7244
7021,7232
6923,7234
7057,7220
7017,7207
6904,7210
6966,7194
6943,7190
7041,7192
7039,7173
7032,7150
7069,7157
7131,7166
7278,7158
6907,7165
7164,7159
7176,7161
7181,7151
7205,7157
7073,7144
7247,7160
7040,7159
7187,7165
7344,7155
7203,7164
7258,7158
7054,7161
7102,7145
7285,7145
7060,7157
7238,7148
7161,7150
7295,7151
7395,7148
7136,7153
7420,7146
7218,7157
7164,7151
7250,7157
7096,7164
7313,7162
7342,7154
7234,7156
7253,7143
7159,7159
7354,7159
7188,7153
7148,7159
7306,7160
7117,7150
7302,7157
7174,7154
7316,7143
7263,7158
7064,7155
7184,7152
7094,7140
7281,7154
7283,7161
7143,7154
7229,7152
7273,7147
7163,7150
7276,7161
7133,7152
7133,7158
7125,7160
7188,7178
7208,7152
7064,7147
7278,7156
7115,7149
7179,7165
7145,7163
7083,7160
7310,7157
7276,7158
7287,7156
7391,7149
7185,7161
7351,7158
7150,7161
7189,7164
7289,7161
7217,7165
7238,7155
7137,7149
7370,7153
7252,7153
7152,7170
7232,7153
7212,7140
7298,7146
7276,7157
7258,7161
7311,7152
7231,7154
7183,7161
7214,7147
7124,7152
7273,7151
7138,7162
7224,7156
7334,7158
7186,7159
7314,7161
7141,7145
7144,7162
7269,7147
7219,7159
7400,7165
7188,7160
7368,7153
7203,7159
7108,7177
7220,7155
7035,7147
7182,7153
7293,7152
7133,7143
7245,7158
7195,7161
7244,7158
7286,7156
7166,7149
7121,7149
7121,7156
7258,7163
7233,7158
7171,7147
7268,7159
7242,7153
7244,7153
7132,7150
7158,7157
7314,7149
7116,7151
7324,7148
7286,7168
7111,7137
7299,7162
7077,7156
7201,7154
7163,7152
7210,7153
7275,7152
7128,7155
7312,7159
7222,7155
7131,7149
7277,7147
7207,7158
7269,7152
7209,7157
7218,7151
7255,7154
7129,7155
7373,7163
7181,7156
7084,7153
7273,7163
7116,7143
7264,7171
7341,7157
7205,7154
7291,7153
7208,7154
7138,7161
7139,7141
7173,7172
7296,7159
7114,7155
7274,7165
7205,7157
7109,7150
7225,7153
7067,7158
7153,7157
7123,7162
7250,7167
7241,7152
7162,7147
7271,7153
7221,7154
7134,7157
7244,7171
7034,7158
7269,7151
7284,7161
7181,7164
7257,7156
7222,7143
7253,7162
7211,7152
7172,7158
7272,7157
7113,7154
7288,7157
7297,7150
7281,7151
7297,7154
7079,7150
7232,7148
7125,7150
7207,7147
7325,7145
7129,7148
7233,7156
7179,7152
7128,7157
7269,7158
7224,7146
7190,7152
7303,7159
7217,7155
7231,7143
7147,7153
7364,7155
7146,7154
7185,7158
7166,7153
7173,7146
7280,7159
7372,7134
7248,7162
7304,7154
7192,7156
7266,7150
7220,7149
7152,7155
7370,7161
7116,7141
7341,7156
7266,7152
7317,7154
7259,7145
7115,7158
7258,7163
7147,7160
7163,7154
7225,7156
7158,7163
7258,7156
7243,7145
7201,7152
7205,7152
7136,7158
7278,7155
7195,7144
7241,7158
7292,7160
7147,7156
7404,7161
7301,7154
7088,7165
7262,7161
7157,7154
7244,7162
7254,7158
7281,7150
7246,7156
7128,7151
7266,7159
7072,7154
7165,7148
7302,7161
7089,7157
7292,7163
7182,7146
7331,7147
7269,7154
7119,7164
7170,7157
7214,7144
7207,7154
7251,7147
7158,7156
7334,7155
7243,7154
7117,7150
7265,7144
7134,7156
7204,7163
7196,7158
7229,7159
7300,7154
7149,7155
7311,7160
7194,7159
7119,7160
7247,7161
7142,7158
7335,7154
7259,7150
7287,7157
7177,7158
7105,7170
7234,7155
7116,7150
7169,7156
7228,7162
7173,7152
7199,7143
7199,7149
7208,7163
7158,7148
7150,7155
7273,7157
7195,7164
7189,7147
7348,7171
7186,7163
7397,7151
7189,7156
7050,7165
7220,7158
7056,7149
7235,7159
7117,7144
7205,7149
7314,7165
7124,7156
7332,7164
7218,7160
7177,7159
7150,7161
7091,7159
7315,7154
7247,7161
7283,7161
7274,7161
7191,7134
7191,7159
7163,7153
7228,7163
7266,7142
7138,7149
7282,7145
7250,7155
7232,7159
7300,7149
7130,7159
7211,7167
7192,7158
7201,7156
7294,7155
7181,7162
7370,7153
7214,7157
7168,7157
7204,7145
7161,7155
7365,7163
7087,7166
7350,7167
7230,7137
7100,7157
7239,7161
7104,7153
7222,7148
7162,7148
7143,7156
7258,7151
7316,7158
7222,7158
7198,7148
7197,7153
7279,7152
7246,7160
7152,7151
7192,7148
7149,7147
7290,7155
7156,7149
7285,7156
7186,7158
7110,7157
7290,7145
7089,7160
7235,7157
7339,7145
7242,7157
7388,7170
7153,7165
7209,7152
7108,7154
7186,7167
7367,7155
7124,7154
7311,7158
7219,7141
7211,7150
7167,7147
7206,7161
7294,7162
7178,7157
7175,7155
7291,7156
7272,7147
7290,7148
7272,7157
7134,7154
7377,7153
7183,7153
7203,7161
7257,7160
7176,7158
7316,7155
7314,7151
7268,7147
7210,7152
7207,7167
7302,7160
7206,7162
7410,7156
7349,7167
7368,7160
7416,7166
7295,7176
7394,7187
7414,7179
7443,7195
7487,7202
7464,7205
7486,7211
7452,7221
7465,7236
7472,7212
7573,7252
7512,7253
7577,7266
7515,7261
7520,7283
7560,7291
7588,7292
7539,7299
7613,7317
7537,7323
7596,7320
7639,7339
7641,7331
7606,7354
7645,7348
7583,7362
7637,7365
7627,7377
7699,7387
7673,7400
7604,7414
7702,7407
7674,7429
7677,7433
7638,7439
7592,7444
7705,7451
7666,7450
7722,7479
7737,7483
7683,7496
7673,7490
7714,7484
7719,7509
7739,7518
7687,7530
7614,7534
7743,7531
7778,7560
7752,7553
7636,7571
7740,7580
7660,7588
7706,7593
7827,7591
7778,7615
7708,7605
7824,7617
7821,7628
7831,7633
7719,7637
7740,7641
7836,7643
7837,7663
7788,7670
7775,7676
7797,7690
7885,7675
7929,7721
7874,7718
7793,7729
7861,7725
7924,7739
7966,7729
7945,7759
7883,7771
7811,7781
7851,7775
7869,7792
7939,7796
7923,7797
7943,7830
7944,7819
7902,7828
7876,7823
7885,7827
7896,7864
7947,7872
7958,7873
7939,7894
7989,7879
8038,7905
7999,7879
8027,7891
8080,7910
8039,7930
8028,7925
7959,7939
8004,7947
7948,7927
7991,7945
7917,7951
7902,7966
7907,7962
7860,7944
7860,7938
7864,7941
7850,7936
7838,7945
7854,7934
7802,7948
7823,7965
7816,7952
7841,7943
7806,7947
7838,7941
7813,7965
7810,7957
7844,7959
7826,7961
7818,7953
7811,7969
7812,7961
7806,7958
7820,7952
7792,7973
7794,7954
7812,7960
7795,7950
7796,7938
7779,7945
7758,7982
7755,7950
7769,7954
7799,7966
7773,7940
7766,7939
7775,7946
7781,7940
7800,7940
7822,7938
7809,7934
7793,7971
7816,7955
7804,7944
7821,7961
7883,7958
7956,7954
8078,7966
8138,7951
8256,7983
8348,7979
8360,7982
8417,7992
8427,7986
8468,8030
8430,8018
8493,8030
8472,8025
8457,8026
8472,8051
8442,8045
8413,8062
8433,8061
8368,8073
8414,8085
8451,8099
8514,8102
8528,8096
8540,8108
8565,8125
8586,8136
8464,8122
8461,8137
8449,8166
8630,8161
8654,8161
8666,8178
8547,8175
8488,8203
8577,8190
8633,8202
8650,8210
8574,8227
8577,8226
8569,8233
8677,8250
8657,8242
8637,8263
8555,8283
8636,8290
8730,8296
8678,8310
8567,8301
8702,8299
8686,8321
8590,8321
8493,8338
8664,8346
8765,8352
8531,8362
8585,8364
8812,8383
8730,8390
8664,8380
8740,8402
8673,8418
8635,8417
8749,8432
8693,8427
8658,8436
8771,8450
8690,8459
8716,8462
8808,8470
8684,8485
8725,8477
8688,8492
8783,8503
8867,8495
8735,8521
8897,8540
8723,8539
8932,8545
8719,8556
8840,8556
8859,8561
8776,8578
8832,8587
8819,8587
8862,8615
8764,8605
8907,8607
8863,8630
8876,8636
8877,8650
8938,8648
8797,8652
8919,8676
8899,8680
8911,8688
8835,8691
8891,8699
8969,8713
8906,8715
8982,8717
8896,8725
8888,8732
8788,8741
8758,8737
8881,8740
8629,8749
8852,8748
8724,8750
8740,8745
8786,8750
8596,8752
8641,8749
8645,8751
8653,8748
8802,8762
8687,8748
8811,8761
8689,8759
8599,8766
8722,8762
8630,8756
8721,8754
8648,8765
8768,8765
8721,8756
8659,8763
8749,8757
8619,8750
8643,8763
8639,8755
8620,8762
8754,8764
8661,8767
8727,8763
8708,8746
8502,8758
8733,8766
8558,8752
8657,8771
8653,8762
8663,8748
8692,8761
8650,8757
8734,8750
8706,8744
8579,8756
8789,8756
8626,8743
8799,8758
8868,8743
8668,8762
8808,8763
8624,8763
8676,8775
8658,8756
8583,8756
8741,8756
8653,8757
8656,8749
8751,8741
8645,8758
8771,8761
8638,8757
8684,8765
8669,8771
8655,8770
8786,8761
8649,8753
8756,8751
8753,8762
8606,8754
8712,8753
8585,8748
8638,8752
8800,8753
8665,8768
8805,8764
8710,8763
8825,8760
8738,8752
8600,8765
8798,8756
8573,8745
8769,8760
8702,8765
8648,8769
8739,8758
8575,8757
8641,8750
8608,8755
8584,8753
8756,8753
8578,8758
8785,8766
8742,8744
8507,8766
8730,8756
8577,8763
8649,8752
8652,8761
8600,8763
8758,8764
8696,8761
8756,8765
8704,8758
8670,8755
8586,8759
8596,8757
8847,8750
8854,8745
8768,8754
8797,8757
8605,8759
8804,8768
8708,8755
8607,8749
8705,8764
8585,8757
8743,8754
8794,8757
8700,8758
8817,8764
8618,8736
8657,8746
8588,8762
8666,8760
8782,8759
8633,8752
8832,8754
8714,8749
8569,8759
8773,8752
8528,8753
8694,8770
8575,8750
8691,8764
8773,8764
8688,8760
8862,8756
8744,8753
8606,8758
8778,8753
8628,8755
8654,8755
8766,8762
8674,8757
8694,8755
8679,8760
8698,8769
8694,8755
8689,8755
8710,8764
8624,8763
8765,8757
8698,8756
8817,8753
8642,8764
8551,8763
8738,8754
8580,8757
8624,8759
8832,8755
8530,8755
8786,8767
8660,8756
8527,8758
8727,8755
8575,8758
8695,8752
8622,8763
8767,8757
8830,8762
8578,8759
8806,8762
8660,8746
8590,8758
8640,8759
8523,8759
8717,8753
8794,8770
8672,8765
8762,8753
8631,8764
8751,8760
8595,8737
8622,8762
8737,8762
8606,8767
8735,8752
8686,8746
8752,8757
8748,8759
8575,8759
8706,8760
8573,8753
8634,8754
8767,8766
8619,8761
8851,8762
8686,8759
8634,8762
8675,8750
8555,8747
8715,8757
8584,8754
8670,8765
8756,8756
8684,8750
8752,8750
8722,8776
8659,8753
8698,8763
8589,8749
8784,8768
8744,8758
8702,8756
8731,8765
8539,8765
8707,8741
8522,8759
8640,8761
8780,8762
8632,8762
8786,8758
8687,8760
8772,8751
8758,8744
8588,8762
8635,8757
8672,8762
8769,8765
8813,8753
8660,8758
8839,8765
8695,8758
8721,8760
8596,8760
8599,8757
8751,8758
8561,8753
8733,8750
8800,8759
8639,8752
8809,8746
8627,8762
8695,8743
8661,8758
8614,8764
8785,8763
8755,8758
8714,8761
8734,8754
8575,8757
8748,8759
8600,8748
8611,8744
8706,8760
8592,8758
8804,8764
8637,8751
8604,8753
8740,8755
8618,8747
8743,8752
8603,8765
8664,8757
8793,8758
8686,8756
8843,8760
8728,8766
8660,8765
8683,8756
8642,8772
8772,8744
8764,8744
8776,8758
8735,8750
8590,8757
8727,8761
8644,8739
8692,8758
8771,8766
8670,8763
8803,8764
8716,8759
8744,8761
8745,8751
8508,8759
8734,8758
8575,8752
8678,8757
8807,8753
8637,8752
8797,8767
8669,8761
8594,8761
8660,8755
8622,8763
8733,8755
8639,8762
8714,8758
8780,8769
8629,8762
8779,8756
8640,8754
8674,8753
8600,8748
8564,8754
8763,8756
8747,8757
8738,8758
8685,8752
8543,8758
8779,8756
8647,8730
8644,8764
8703,8765
8639,8753
8792,8737
8725,8744
8852,8760
8704,8758
8582,8756
8732,8753
8592,8751
8684,8763
8727,8764
8666,8759
8918,8759
8665,8763
8572,8758
8649,8737
8570,8749
8797,8762
8530,8755
8712,8758
8767,8759
8578,8755
8752,8757
8687,8756
8687,8756
8624,8747
8592,8747
8719,8758
8719,8757
8734,8755
8673,8752
8572,8764
8687,8760
8553,8756
8696,8757
8737,8745
8673,8757
8768,8754
8697,8755
8756,8763
8628,8757
8597,8762
8648,8754
8740,8753
8751,8764
8768,8750
8703,8762
8802,8759
8600,8766
8597,8765
8662,8760
8589,8763
8839,8772
8494,8748
8843,8758
8738,8755
8528,8765
8785,8745
8644,8761
8650,8769
8615,8760
8536,8758
8807,8751
8775,8752
8708,8761
8745,8761
8600,8750
8757,8755
8642,8756
8642,8755
8742,8753
8647,8756
8735,8743
8690,8754
8767,8759
8670,8749
8669,8749
8728,8735
8703,8763
8772,8752
8731,8754
8731,8771
8828,8760
8583,8759
8656,8765
8608,8744
8564,8765
8733,8751
8606,8750
8706,8761
8619,8743
8446,8752
8615,8743
8466,8744
8627,8740
8315,8723
8533,8702
8678,8721
8340,8725
8556,8705
8385,8697
8339,8693
8333,8675
8392,8664
8536,8663
8465,8660
8311,8643
8392,8636
8360,8633
8337,8609
8378,8617
8278,8615
8303,8607
8263,8602
8300,8585
8286,8569
8283,8564
8274,8566
8242,8556
8256,8552
8213,8530
8362,8530
8138,8519
8148,8526
8306,8498
8254,8501
8297,8491
8212,8489
8306,8468
8269,8456
8227,8464
8349,8462
8242,8448
8292,8441
8315,8429
8246,8426
8278,8423
8286,8400
8227,8385
8290,8390
8278,8384
8245,8377
8173,8364
8262,8354
8083,8349
8197,8343
8426,8330
8348,8325
8230,8321
8102,8316
8201,8301
8149,8279
8088,8282
8173,8268
8145,8269
8182,8257
8065,8262
8056,8240
8125,8222
8148,8214
8064,8230
7961,8207
8031,8197
8151,8186
8112,8189
8036,8183
8011,8169
8019,8164
8028,8152
8153,8135
8195,8132
8012,8119
8030,8125
7981,8122
7998,8109
7998,8099
8013,8092
8079,8082
8105,8070
8123,8043
8086,8062
8050,8050
7991,8027
8021,8052
7928,8025
7950,8026
7951,8017
7926,7989
7894,7989
7916,7975
7906,7994
7949,7997
8021,7966
8064,7975
8031,7966
8043,7963
8082,7952
8089,7940
8070,7962
8090,7954
8131,7956
8114,7957
8135,7949
8140,7949
8114,7985
8146,7958
8143,7956
8164,7950
8149,7944
8155,7941
8155,7963
8158,7969
8175,7966
8171,7957
8155,7950
8182,7962
8151,7942
8159,7956
8160,7955
8141,7959
8179,7976
8194,7955
8174,7967
8144,7931
8198,7956
8166,7963
8172,7937
8136,7945
8175,7961
8164,7962
8147,7954
8166,7982
8142,7960
8158,7941
8145,7980
8155,7956
8181,7953
8159,7948
8131,7949
8124,7953
8111,7958
7971,7951
7838,7947
7766,7942
7680,7925
7618,7946
7554,7931
7492,7912
7420,7917
7419,7914
7424,7885
7420,7908
7440,7871
7364,7874
7421,7859
7465,7862
7449,7850
7465,7847
7482,7837
7436,7839
7454,7812
7378,7812
7333,7803
7297,7797
7363,7792
7410,7795
7409,7763
7397,7760
7449,7756
7288,7741
7310,7740
7320,7737
7389,7735
7443,7708
7413,7720
7347,7710
7280,7689
7336,7680
7401,7684
7377,7661
7307,7659
7266,7660
7292,7633
7382,7646
7230,7622
7283,7634
7382,7608
7372,7597
7390,7597
7037,7593
7281,7591
7195,7580
7066,7573
7306,7549
7168,7538
7246,7555
7155,7519
7223,7511
7179,7522
7131,7512
7193,7494
7135,7498
7098,7488
7194,7482
7140,7471
7173,7463
7279,7469
7091,7465
7220,7437
7159,7431
7055,7411
7170,7419
6990,7394
7216,7384
7188,7391
7117,7383
7186,7370
6984,7372
7229,7370
7021,7345
7128,7337
7142,7340
7141,7313
7128,7314
7062,7305
7017,7307
7133,7296
7085,7290
7049,7272
7001,7264
6979,7264
7029,7250
7052,7241
7052,7226
6999,7231
7032,7228
7002,7221
6946,7202
7016,7191
6916,7188
6976,7176
7073,7170
7016,7171
7033,7158
7169,7163
7232,7157
7145,7163
7125,7153
7124,7138
7111,7151
7293,7160
7154,7155
7290,7162
7244,7164
7163,7148
7286,7152
7082,7160
7192,7151
6980,7147
7168,7151
7311,7145
7205,7152
7347,7155
7253,7151
7060,7154
7415,7159
7104,7144
7227,7160
7328,7154
7238,7158
7287,7158
7276,7163
7309,7159
7332,7168
7294,7171
7282,7159
7212,7168
7324,7148
7325,7161
7221,7144
7333,7152
7231,7149
7188,7150
7177,7158
7142,7163
7298,7162
7096,7154
7200,7147
7150,7155
7129,7156
7277,7157
7108,7162
7151,7161
7217,7154
7244,7159
7272,7156
7109,7152
7241,7156
7169,7141
7063,7157
7175,7161
7046,7153
7186,7153
7410,7137
7196,7158
7301,7157
7194,7152
7276,7150
7229,7153
7121,7154
7285,7154
7165,7151
7270,7155
7275,7150
7306,7155
7296,7146
7108,7161
7174,7157
7102,7153
7172,7159
7266,7155
7150,7150
7210,7166
7284,7146
7209,7149
7348,7156
7219,7162
7232,7164
7262,7157
7254,7152
7285,7157
7170,7153
7308,7167
7257,7159
7177,7145
7243,7168
7161,7159
7292,7160
7351,7147
7138,7154
7348,7144
7169,7155
7325,7135
7115,7137
7144,7148
7386,7159
7068,7150
7252,7157
7187,7153
7239,7148
7244,7152
7147,7159
7108,7149
7269,7159
7211,7146
7192,7144
7202,7161
7179,7165
7208,7157
7126,7158
7228,7157
7075,7155
7246,7152
7135,7138
7238,7161
7330,7155
7095,7148
7283,7160
7221,7159
7139,7160
7205,7149
7123,7149
7318,7159
7293,7142
7287,7157
7288,7148
7077,7149
7239,7173
7044,7163
7150,7163
7280,7147
7120,7163
7196,7157
7210,7151
7209,7157
7231,7152
7189,7160
7194,7158
7159,7159
7202,7166
7308,7166
7123,7158
7290,7163
7254,7143
7162,7163
7240,7162
7134,7155
7248,7163
7112,7150
7243,7159
7256,7153
7116,7170
7304,7164
7147,7150
7185,7159
7143,7147
7189,7157
7280,7154
7182,7159
7226,7157
7230,7154
7152,7157
7241,7150
7181,7158
7151,7151
7215,7156
7192,7152
7167,7162
7174,7151
7118,7164
7226,7158
7109,7160
7187,7151
7178,7154
7240,7153
7358,7155
7145,7159
7313,7144
7220,7155
7177,7156
7255,7153
7091,7152
7257,7161
7279,7150
7234,7163
7294,7151
7132,7155
7243,7157
7105,7159
7194,7155
7307,7162
7137,7162
7228,7157
7204,7149
7225,7157
7169,7152
7182,7160
7211,7151
7112,7163
7258,7161
7264,7151
7233,7150
7266,7158
7187,7174
7128,7152
7322,7152
7062,7154
7207,7153
7162,7151
7233,7154
7357,7139
7175,7149
7370,7152
7184,7153
7168,7158
7115,7147
7171,7150
7328,7156
7230,7151
7265,7159
7265,7154
7108,7164
7290,7160
7106,7153
7194,7152
7288,7161
7171,7144
7207,7160
7296,7160
7221,7160
7203,7159
7184,7158
7147,7159
7238,7155
7195,7148
7187,7157
7230,7169
7252,7150
7127,7148
7128,7151
7150,7158
7098,7153
7336,7142
7094,7152
7311,7149
7235,7147
7003,7157
7246,7153
7122,7153
7198,7156
7093,7152
7138,7156
7206,7155
7249,7162
7172,7154
7207,7156
7248,7151
7221,7149
7169,7159
7242,7159
7314,7158
7161,7139
7293,7151
7246,7150
7298,7154
7324,7144
7114,7156
7206,7158
7184,7161
7207,7152
7330,7159
7139,7167
7286,7154
7200,7159
7215,7147
7209,7154
7197,7158
7257,7150
7134,7152
7232,7160
7208,7155
7142,7146
7200,7150
7161,7146
7287,7155
7142,7163
7231,7169
7234,7147
7217,7170
7305,7155
7221,7148
7098,7162
7285,7164
7117,7149
7139,7163
7301,7146
7157,7154
7248,7151
7127,7146
7273,7159
7243,7151
7084,7153
7288,7159
7088,7142
7305,7153
7289,7152
7233,7155
7254,7163
7133,7155
7171,7158
7179,7160
7127,7147
7206,7148
7141,7163
7206,7166
7259,7153
7173,7159
7244,7154
7175,7153
7257,7151
7225,7153
7146,7154
7312,7159
7276,7163
7284,7147
7235,7148
7119,7161
7308,7150
7130,7149
7257,7160
7347,7159
7147,7160
7353,7154
7206,7158
7431,7164
7215,7157
7107,7150
7270,7157
7120,7155
7298,7161
7293,7143
7234,7157
7262,7161
7246,7154
7270,7147
7237,7154
7330,7155
7195,7157
7207,7150
7269,7160
7262,7159
7129,7152
7261,7146
7108,7158
7165,7155
7140,7137
7139,7156
7221,7139
7224,7155
7305,7156
7260,7151
7166,7171
7194,7152
7144,7160
7378,7153
7304,7140
7354,7160
7311,7160
7045,7161
7349,7164
7149,7148
7089,7154
7247,7152
7136,7158
7306,7148
7286,7153
7268,7157
7237,7152
7156,7161
7246,7148
7233,7156
7088,7166
7387,7161
7068,7141
7270,7149
7304,7153
7144,7171
7296,7160
7143,7136
7154,7153
7255,7160
7225,7155
7284,7164
7184,7165
7371,7163
7205,7158
7238,7153
7290,7161
7314,7174
7472,7172
7408,7180
7480,7174
7474,7209
7423,7197
7473,7196
7446,7215
7492,7215
7516,7237
7467,7229
7538,7221
7512,7248
7513,7255
7522,7263
7539,7267
7553,7284
7559,7271
7572,7288
7598,7302
7576,7311
7574,7323
7588,7327
7685,7325
7624,7352
7686,7354
7607,7353
7588,7367
7628,7385
7554,7383
7683,7382
7669,7402
7627,7395
7664,7417
7621,7426
7663,7430
7624,7431
7725,7435
7686,7445
7697,7467
7759,7481
7730,7479
7674,7474
7747,7484
7708,7497
7699,7519
7767,7507
7782,7521
7595,7534
7737,7532
7662,7556
7679,7558
7677,7562
7785,7574
7680,7578
7692,7578
7859,7602
7808,7614
7762,7618
7803,7624
7838,7631
7777,7633
7758,7642
7801,7649
7851,7671
7783,7666
7795,7680
7795,7664
7846,7701
7916,7694
7914,7698
7763,7700
7844,7729
7834,7750
7879,7737
7935,7754
7905,7751
7838,7768
7829,7779
7875,7784
7852,7787
7892,7795
7919,7811
7949,7819
7914,7810
7927,7820
7871,7843
7885,7841
7896,7847
7964,7865
7983,7852
7976,7887
7992,7888
8040,7879
8013,7885
8078,7924
8075,7909
8013,7919
7992,7925
8006,7920
7981,7960
7953,7937
7911,7958
7838,7946
7873,7939
7841,7954
7863,7943
7856,7955
7832,7960
7869,7950
7860,7958
7840,7957
7810,7958
7836,7951
7830,7969
7849,7960
7796,7961
7866,7957
7805,7944
7809,7948
7815,7949
7781,7948
7823,7956
7799,7965
7834,7940
7809,7971
7814,7933
7795,7969
7822,7947
7813,7946
7803,7974
7782,7945
7777,7931
7800,7939
7775,7974
7761,7962
7780,7959
7790,7956
7769,7948
7798,7951
7773,7951
7798,7970
7806,7952
7792,7948
7833,7949
7806,7959
7808,7961
7836,7965
7889,7967
8008,7979
8082,7961
8147,7951
8328,7984
8328,7976
8383,7978
8416,7983
8402,8003
8486,8012
8463,8019
8470,8029
8463,8033
8474,8029
8452,8044
8423,8062
8444,8067
8436,8076
8411,8084
8433,8070
8486,8102
8504,8108
8531,8099
8595,8111
8503,8121
8486,8139
8436,8149
8452,8159
8516,8159
8590,8159
8684,8164
8575,8177
8533,8201
8528,8182
8552,8199
8605,8214
8626,8227
8614,8223
8570,8243
8581,8242
8697,8246
8664,8259
8599,8264
8555,8268
8651,8294
8720,8282
8604,8300
8580,8315
8645,8326
8629,8307
8493,8328
8476,8338
8693,8347
8699,8361
8701,8355
8572,8373
8644,8375
8611,8382
8613,8401
8774,8396
8669,8406
8673,8430
8731,8427
8677,8435
8764,8431
8722,8453
8608,8448
8780,8457
8694,8474
8647,8475
8794,8496
8764,8493
8722,8499
8765,8513
8803,8524
8801,8533
8693,8542
8832,8547
8703,8559
8809,8555
8784,8569
8814,8575
8771,8598
8767,8593
8823,8606
8801,8613
8965,8599
8869,8629
8837,8647
8855,8639
8888,8653
8873,8663
8857,8669
8850,8679
8951,8699
8996,8686
8891,8695
8972,8711
8908,8710
8871,8709
8896,8734
8860,8732
8816,8743
8677,8740
8904,8747
8608,8746
8642,8758
8677,8735
8730,8755
8767,8765
8753,8745
8725,8759
8738,8759
8599,8747
8848,8756
8575,8758
8671,8758
8715,8760
8735,8756
8768,8745
8576,8753
8767,8759
8718,8759
8581,8764
8737,8760
8557,8757
8688,8754
8766,8749
8598,8759
8780,8755
8708,8755
8578,8765
8650,8762
8604,8746
8731,8755
8625,8764
8726,8754
8614,8756
8623,8750
8630,8760
8564,8763
8628,8753
8561,8754
8556,8762
8807,8755
8614,8753
8896,8761
8738,8744
8577,8762
8856,8766
8609,8755
8766,8757
8775,8750
8752,8755
8772,8753
8677,8755
8771,8755
8618,8747
8669,8755
8767,8757
8631,8749
8762,8743
8771,8752
8711,8772
8817,8758
8573,8758
8650,8752
8613,8758
8667,8756
8794,8758
8621,8764
8760,8757
8779,8750
8600,8761
8777,8756
8534,8762
8666,8761
8673,8752
8742,8767
8855,8763
8590,8760
8861,8751
8620,8740
8567,8759
8666,8758
8560,8755
8713,8767
8741,8749
8707,8763
8833,8756
8644,8751
8792,8756
8617,8755
8604,8755
8846,8748
8559,8774
8707,8768
8703,8753
8700,8760
8709,8756
8585,8763
8649,8756
8601,8762
8657,8750
8803,8765
8621,8764
8776,8759
8741,8739
8570,8752
8864,8746
8601,8759
8700,8769
8622,8759
8735,8765
8778,8761
8699,8746
8703,8751
8702,8759
8683,8755
8696,8761
8642,8754
8740,8755
8741,8752
8696,8745
8795,8772
8597,8756
8790,8751
8563,8745
8659,8748
8828,8760
8592,8760
8801,8765
8762,8759
8761,8756
8798,8760
8548,8753
8550,8775
8702,8745
8631,8754
8775,8743
8667,8744
8785,8759
8719,8753
8617,8759
8725,8768
8699,8749
8680,8759
8604,8761
8754,8762
8797,8750
8659,8753
8751,8761
8639,8750
8664,8758
8798,8766
8584,8761
8745,8759
8683,8749
8781,8753
8776,8748
8534,8764
8653,8768
8634,8760
8641,8768
8793,8753
8586,8761
8758,8763
8648,8757
8521,8762
8736,8751
8533,8747
8725,8748
8605,8756
8627,8761
8767,8755
8622,8755
8710,8758
8687,8753
8582,8755
8809,8761
8637,8762
8680,8752
8722,8760
8665,8764
8802,8754
8655,8761
8771,8750
8581,8748
8690,8758
8810,8762
8562,8740
8722,8754
8704,8762
8756,8764
8796,8767
8552,8775
8629,8755
8614,8752
8628,8754
8799,8752
8627,8762
8770,8762
8692,8748
8596,8765
8743,8761
8649,8762
8728,8760
8614,8764
8735,8763
8742,8751
8637,8768
8789,8768
8641,8761
8649,8755
8688,8755
8584,8754
8794,8755
8776,8760
8738,8757
8780,8754
8628,8755
8790,8756
8608,8754
8599,8756
8792,8774
8572,8749
8757,8757
8705,8756
8748,8760
8716,8760
8626,8757
8718,8753
8647,8758
8739,8756
8786,8755
8657,8757
8826,8765
8739,8759
8554,8744
8757,8753
8635,8764
8741,8760
8598,8751
8720,8761
8805,8749
8612,8758
8813,8754
8592,8751
8652,8763
8643,8754
8596,8753
8714,8754
8685,8756
8728,8756
8775,8759
8583,8760
8730,8746
8596,8760
8707,8757
8881,8764
8600,8755
8824,8768
8771,8755
8751,8763
8805,8757
8700,8745
8656,8759
8676,8753
8657,8757
8672,8755
8693,8752
8752,8755
8688,8758
8602,8745
8721,8761
8634,8761
8816,8755
8591,8756
8808,8778
8793,8760
8565,8765
8754,8758
8550,8749
8607,8756
8677,8754
8583,8747
8755,8751
8765,8752
8748,8765
8768,8745
8612,8755
8757,8757
8619,8760
8695,8763
8765,8761
8599,8760
8757,8763
8704,8760
8816,8765
8722,8753
8561,8759
8745,8755
8578,8753
8649,8748
8730,8763
8782,8757
8823,8768
8651,8765
8593,8762
8644,8748
8644,8761
8721,8748
8559,8751
8737,8760
8702,8750
8616,8768
8657,8755
8646,8748
8760,8756
8576,8751
8636,8762
8803,8756
8710,8761
8789,8762
8715,8755
8577,8756
8754,8759
8565,8757
8645,8774
8775,8766
8644,8757
8830,8761
8739,8753
8812,8752
8719,8745
8575,8760
8774,8755
8583,8746
8764,8762
8758,8759
8709,8759
8698,8753
8539,8753
8612,8759
8644,8755
8629,8765
8732,8755
8687,8760
8766,8758
8777,8756
8650,8759
8723,8753
8656,8755
8727,8755
8749,8757
8671,8757
8710,8761
8683,8746
8774,8763
8661,8761
8566,8759
8702,8769
8650,8750
8678,8758
8730,8767
8795,8750
8823,8740
8573,8746
8590,8756
8614,8750
8592,8771
8763,8751
8541,8747
8719,8756
8772,8746
8609,8761
8749,8758
8697,8758
8677,8755
8688,8760
8646,8761
8725,8763
8720,8743
8777,8758
8739,8754
8604,8756
8683,8754
8630,8753
8650,8753
8795,8763
8600,8746
8728,8754
8707,8757
8753,8770
8692,8750
8610,8758
8741,8766
8618,8760
8753,8754
8671,8752
8762,8756
8742,8743
8594,8750
8675,8758
8572,8759
8591,8745
8732,8760
8418,8765
8634,8741
8510,8734
8328,8734
8588,8730
8318,8721
8541,8713
8351,8707
8453,8702
8473,8679
8215,8680
8567,8677
8283,8668
8336,8660
8468,8658
8412,8649
8312,8635
8349,8633
8315,8622
8314,8619
8280,8616
8313,8586
8281,8584
8353,8578
8268,8581
8325,8587
8281,8543
8298,8553
8283,8532
8207,8539
8282,8530
8105,8524
8282,8499
8324,8525
8308,8492
8302,8504
8204,8490
8387,8464
8284,8460
8277,8458
8336,8446
8224,8437
8292,8423
8276,8429
8281,8421
8252,8408
8266,8385
8247,8397
8269,8384
8287,8373
8223,8356
8234,8360
8105,8345
8164,8335
8287,8325
8411,8332
8376,8324
8078,8310
8239,8306
8134,8299
8168,8291
8116,8290
8174,8262
8203,8264
8088,8243
8042,8241
8111,8247
8173,8240
8105,8208
8037,8219
7999,8207
8089,8194
8138,8196
8050,8194
8042,8177
7987,8170
7987,8175
7995,8162
8167,8138
8154,8127
8015,8136
8054,8117
7968,8104
7974,8084
8010,8096
8046,8081
8039,8079
8092,8064
8049,8048
8087,8063
8000,8047
8005,8063
7974,8046
7911,8013
7927,7999
7894,8009
7869,7992
7880,7989
7926,7989
8032,7988
8011,7974
8047,7965
8002,7959
8059,7973
8042,7969
8118,7955
8108,7987
8069,7956
8119,7976
8081,7954
8115,7962
8131,7965
8157,7962
8154,7958
8105,7952
8156,7957
8170,7925
8203,7946
8137,7953
8168,7955
8150,7937
8159,7957
8184,7954
8173,7964
8162,7934
8163,7976
8171,7968
8160,7959
8162,7962
8177,7954
8155,7947
8189,7951
8194,7970
8177,7948
8133,7953
8168,7966
8170,7949
8174,7955
8148,7946
8162,7965
8165,7947
8155,7954
8136,7972
8153,7946
8145,7964
8149,7934
8154,7937
8110,7952
8116,7953
8032,7948
7922,7969
7836,7956
7755,7938
7594,7926
7600,7930
7515,7912
7546,7933
7510,7917
7396,7903
7414,7882
7413,7885
7437,7892
7408,7863
7403,7869
7452,7871
7444,7846
7439,7842
7474,7831
7456,7824
7416,7818
7377,7813
7354,7793
7317,7788
7325,7792
7444,7769
7410,7772
7426,7753
7389,7752
7337,7742
7270,7735
7298,7731
7377,7714
7405,7699
7395,7707
7304,7712
7318,7695
7305,7683
7406,7669
7335,7661
7298,7656
7262,7633
7353,7641
7343,7650
7276,7635
7205,7612
7239,7610
7337,7592
7184,7600
7110,7591
7338,7574
7170,7581
7111,7560
7259,7551
7203,7544
7183,7546
7144,7528
7244,7514
7201,7518
7130,7502
7233,7507
7173,7484
7134,7478
7218,7467
7151,7473
7157,7458
7208,7448
7136,7450
7173,7431
7146,7426
7166,7406
7164,7400
6980,7421
7224,7398
7101,7384
7066,7374
7229,7376
7073,7355
7180,7358
7024,7341
7175,7343
7042,7335
7130,7325
7082,7312
7111,7306
6985,7309
7116,7273
6998,7290
7078,7277
7027,7268
7031,7259
7015,7250
7091,7248
7018,7233
6989,7224
6939,7231
6921,7216
6932,7205
6958,7187
6994,7196
7037,7170
6989,7166
7127,7172
7193,7162
6948,7162
7084,7160
7256,7145
7129,7164
7231,7160
7170,7158
7171,7155
7129,7151
7125,7161
7344,7157
7051,7152
7376,7155
7200,7154
6990,7160
7254,7150
7124,7144
7182,7159
7197,7151
7130,7159
7280,7165
7389,7153
7270,7163
7266,7138
7148,7156
7281,7160
7184,7157
7190,7156
7353,7150
7215,7150
7362,7144
7189,7150
7351,7154
7303,7164
7185,7158
7278,7153
7145,7155
7255,7162
7271,7160
7266,7155
7241,7147
7223,7151
7217,7153
7085,7162
7148,7152
7318,7152
7091,7151
7280,7147
7210,7154
7181,7147
7273,7162
7148,7138
7122,7149
7130,7132
7105,7153
7301,7155
7159,7160
7286,7159
7199,7154
7053,7158
7273,7157
7120,7144
7222,7164
7329,7155
7211,7147
7356,7144
7190,7150
7388,7155
7242,7155
7103,7166
7365,7154
7138,7152
7357,7153
7234,7162
7231,7146
7239,7148
7141,7152
7196,7154
7212,7166
7147,7156
7260,7161
7218,7150
7220,7163
7301,7163
7214,7155
7307,7164
7166,7154
7252,7156
7136,7145
7262,7154
7324,7155
7078,7166
7383,7156
7184,7141
7107,7164
7261,7146
7088,7157
7311,7155
7353,7153
7287,7151
7326,7150
7157,7158
7357,7170
7078,7163
7117,7160
7331,7160
7066,7158
7233,7167
7231,7154
7186,7169
7185,7168
7200,7159
7242,7152
7115,7158
7107,7150
7312,7157
7179,7161
7334,7153
7197,7145
7119,7156
7266,7160
7026,7145
7255,7167
7071,7163
7191,7150
7305,7151
7226,7154
7347,7153
7101,7140
7134,7154
7212,7148
7137,7166
7334,7154
7215,7149
7278,7148
7295,7146
7139,7148
7276,7150
7170,7148
7161,7147
7279,7157
7138,7145
7280,7170
7272,7158
7217,7151
7298,7151
7069,7150
7215,7152
7142,7152
7151,7151
7253,7160
7182,7155
7254,7163
7228,7150
7165,7152
7265,7154
7151,7155
7234,7164
7136,7148
7254,7158
7344,7154
7134,7154
7328,7156
7147,7146
7104,7157
7107,7147
7180,7146
7264,7159
7214,7153
7196,7170
7269,7156
7253,7156
7164,7155
7178,7155
7151,7159
7325,7154
7218,7159
7310,7160
7179,7151
7251,7152
7251,7149
7119,7153
7177,7150
7084,7153
7121,7161
7300,7151
7133,7167
7272,7163
7231,7151
7096,7157
7284,7168
7120,7145
7279,7157
7130,7153
7246,7159
7253,7152
7141,7153
7274,7150
7154,7152
7212,7160
7195,7154
7242,7158
7269,7156
7211,7168
7286,7158
7236,7161
7114,7168
7304,7166
7176,7154
7152,7160
7277,7151
7124,7153
7256,7161
7254,7155
7273,7149
7211,7145
7146,7160
7267,7162
7051,7159
7223,7167
7332,7150
7257,7152
7347,7157
7143,7147
7081,7173
7210,7158
7137,7146
7266,7150
7136,7152
7194,7157
7283,7158
7286,7166
7199,7140
7226,7156
7171,7160
7131,7159
7214,7157
7244,7163
7210,7149
7226,7151
7247,7156
7167,7164
7262,7157
7145,7159
7196,7147
7302,7147
7210,7147
7374,7163
7182,7143
7322,7167
7178,7162
7142,7155
7312,7153
7071,7171
7271,7161
7257,7162
7239,7161
7312,7168
7148,7156
7167,7154
7216,7167
7252,7155
7271,7146
7219,7152
7262,7155
7271,7155
7211,7160
7308,7153
7162,7148
7132,7152
7124,7156
7081,7159
7342,7163
7297,7166
7246,7160
7264,7154
7115,7152
7295,7154
7156,7164
7256,7152
7304,7158
7310,7158
7340,7151
7064,7155
7242,7155
7166,7152
7144,7148
7310,7148
7091,7159
7212,7159
7246,7152
7208,7145
7266,7154
7205,7155
7182,7157
7074,7162
7207,7150
7233,7164
7072,7146
7264,7146
7297,7154
7122,7163
7235,7153
7044,7153
7158,7154
7105,7170
7109,7163
7380,7163
7247,7150
7303,7163
7187,7148
7068,7166
7295,7133
7107,7159
7210,7166
7196,7147
7216,7156
7308,7153
7217,7150
7184,7150
7249,7155
7176,7155
7198,7161
7182,7162
7202,7166
7276,7150
7280,7154
7297,7157
7160,7145
7183,7155
7116,7148
7176,7154
7348,7154
7078,7157
7334,7157
7372,7134
7110,7155
7376,7157
7205,7143
7257,7150
7160,7147
7201,7162
7320,7148
7118,7154
7285,7156
7149,7152
7096,7158
7205,7153
7105,7157
7212,7177
7221,7142
7302,7158
7313,7159
7197,7153
7253,7156
7235,7153
7186,7155
7280,7163
7162,7148
7253,7157
7404,7155
7207,7157
7304,7157
7191,7151
7192,7159
7135,7154
7167,7159
7371,7155
7133,7162
7369,7160
7183,7165
7111,7162
7252,7154
7100,7149
7265,7155
7069,7148
7232,7151
7318,7154
7154,7159
7303,7158
7242,7147
7150,7150
7313,7163
7222,7153
7158,7164
7286,7154
7242,7166
7339,7149
7181,7164
7313,7160
7232,7158
7205,7157
7338,7150
7166,7149
7254,7147
7308,7155
7233,7150
7364,7158
7198,7156
7215,7166
7128,7147
7215,7163
7367,7169
7243,7139
7377,7164
7320,7166
7342,7170
7341,7178
7357,7182
7479,7182
7437,7202
7490,7210
7495,7218
7503,7224
7477,7228
7450,7238
7609,7237
7524,7246
7532,7265
7456,7266
7571,7264
7513,7282
7544,7291
7555,7284
7637,7299
7521,7316
7622,7339
7548,7334
7606,7344
7638,7342
7654,7343
7601,7356
7647,7364
7618,7386
7604,7390
7721,7389
7616,7389
7640,7411
7575,7424
7598,7423
7659,7436
7654,7445
7725,7446
7703,7465
7699,7461
7726,7467
7721,7479
7700,7490
7769,7483
7688,7498
7681,7506
7820,7512
7655,7523
7805,7535
7882,7543
7718,7551
7745,7558
7693,7586
7723,7592
7707,7571
7740,7600
7804,7604
7741,7615
7690,7622
7763,7626
7825,7635
7744,7654
7759,7641
7847,7652
7865,7669
7864,7663
7789,7686
7830,7688
7843,7679
7931,7720
7874,7725
7765,7722
7821,7736
7908,7732
7932,7752
7922,7743
7923,7769
7801,7767
7811,7770
7892,7789
7910,7774
7917,7799
7912,7796
7934,7817
7906,7827
7895,7832
7862,7848
7881,7837
7918,7878
7970,7874
7948,7873
7981,7882
7993,7883
8018,7909
8061,7911
8061,7902
8043,7911
8036,7933
7941,7928
7941,7926
8008,7941
7943,7943
7874,7985
7935,7940
7879,7971
7858,7957
7840,7958
7840,7946
7822,7944
7839,7945
7843,7959
7807,7956
7814,7964
7832,7948
7822,7971
7867,7972
7823,7937
7854,7958
7851,7928
7783,7957
7807,7949
7781,7949
7814,7952
7805,7933
7824,7948
7804,7956
7804,7950
7780,7943
7811,7961
7805,7974
7766,7952
7808,7950
7782,7955
7792,7955
7764,7942
7746,7951
7761,7953
7751,7971
7768,7971
7789,7953
7792,7966
7782,7955
7793,7967
7806,7950
7828,7982
7793,7956
7810,7953
7833,7956
7970,7967
8014,7959
8120,7979
8208,7966
8362,7972
8337,7970
8403,7980
8395,8004
8452,7992
8461,7993
8473,8035
8500,8022
8469,8037
8415,8041
8439,8043
8447,8058
8437,8069
8427,8069
8419,8081
8416,8087
8491,8088
8521,8082
8547,8118
8553,8107
8505,8137
8384,8122
8454,8142
8426,8150
8612,8149
8574,8166
8617,8170
8575,8179
8540,8191
8541,8208
8611,8210
8656,8216
8668,8221
8611,8239
8578,8238
8651,8248
8697,8263
8637,8264
8543,8265
8567,8282
8670,8284
8666,8289
8552,8304
8618,8310
8695,8318
8670,8323
8545,8325
8544,8341
8738,8346
8548,8363
8673,8355
8672,8364
8727,8380
8582,8400
8782,8398
8714,8386
8646,8411
8679,8417
8712,8420
8665,8440
8672,8448
8674,8453
8647,8456
8817,8471
8784,8469
8755,8487
8666,8489
8760,8505
8927,8517
8700,8513
8831,8521
8880,8522
8834,8545
8831,8554
8746,8554
8859,8566
8724,8581
8909,8571
8782,8595
8818,8610
8760,8605
8837,8604
8847,8619
8900,8624
8871,8631
8883,8641
8891,8662
8959,8663
8887,8667
8912,8689
8818,8687
9007,8706
8813,8715
8928,8717
9000,8708
8907,8729
9020,8742
8776,8743
8839,8739
8657,8743
8824,8744
8875,8759
8723,8746
8804,8756
8622,8751
8636,8745
8706,8760
8557,8757
8710,8754
8611,8762
8773,8755
8687,8752
8637,8755
8706,8745
8542,8753
8627,8753
8581,8756
8610,8771
8788,8756
8649,8756
8750,8759
8732,8764
8627,8750
8691,8762
8684,8748
8718,8756
8790,8748
8650,8760
8771,8755
8646,8757
8743,8752
8570,8759
8578,8750
8775,8758
8614,8754
8739,8758
8698,8758
8657,8759
8785,8763
8649,8746
8678,8759
8623,8753
8626,8762
8766,8757
8649,8757
8783,8758
8698,8745
8631,8774
8730,8746
8617,8755
8650,8756
8599,8749
8672,8759
8760,8762
8639,8748
8840,8765
8752,8746
8574,8759
8729,8752
8615,8749
8824,8749
8741,8759
8664,8754
8700,8740
8639,8757
8737,8756
8619,8741
8598,8752
8723,8763
8643,8753
8755,8770
8668,8761
8743,8764
8798,8756
8538,8756
8704,8750
8586,8755
8666,8766
8754,8758
8658,8757
8707,8768
8694,8759
8584,8760
8715,8762
8609,8738
8728,8771
8646,8759
8665,8757
8734,8758
8654,8752
8816,8755
8609,8754
8607,8757
8637,8755
8667,8758
8762,8757
8737,8754
8678,8753
8735,8752
8607,8735
8769,8749
8632,8756
8563,8757
8809,8750
8602,8754
8732,8757
8705,8738
8754,8764
8720,8758
8593,8748
8640,8756
8652,8756
8676,8757
8716,8765
8712,8761
8810,8759
8691,8758
8589,8752
8626,8759
8580,8757
8859,8762
8587,8768
8731,8764
8771,8762
8574,8760
8876,8759
8641,8758
8513,8763
8726,8754
8629,8761
8718,8778
8694,8754
8637,8760
8738,8763
8593,8765
8785,8762
8570,8753
8684,8765
8787,8749
8608,8745
8772,8749
8729,8763
8715,8751
8760,8756
8637,8759
8654,8769
8689,8755
8691,8759
8734,8763
8715,8762
8812,8759
8626,8758
8634,8766
8600,8742
8694,8745
8817,8762
8526,8756
8682,8758
8755,8764
8543,8763
8814,8761
8595,8759
8606,8752
8631,8758
8508,8746
8782,8750
8679,8749
8856,8756
8803,8757
8560,8759
8788,8763
8642,8768
8642,8763
8686,8751
8646,8751
8716,8742
8681,8746
8730,8763
8672,8746
8607,8766
8647,8761
8596,8757
8688,8757
8709,8762
8574,8759
8801,8772
8642,8753
8562,8757
8641,8766
8545,8760
8765,8760
8734,8760
8667,8743
8754,8753
8686,8754
8750,8758
8624,8764
8652,8749
8746,8753
8710,8765
8816,8750
8695,8756
8733,8760
8723,8758
8572,8762
8705,8741
8622,8755
8673,8753
8778,8761
8672,8754
8781,8755
8630,8756
8627,8751
8638,8747
8622,8756
8699,8761
8580,8755
8703,8756
8738,8755
8565,8762
8791,8755
8610,8759
8649,8767
8626,8753
8645,8761
8868,8755
8753,8745
8789,8758
8745,8751
8613,8747
8828,8765
8626,8745
8631,8755
8804,8755
8622,8748
8711,8759
8697,8758
8770,8762
8697,8752
8564,8752
8728,8763
8645,8757
8716,8751
8726,8755
8732,8769
8808,8761
8629,8749
8605,8748
8596,8749
8548,8748
8802,8758
8572,8741
8683,8761
8793,8744
8639,8753
8806,8771
8652,8753
8653,8763
8681,8752
8673,8766
8702,8756
8642,8754
8728,8758
8672,8763
8659,8760
8720,8760
8594,8757
8676,8749
8766,8754
8615,8748
8802,8746
8622,8752
8825,8763
8709,8744
8584,8753
8697,8760
8594,8762
8722,8755
8733,8742
8697,8752
8809,8758
8646,8744
8639,8763
8662,8752
8720,8743
8863,8766
8618,8754
8800,8775
8779,8753
8574,8771
8766,8758
8571,8759
8593,8756
8614,8747
8575,8752
8744,8762
8713,8750
8796,8751
8762,8743
8528,8761
8741,8752
8608,8751
8708,8762
8750,8748
8665,8763
8745,8754
8623,8753
8766,8762
8680,8755
8620,8753
8747,8760
8632,8753
8717,8762
8778,8761
8783,8759
8879,8755
8652,8759
8645,8761
8691,8759
8659,8758
8743,8757
8587,8756
8628,8758
8766,8749
8697,8766
8713,8744
8625,8760
8660,8755
8654,8751
8638,8752
8827,8743
8615,8766
8835,8765
8650,8750
8525,8761
8769,8753
8586,8758
8701,8756
8746,8752
8690,8756
8752,8746
8592,8765
8721,8745
8725,8770
8683,8762
8736,8749
8657,8757
8728,8753
8721,8758
8744,8758
8735,8746
8666,8771
8740,8755
8592,8761
8716,8746
8820,8751
8600,8759
8792,8756
8687,8750
8541,8760
8698,8755
8574,8758
8722,8763
8550,8756
8638,8765
8800,8758
8603,8757
8771,8753
8673,8757
8614,8765
8688,8763
8609,8761
8717,8748
8712,8758
8833,8747
8806,8751
8551,8751
8815,8761
8677,8754
8638,8750
8778,8742
8587,8754
8681,8763
8787,8757
8641,8761
8725,8763
8653,8758
8665,8763
8666,8748
8683,8741
8803,8741
8670,8752
8753,8755
8629,8763
8641,8758
8694,8753
8565,8759
8705,8760
8601,8781
8691,8766
8716,8753
8534,8756
8698,8756
8552,8747
8599,8735
8432,8720
8403,8726
8675,8728
8459,8716
8633,8702
8507,8709
8323,8700
8466,8689
8312,8683
8506,8674
8427,8666
8433,8664
8384,8651
8360,8637
8357,8625
8379,8632
8356,8621
8291,8617
8275,8598
8304,8604
8249,8581
8367,8592
8283,8577
8357,8572
8281,8556
8174,8553
8281,8535
8360,8530
8295,8531
8123,8520
8262,8523
8264,8500
8272,8496
8264,8486
8266,8472
8300,8462
8222,8455
8325,8458
8314,8450
8267,8433
8316,8431
8211,8416
8279,8410
8297,8395
8268,8390
8251,8414
8296,8397
8206,8373
8216,8365
8234,8361
8130,8344
8178,8334
8409,8331
8349,8325
8287,8331
8003,8318
8184,8307
8124,8295
8059,8296
8090,8274
8143,8281
8171,8277
8082,8240
8081,8256
8142,8223
8163,8233
8098,8220
8039,8221
7989,8213
8075,8201
8133,8208
8087,8184
8034,8163
7955,8150
7995,8163
8105,8145
8142,8140
8153,8134
7993,8128
7976,8139
7993,8091
7977,8099
8007,8093
8068,8069
7997,8074
8117,8078
8106,8047
8052,8082
8000,8013
7953,8039
7965,8043
7928,8017
7922,8013
7893,8013
7928,8010
7851,7980
7889,8009
7999,7958
7989,7966
8050,7966
8037,7966
8016,7967
8043,7959
8072,7970
8106,7950
8047,7948
8109,7968
8118,7958
8105,7950
8149,7952
8111,7956
8132,7970
8147,7941
8198,7952
8171,7952
8148,7973
8165,7946
8192,7949
8160,7958
8164,7962
8162,7961
8156,7964
8176,7973
8166,7946
8148,7954
8146,7968
8185,7971
8183,7943
8160,7972
8180,7946
8174,7952
8178,7943
8159,7941
8176,7961
8164,7941
8212,7952
8179,7945
8185,7964
8137,7934
8183,7949
8150,7945
8144,7960
8209,7953
8116,7978
8161,7955
8153,7932
8099,7937
7998,7937
7917,7943
7762,7955
7697,7935
7652,7946
7619,7941
7467,7912
7407,7920
7524,7914
7451,7913
7393,7891
7437,7889
7426,7875
7422,7883
7438,7851
7465,7858
7453,7833
7507,7845
7488,7830
7440,7818
7405,7816
7320,7810
7323,7803
7325,7791
7325,7770
7430,7771
7373,7761
7417,7755
7314,7751
7323,7749
7307,7730
7352,7732
7391,7719
7363,7707
7358,7703
7283,7696
7288,7688
7379,7675
7428,7669
7339,7656
7256,7670
7304,7655
7372,7644
7337,7631
7278,7629
7321,7610
7266,7593
7485,7603
7107,7592
7276,7575
7269,7576
7106,7561
7225,7559
7267,7543
7213,7546
7080,7525
7240,7529
7253,7524
7137,7528
7201,7494
7254,7502
7134,7490
7152,7479
7178,7493
7084,7464
7174,7453
7103,7447
7118,7437
7175,7440
7139,7431
7187,7423
7198,7402
7072,7391
7214,7391
7131,7383
7164,7374
7078,7372
7199,7356
7176,7349
7022,7335
7185,7331
7087,7326
7147,7303
7061,7310
7053,7310
6950,7284
7077,7299
7020,7286
7034,7271
6987,7260
7025,7255
6919,7254
7064,7249
7060,7237
7007,7230
6951,7226
6882,7204
6973,7208
6894,7185
6974,7187
6946,7177
7032,7181
7103,7164
7116,7169
7136,7158
7052,7155
7205,7161
7121,7174
7185,7158
7108,7159
7154,7155
7379,7161
7115,7159
7367,7157
7196,7153
7088,7155
7139,7148
7071,7170
7350,7164
7269,7153
7252,7151
7302,7147
7179,7148
7255,7142
7245,7153
7145,7159
7314,7169
7144,7164
7292,7153
7302,7151
7292,7155
7387,7158
7149,7156
7199,7156
7209,7149
7218,7160
7249,7175
7262,7149
7270,7160
7255,7159
7159,7158
7252,7150
7123,7154
7315,7159
7151,7149
7263,7155
7222,7154
7098,7153
7255,7153
7171,7144
7166,7154
7211,7167
7134,7144
7250,7164
7300,7166
7165,7161
7270,7158
7116,7153
7309,7166
7087,7153
7112,7163
7293,7134
7103,7150
7314,7148
7218,7161
7292,7157
7263,7154
7112,7160
7207,7162
7184,7145
7209,7151
7333,7157
7187,7164
7392,7155
7211,7150
7162,7165
7225,7153
7123,7149
7252,7155
7140,7158
7194,7154
7209,7153
7298,7152
7171,7158
7262,7147
7223,7144
7220,7160
7169,7166
7360,7164
7192,7145
7347,7160
7233,7144
7139,7150
7304,7153
7091,7156
7143,7161
7363,7142
7133,7154
7291,7152
7271,7154
7260,7160
7270,7158
7121,7159
7281,7153
7138,7149
7277,7163
7244,7162
7181,7153
7324,7163
7179,7159
7091,7152
7188,7151
7159,7185
7257,7158
7145,7146
7246,7155
7238,7150
7149,7154
7294,7141
7111,7161
7088,7169
7186,7152
7163,7159
7212,7157
7249,7156
7205,7155
7237,7144
7126,7166
7285,7163
7170,7150
7245,7169
7366,7148
7210,7160
7383,7152
7178,7150
7394,7164
7220,7153
7113,7163
7250,7153
7114,7151
7204,7153
7336,7156
7150,7159
7247,7153
7312,7151
7181,7161
7294,7152
7165,7147
7274,7153
7098,7154
7234,7159
7179,7148
7188,7164
7289,7143
7159,7151
7185,7155
7201,7147
7116,7159
7284,7160
7250,7153
7248,7163
7305,7150
7080,7158
7345,7148
7141,7162
7265,7169
7195,7142
7218,7168
7315,7151
7182,7149
7276,7160
7195,7146
7215,7160
7180,7150
7207,7147
7269,7158
7194,7152
7216,7147
7242,7150
7098,7154
7200,7155
7137,7155
7129,7150
7269,7161
7087,7152
7255,7160
7306,7153
7127,7150
7348,7152
7208,7147
7232,7167
7130,7148
7162,7158
7300,7156
7149,7147
7356,7152
7155,7162
7085,7164
7223,7154
7110,7153
7227,7155
7292,7146
7195,7157
7264,7159
7246,7148
7236,7144
7191,7149
7082,7167
7378,7157
7186,7152
7211,7155
7201,7140
7258,7152
7252,7153
7202,7143
7186,7149
7121,7151
7150,7138
7295,7164
7226,7149
7356,7161
7295,7156
7095,7150
7314,7149
7111,7162
7218,7155
7332,7150
7176,7168
7259,7144
7155,7147
7286,7159
7199,7142
7138,7149
7213,7157
7336,7151
7239,7160
7183,7155
7191,7161
7243,7151
7233,7157
7180,7155
7204,7153
7202,7151
7280,7156
7097,7148
7226,7160
7214,7139
7167,7156
7234,7154
7096,7158
7208,7167
7111,7161
7171,7156
7344,7157
7094,7157
7326,7164
7101,7155
7059,7167
7200,7155
7053,7150
7258,7152
7278,7159
7190,7151
7230,7156
7185,7148
7317,7157
7102,7158
7099,7154
7304,7155
7194,7150
7186,7146
7312,7156
7159,7154
7371,7160
7287,7158
7155,7165
7237,7149
7151,7141
7305,7143
7117,7153
7316,7164
7310,7161
7098,7162
7266,7151
7073,7157
7326,7161
7093,7154
7194,7162
7239,7154
7148,7154
7307,7165
7167,7148
7151,7147
7239,7150
7237,7157
7160,7150
7225,7162
7187,7151
7286,7150
7198,7148
7255,7149
7188,7153
7179,7159
7343,7158
7143,7153
7378,7154
7271,7148
7243,7157
7303,7163
7130,7147
7132,7159
7165,7151
7157,7148
7349,7136
7140,7153
7301,7160
7190,7146
7138,7150
7143,7153
7102,7158
7240,7161
7165,7168
7200,7145
7169,7148
7162,7153
7232,7151
7187,7155
7173,7170
7244,7158
7209,7147
7278,7151
7335,7147
7235,7157
7397,7155
7150,7159
7325,7160
7186,7154
7152,7171
7326,7155
7155,7161
7320,7155
7263,7144
7323,7156
7283,7146
7071,7154
7279,7144
7100,7155
7134,7160
7317,7152
7100,7171
7308,7162
7277,7138
7164,7158
7281,7143
7185,7154
7280,7151
7164,7145
7163,7156
7303,7152
7262,7149
7315,7150
7217,7164
7125,7158
7282,7150
7230,7170
7333,7146
7271,7155
7251,7156
7325,7155
7138,7151
7325,7145
7164,7152
7149,7168
7424,7147
7120,7152
7375,7134
7164,7141
7285,7151
7182,7162
7101,7145
7248,7156
7110,7157
7162,7152
7191,7157
7208,7148
7261,7159
7233,7151
7200,7147
7191,7148
7179,7162
7265,7150
7125,7162
7275,7151
7362,7164
7131,7160
7364,7149
7206,7146
7101,7152
7284,7155
7168,7136
7253,7158
7248,7156
7266,7152
7312,7154
7193,7167
7318,7159
7208,7174
7377,7166
7414,7159
7408,7178
7522,7174
7466,7184
7483,7182
7422,7187
7473,7209
7494,7219
7480,7228
7531,7223
7449,7232
7594,7237
7468,7260
7578,7260
7555,7270
7556,7267
7550,7281
7598,7282
7538,7282
7636,7297
7562,7316
7592,7322
7542,7330
7679,7340
7632,7343
7622,7339
7625,7371
7635,7364
7596,7371
7625,7388
7741,7405
7630,7402
7626,7411
7601,7416
7682,7423
7633,7436
7604,7442
7699,7449
7724,7454
7707,7462
7756,7473
7650,7487
7709,7488
7726,7494
7696,7512
7762,7517
7788,7517
7737,7536
7665,7549
7708,7546
7704,7558
7673,7572
7768,7569
7761,7581
7709,7584
7863,7584
7797,7595
7771,7612
7740,7618
7855,7636
7837,7635
7769,7634
7742,7657
7843,7650
7860,7673
7827,7680
7728,7695
7828,7690
7855,7696
7927,7705
7784,7713
7807,7732
7820,7735
7883,7738
7913,7749
7926,7727
7871,7758
7774,7772
7807,7773
7872,7781
7923,7801
7940,7810
7965,7822
7954,7828
7931,7847
7917,7846
7875,7854
7877,7873
7894,7844
7961,7883
7964,7862
7989,7881
7997,7882
8009,7909
8042,7899
8027,7937
8074,7939
8024,7948
8025,7943
7922,7932
7932,7948
7948,7938
7872,7948
7897,7942
7892,7961
7862,7976
7871,7939
7894,7940
7828,7946
7888,7948
7846,7933
7800,7957
7792,7959
7805,7943
7823,7952
7825,7958
7828,7955
7822,7943
7793,7964
7792,7974
7803,7958
7778,7953
7828,7955
7802,7959
7784,7951
7771,7969
7798,7957
7778,7945
7804,7957
7810,7944
7794,7972
7766,7957
7781,7970
7805,7946
7787,7949
7784,7965
7785,7951
7762,7937
7782,7956
7792,7947
7808,7967
7786,7947
7792,7929
7803,7954
7828,7961
7827,7951
7797,7941
7876,7948
7941,7965
8024,7979
8175,7976
8265,7966
8343,7980
8388,7975
8398,7998
8426,7992
8437,7991
8466,8003
8492,8030
8497,8030
8474,8042
8481,8039
8437,8035
8440,8056
8383,8060
8397,8077
8402,8091
8399,8105
8496,8100
8548,8093
8551,8117
8593,8130
8536,8156
8478,8143
8471,8149
8445,8158
8561,8167
8595,8168
8639,8172
8596,8179
8590,8191
8541,8201
8662,8211
8684,8221
8652,8201
8574,8240
8601,8239
8654,8244
8673,8250
8654,8257
8577,8271
8608,8284
8718,8283
8662,8287
8592,8312
8603,8308
8729,8319
8629,8316
8495,8345
8654,8334
8790,8353
8588,8357
8687,8353
8781,8376
8680,8383
8726,8386
8715,8396
8657,8418
8639,8425
8698,8437
8682,8434
8702,8443
8774,8436
8629,8461
8737,8470
8789,8482
8688,8470
8720,8487
8711,8493
8639,8496
8830,8508
8717,8518
8827,8525
8789,8525
8910,8552
8877,8534
8753,8559
8791,8569
8780,8571
8892,8573
8775,8587
8850,8599
8800,8613
8917,8607
8861,8628
8910,8632
8830,8638
8984,8642
8814,8657
8925,8674
8904,8663
8950,8680
8885,8685
8986,8692
8979,8703
8891,8720
8955,8734
8842,8731
8815,8733
8835,8734
8846,8740
8795,8745
8609,8750
8756,8759
8589,8752
8786,8755
8854,8750
8616,8758
8790,8757
8699,8757
8751,8752
8686,8750
8613,8774
8773,8745
8642,8763
8779,8748
8790,8755
8672,8746
8774,8755
8600,8754
8689,8759
8652,8756
8684,8758
8669,8760
8614,8751
8734,8773
8656,8758
8628,8754
8697,8752
8586,8758
8696,8747
8547,8752
8689,8756
8740,8761
8560,8746
8762,8768
8652,8752
8606,8755
8637,8753
8487,8745
8656,8756
8797,8755
8692,8763
8743,8755
8646,8760
8789,8756
8642,8745
8608,8763
8870,8762
8647,8760
8824,8776
8721,8752
8752,8764
8813,8754
8585,8756
8609,8759
8679,8755
8620,8753
8836,8754
8621,8759
8798,8757
8726,8751
8605,8768
8632,8760
8603,8751
8797,8762
8651,8758
8772,8755
8706,8745
8501,8755
8842,8759
8590,8749
8601,8767
8637,8753
8558,8748
8801,8769
8804,8759
8721,8760
8761,8751
8576,8755
8753,8762
8559,8773
8584,8755
8720,8760
8591,8749
8688,8757
8658,8759
8795,8769
8714,8750
8533,8762
8683,8754
8605,8752
8746,8750
8793,8750
8603,8764
8796,8753
8668,8743
8567,8751
8687,8759
8492,8762
8701,8782
8777,8760
8699,8756
8768,8753
8665,8766
8771,8758
8637,8749
8693,8759
8794,8766
8691,8760
8791,8760
8693,8754
8741,8752
8723,8756
8564,8760
8719,8754
8540,8757
8652,8772
8864,8737
8640,8759
8789,8755
8654,8742
8608,8756
8710,8744
8601,8745
8748,8749
8665,8748
8777,8760
8814,8755
8620,8749
8850,8749
8616,8748
8619,8762
8667,8761
8594,8755
8819,8760
8820,8754
8735,8766
8764,8757
8638,8752
8809,8765
8650,8756
8650,8761
8715,8749
8609,8762
8742,8753
8750,8766
8697,8762
8689,8753
8569,8760
8754,8735
8554,8739
8704,8753
8713,8754
8689,8755
8749,8758
8574,8758
8628,8757
8619,8744
8627,8759
8790,8755
8561,8753
8818,8766
8772,8763
8563,8758
8849,8768
8668,8764
8618,8764
8666,8761
8662,8756
8722,8749
8736,8761
8744,8759
8663,8758
8605,8759
8675,8746
8621,8751
8661,8758
8783,8755
8618,8767
8725,8757
8675,8756
8722,8757
8682,8757
8556,8759
8728,8742
8601,8752
8626,8753
8734,8754
8636,8762
8735,8754
8637,8759
8617,8756
8652,8758
8604,8756
8790,8755
8665,8750
8769,8751
8781,8763
8612,8762
8828,8736
8648,8754
8632,8754
8621,8754
8604,8763
8755,8759
8771,8758
8671,8756
8756,8750
8597,8752
8787,8761
8569,8756
8699,8761
8807,8759
8640,8763
8725,8755
8644,8766
8767,8752
8719,8754
8614,8755
8727,8762
8572,8753
8742,8757
8761,8759
8727,8768
8835,8750
8606,8763
8581,8754
8715,8746
8593,8763
8806,8768
8643,8746
8771,8780
8735,8751
8636,8763
8779,8751
8677,8754
8726,8768
8645,8746
8639,8756
8766,8757
8686,8763
8764,8765
8691,8756
8551,8761
8730,8760
8571,8751
8660,8749
8758,8764
8643,8754
8799,8750
8670,8758
8796,8756
8688,8749
8563,8746
8734,8755
8664,8747
8772,8759
8755,8757
8719,8754
8839,8762
8642,8744
8630,8761
8672,8753
8614,8753
8796,8762
8590,8756
8767,8760
8723,8755
8542,8753
8862,8751
8584,8759
8684,8754
8586,8741
8688,8757
8774,8757
8697,8746
8786,8761
8695,8757
8594,8753
8680,8747
8583,8760
8676,8765
8715,8755
8696,8764
8853,8752
8588,8746
8876,8757
8636,8750
8581,8753
8846,8758
8600,8755
8776,8758
8795,8764
8610,8756
8826,8747
8685,8748
8649,8766
8698,8753
8631,8760
8766,8757
8576,8754
8716,8758
8692,8754
8586,8744
8667,8757
8562,8752
8699,8757
8563,8758
8613,8753
8729,8758
8666,8755
8733,8752
8641,8770
8531,8759
8760,8755
8651,8763
8735,8740
8721,8756
8686,8764
8756,8753
8592,8747
8672,8758
8619,8755
8627,8749
8818,8755
8653,8755
8790,8759
8771,8752
8614,8765
8787,8760
8621,8759
8748,8750
8592,8762
8659,8759
8790,8758
8667,8747
8811,8752
8688,8774
8546,8753
8746,8762
8618,8746
8698,8775
8716,8751
8646,8763
8684,8755
8623,8763
8835,8751
8630,8752
8663,8758
8817,8747
8640,8754
8768,8763
8701,8759
8656,8747
8797,8750
8612,8760
8612,8757
8666,8757
8576,8761
8772,8755
8584,8754
8843,8755
8741,8755
8574,8765
8700,8761
8601,8757
8780,8756
8556,8759
8679,8757
8775,8758
8630,8751
8790,8752
8644,8756
8538,8753
8740,8757
8528,8750
8660,8755
8765,8755
8647,8743
8756,8772
8685,8769
8759,8761
8699,8762
8672,8763
8675,8756
8695,8754
8727,8760
8697,8765
8737,8753
8706,8755
8684,8749
8691,8759
8637,8755
8662,8755
8772,8764
8702,8762
8838,8756
8640,8764
8528,8765
8677,8745
8590,8749
8695,8748
8510,8748
8541,8750
8650,8746
8394,8747
8646,8734
8427,8734
8443,8729
8409,8719
8377,8714
8556,8701
8387,8703
8504,8690
8379,8680
8326,8666
8379,8658
8323,8656
8391,8658
8371,8638
8318,8629
8339,8627
8348,8616
8326,8608
8343,8607
8268,8604
8336,8592
8287,8584
8291,8575
8260,8547
8238,8558
8347,8549
8234,8538
8363,8535
8236,8518
8206,8523
8283,8507
8254,8502
8309,8484
8166,8481
8399,8466
8332,8465
8282,8461
8421,8445
8315,8441
8250,8444
8314,8420
8285,8415
8232,8407
8259,8410
8227,8385
8262,8386
8240,8379
8231,8365
8182,8359
8304,8352
8056,8343
8228,8344
8442,8316
8481,8326
8137,8309
8114,8310
8314,8306
8213,8288
8131,8294
8069,8282
8184,8258
8132,8253
8080,8248
8010,8243
8117,8230
8127,8215
8106,8216
8017,8213
8050,8193
8129,8199
8129,8180
8081,8184
8075,8175
7971,8163
7974,8143
8116,8147
8165,8131
8135,8139
8086,8135
8044,8115
7996,8100
7981,8088
8046,8065
8089,8075
8038,8067
8087,8057
8047,8071
8041,8047
8004,8025
7981,8029
7957,8031
7938,8002
7924,8004
7891,7997
7915,7999
7935,7990
7921,7985
7932,7985
8010,7965
8042,7973
8080,7958
8007,7987
8073,7945
8097,7952
8092,7965
8101,7952
8100,7963
8113,7950
8123,7952
8136,7943
8139,7975
8137,7946
8162,7972
8159,7969
8154,7955
8200,7973
8145,7952
8148,7949
8165,7961
8162,7979
8193,7960
8171,7957
8173,7949
8138,7964
8145,7956
8166,7940
8166,7975
8165,7972
8190,7947
8177,7954
8178,7976
8189,7957
8157,7942
8196,7963
8153,7958
8163,7946
8156,7946
8149,7959
8165,7969
8172,7943
8140,7952
8151,7965
8144,7991
8120,7960
8146,7954
8143,7957
8054,7949
8000,7950
7888,7910
7775,7951
7694,7941
7554,7937
7510,7919
7518,7924
7454,7921
7463,7911
7432,7909
7431,7894
7429,7880
7402,7865
7438,7852
7423,7852
7448,7859
7459,7847
7488,7827
7469,7819
7455,7826
7387,7804
7352,7792
7326,7807
7334,7788
7423,7793
7447,7776
7386,7764
7416,7754
7365,7748
7305,7746
7333,7754
7376,7722
7427,7710
7391,7715
7337,7701
7297,7701
7323,7677
7379,7677
7348,7664
7287,7650
7269,7653
7322,7652
7381,7649
7350,7621
7240,7614
7326,7607
7249,7614
7291,7598
7078,7587
7231,7581
7257,7584
7076,7562
7322,7550
7195,7554
7259,7538
7211,7538
7204,7522
7227,7523
7143,7502
7165,7496
7188,7492
7117,7481
7159,7495
7199,7481
7057,7459
7228,7455
7086,7451
7108,7432
7178,7418
7090,7411
7186,7421
7083,7414
7215,7404
7149,7392
7065,7381
7257,7370
7045,7366
7121,7355
7105,7355
7139,7338
7110,7335
7036,7319
7105,7323
7106,7295
7074,7304
7019,7291
7069,7294
7079,7275
7062,7268
6973,7243
7046,7260
6943,7242
7035,7229
6986,7233
6970,7225
7018,7216
6897,7201
6971,7190
6951,7197
7016,7188
7025,7174
7117,7180
7056,7173
7124,7170
7227,7149
7006,7156
7173,7168
7166,7161
7127,7155
7201,7145
7070,7154
7217,7163
7038,7157
7158,7162
7348,7154
7104,7172
7268,7151
7045,7146
7088,7151
7247,7163
7094,7147
7229,7148
7282,7161
7283,7158
7394,7155
7178,7157
7382,7167
7236,7154
7212,7153
7311,7158
7144,7162
7307,7160
7397,7158
7267,7151
7314,7163
7243,7151
7178,7155
7239,7157
7163,7146
7329,7161
7155,7155
7284,7153
7215,7163
7174,7156
7296,7156
7071,7159
7181,7160
7112,7154
7246,7155
7213,7155
7184,7158
7255,7146
7282,7154
7168,7150
7279,7163
7113,7174
7226,7161
7219,7145
7227,7159
7240,7157
7101,7150
7258,7142
7165,7150
7201,7148
7340,7161
7091,7163
7322,7146
7306,7156
7281,7154
7390,7160
7173,7151
7203,7165
7130,7149
7168,7157
7366,7159
7202,7154
7261,7162
7169,7156
7071,7156
7285,7163
7178,7142
7209,7157
7222,7146
7317,7161
7246,7146
7211,7150
7274,7153
7251,7152
7187,7150
7149,7160
7100,7154
7274,7149
7375,7140
7230,7149
7324,7147
7169,7147
7296,7158
7120,7148
7190,7154
7387,7155
7169,7168
7406,7152
7172,7144
7259,7147
7223,7154
7083,7158
7218,7143
7078,7148
7183,7156
7294,7162
7163,7166
7223,7160
7222,7156
7122,7163
7285,7149
7172,7155
7098,7158
7147,7155
7234,7150
7257,7152
7146,7150
7255,7157
7174,7166
7217,7160
7055,7157
7102,7149
7327,7155
7286,7148
7297,7157
7308,7154
7125,7162
7312,7157
7132,7149
7192,7149
7339,7158
7199,7155
7275,7164
7118,7158
7282,7160
7207,7153
7131,7148
7173,7164
7192,7163
7207,7143
7262,7156
7206,7154
7266,7151
7180,7159
7091,7164
7200,7154
7090,7159
7263,7159
7126,7164
7308,7156
7329,7157
7095,7157
7288,7164
7160,7152
7180,7162
7298,7148
7170,7163
7349,7161
7220,7152
7290,7160
7181,7146
7162,7153
7254,7145
7048,7162
7182,7174
7299,7148
7168,7146
7233,7168
7164,7167
7185,7159
7219,7141
7081,7152
7196,7158
7046,7158
7325,7155
7284,7168
7116,7162
7272,7159
7226,7147
7154,7152
7219,7151
7162,7152
7283,7153
7297,7158
7283,7145
7304,7148
7067,7149
7292,7153
7103,7153
7241,7158
7307,7144
7167,7156
7299,7163
7211,7164
7263,7164
7231,7147
7153,7155
7223,7164
7169,7151
7196,7147
7186,7152
7284,7158
7257,7142
7137,7155
7219,7158
7184,7156
7153,7165
7287,7155
7205,7146
7246,7160
7312,7145
7079,7158
7335,7155
7188,7159
7158,7150
7178,7144
7155,7156
7323,7151
7260,7157
7297,7151
7282,7142
7157,7163
7209,7158
7076,7155
7175,7157
7278,7154
7148,7161
7219,7154
7181,7152
7221,7145
7216,7147
7199,7149
7237,7153
7161,7154
7309,7135
7244,7152
7282,7158
7271,7148
7274,7148
7105,7155
7271,7164
7104,7157
7207,7151
7159,7157
7230,7158
7271,7153
7120,7154
7264,7129
7144,7153
7281,7152
7082,7166
7243,7161
7315,7150
7134,7160
7294,7159
7187,7156
7105,7157
7228,7151
7137,7148
7117,7148
7265,7153
7250,7145
7256,7159
7227,7159
7348,7158
7243,7151
7142,7161
7250,7158
7175,7149
7225,7153
7281,7155
7222,7157
7316,7174
7184,7158
7198,7152
7179,7161
7121,7160
7236,7147
7200,7159
7332,7155
7263,7153
7128,7155
7207,7158
7110,7154
7268,7149
7078,7149
7222,7157
7256,7161
7236,7153
7175,7155
7178,7159
7227,7159
7142,7157
7150,7152
7265,7164
7287,7164
7147,7156
7325,7152
7131,7161
7416,7158
7207,7150
7105,7159
7256,7180
7060,7137
7245,7157
7366,7148
7207,7152
7301,7160
7090,7158
7201,7159
7128,7147
7201,7159
7253,7144
7140,7142
7290,7163
7222,7168
7134,7151
7225,7150
7193,7150
7299,7154
7205,7146
7242,7161
7262,7153
7230,7159
7294,7147
7257,7153
7175,7154
7289,7155
7150,7146
7262,7148
7249,7146
7252,7157
7278,7151
7167,7159
7335,7155
7157,7150
7140,7155
7349,7155
7185,7153
7365,7145
7268,7153
7303,7154
7209,7156
7094,7158
7209,7161
7075,7158
7208,7156
7271,7146
7165,7157
7219,7138
7285,7162
7239,7153
7247,7155
7221,7161
7217,7157
7287,7157
7169,7171
7231,7158
7162,7149
7341,7154
7108,7155
7146,7156
7179,7160
7069,7161
7316,7161
7369,7153
7228,7155
7372,7148
7150,7149
7336,7152
7177,7150
7220,7156
7304,7152
7184,7156
7306,7163
7225,7161
7314,7162
7217,7153
7189,7159
7308,7161
7225,7161
7252,7153
7250,7155
7183,7147
7275,7156
7288,7168
7078,7161
7313,7155
7113,7158
7198,7148
7126,7161
7193,7152
7322,7156
7216,7166
7308,7157
7243,7152
7180,7164
7249,7150
7186,7153
7354,7161
7257,7159
7425,7167
7367,7157
7337,7168
7389,7168
7309,7172
7482,7178
7524,7178
7435,7192
7413,7209
7499,7213
7466,7213
7429,7225
7478,7231
7593,7232
7558,7245
7535,7254
7518,7269
7614,7264
7525,7274
7575,7282
7615,7307
7554,7295
7612,7292
7608,7320
7534,7329
7582,7334
7651,7344
7643,7352
7667,7361
7608,7366
7649,7370
7566,7392
7640,7396
7657,7397
7679,7411
7755,7410
7605,7416
7645,7434
7608,7444
7681,7446
7793,7452
7707,7461
7680,7475
7723,7480
7696,7489
7753,7483
7720,7505
7704,7510
7745,7527
7725,7525
7609,7533
7802,7552
7666,7552
7794,7558
7686,7564
7799,7569
7641,7592
7716,7581
7861,7595
7814,7615
7686,7617
7819,7616
7863,7640
7830,7635
7747,7661
7777,7649
7850,7661
7849,7676
7799,7669
7799,7678
7816,7695
7850,7698
7847,7708
7820,7715
7805,7717
7836,7736
7916,7767
7959,7762
7944,7751
7806,7780
7766,7780
7869,7778
7877,7776
7913,7798
7984,7818
7961,7813
7920,7817
7900,7825
7889,7824
7869,7866
7914,7855
7944,7858
7991,7876
8006,7876
8014,7870
7991,7888
7992,7892
8054,7917
8069,7926
8027,7914
7967,7914
7945,7935
7944,7934
7933,7938
7869,7939
7922,7946
7887,7957
7860,7955
7873,7946
7838,7952
7880,7959
7819,7949
7812,7957
7851,7956
7840,7969
7839,7934
7802,7960
7802,7931
7818,7948
7803,7939
7798,7974
7813,7961
7795,7951
7791,7963
7796,7967
7794,7961
7808,7945
7782,7961
7798,7951
7781,7957
7791,7940
7826,7954
7810,7959
7795,7944
7756,7974
7775,7965
7767,7945
7786,7957
7767,7963
7749,7947
7782,7949
7793,7976
7801,7955
7788,7952
7785,7941
7791,7942
7853,7966
7824,7953
7837,7958
7857,7953
7884,7962
7977,7935
8072,7957
8195,7970
8223,7958
8378,7984
8362,7990
8397,7994
8427,8002
8497,7999
8490,8009
8468,8017
8470,8035
8461,8053
8491,8050
8437,8072
8429,8065
8438,8055
8401,8071
8411,8077
8478,8080
8507,8089
8530,8112
8546,8110
8517,8118
8569,8127
8451,8132
8414,8142
8520,8158
8592,8164
8689,8179
8585,8180
8562,8195
8545,8190
8540,8199
8665,8210
8658,8227
8652,8230
8568,8246
8594,8245
8667,8252
8686,8248
8627,8273
8547,8274
8646,8285
8669,8286
8652,8311
8583,8302
8685,8300
8645,8323
8615,8329
8487,8352
8710,8354
8759,8354
8515,8359
8594,8367
8665,8382
8671,8398
8668,8397
8752,8419
8712,8407
8650,8421
8730,8419
8647,8435
8686,8449
8823,8453
8673,8458
8689,8463
8731,8482
8685,8478
8769,8492
8726,8518
8797,8501
8689,8523
8721,8515
8861,8536
8697,8530
8811,8540
8761,8559
8854,8569
8784,8561
8780,8585
8859,8597
8812,8597
8820,8610
8790,8611
8872,8618
8910,8631
8886,8648
8857,8646
8895,8648
8954,8656
8924,8666
8895,8668
8894,8684
8997,8688
8880,8700
8965,8705
8910,8713
8957,8727
8890,8738
8797,8733
8839,8739
8739,8738
8938,8756
8693,8739
8806,8751
8686,8747
8634,8760
8729,8744
8628,8748
8672,8754
8786,8757
8705,8757
8844,8753
8610,8755
8628,8757
8716,8740
8706,8746
8700,8751
8654,8752
8744,8758
8698,8762
8602,8758
8733,8763
8622,8748
8631,8755
8549,8760
8624,8755
8801,8761
8711,8750
8713,8752
8694,8753
8557,8760
8670,8747
8535,8755
8657,8756
8670,8758
8710,8760
8688,8765
8634,8751
8706,8762
8614,8762
8582,8758
8781,8758
8612,8755
8761,8758
8801,8765
8783,8756
8912,8764
8584,8763
8667,8766
8646,8760
8663,8754
8746,8745
8601,8747
8723,8761
8699,8753
8688,8757
8753,8763
8619,8755
8659,8751
8625,8756
8621,8756
8821,8758
8597,8756
8781,8756
8647,8755
8633,8762
8700,8760
8583,8761
8698,8760
8809,8764
8610,8761
8781,8758
8566,8753
8770,8767
8726,8751
8612,8758
8804,8755
8623,8761
8767,8755
8725,8735
8741,8751
8744,8752
8611,8757
8693,8752
8578,8758
8666,8763
8840,8763
8614,8753
8764,8766
8691,8753
8587,8770
8751,8759
8526,8755
8666,8749
8567,8762
8694,8758
8793,8759
8677,8750
8750,8774
8711,8748
8611,8758
8714,8765
8569,8776
8733,8752
8697,8751
8776,8752
8812,8752
8592,8757
8815,8754
8674,8757
8640,8769
8763,8764
8585,8762
8728,8751
8725,8769
8676,8754
8760,8759
8663,8758
8660,8760
8595,8746
8705,8774
8852,8758
8683,8765
8774,8758
8623,8756
8692,8756
8643,8766
8573,8753
8725,8767
8593,8760
8731,8758
8817,8750
8595,8764
8764,8757
8660,8756
8578,8764
8740,8763
8613,8758
8774,8756
8758,8750
8690,8749
8771,8771
8701,8768
8718,8765
8676,8758
8704,8760
8723,8751
8650,8753
8685,8763
8685,8760
8730,8768
8702,8753
8597,8767
8709,8767
8552,8751
8752,8763
8899,8747
8600,8765
8805,8760
8658,8757
8663,8758
8725,8743
8532,8751
8645,8758
8672,8746
8731,8752
8792,8752
8576,8758
8818,8747
8563,8756
8602,8752
8650,8738
8565,8759
8770,8766
8713,8749
8721,8760
8839,8769
8662,8758
8759,8750
8619,8757
8624,8759
8778,8742
8584,8758
8769,8759
8685,8760
8700,8760
8680,8745
8583,8763
8643,8763
8597,8764
8717,8762
8783,8754
8634,8761
8772,8750
8636,8757
8612,8756
8753,8749
8583,8759
8859,8748
8549,8755
8750,8755
8790,8756
8564,8749
8794,8759
8659,8760
8618,8758
8742,8765
8651,8751
8781,8769
8743,8759
8790,8750
8723,8756
8628,8756
8753,8769
8536,8764
8753,8734
8833,8756
8641,8755
8791,8752
8722,8755
8585,8754
8711,8753
8590,8758
8770,8762
8494,8762
8704,8762
8789,8752
8643,8780
8832,8752
8631,8761
8658,8763
8654,8757
8626,8755
8763,8766
8774,8760
8803,8745
8756,8767
8603,8752
8752,8761
8575,8758
8670,8763
8782,8765
8627,8765
8716,8748
8639,8742
8765,8765
8699,8755
8610,8750
8670,8761
8550,8753
8674,8751
8815,8754
8607,8763
8738,8753
8686,8760
8654,8761
8644,8759
8557,8753
8765,8751
8603,8757
8770,8749
8739,8759
8584,8755
8763,8743
8630,8750
8610,8757
8691,8743
8635,8750
8796,8755
8757,8754
8759,8751
8762,8755
8635,8761
8757,8754
8586,8761
8755,8765
8769,8753
8698,8758
8764,8757
8595,8747
8788,8755
8767,8754
8555,8747
8750,8764
8505,8756
8751,8759
8865,8748
8673,8764
8858,8745
8739,8751
8640,8759
8675,8756
8576,8756
8687,8761
8594,8750
8733,8755
8704,8752
8583,8755
8771,8755
8610,8760
8680,8767
8623,8757
8693,8762
8816,8770
8654,8755
8813,8762
8732,8766
8604,8762
8720,8756
8541,8757
8700,8758
8784,8759
8697,8760
8788,8752
8692,8756
8797,8759
8631,8746
8605,8758
8819,8739
8597,8757
8724,8756
8757,8749
8724,8759
8747,8743
8584,8754
8649,8757
8652,8757
8569,8752
8842,8764
8582,8753
8760,8759
8745,8761
8560,8752
8791,8753
8609,8750
8629,8754
8651,8756
8674,8751
8687,8754
8655,8778
8701,8768
8677,8756
8620,8743
8596,8758
8599,8754
8771,8755
8821,8751
8655,8757
8763,8770
8656,8757
8780,8762
8673,8752
8597,8766
8676,8756
8646,8754
8691,8761
8730,8752
8728,8750
8756,8763
8604,8760
8671,8759
8599,8771
8667,8751
8834,8767
8608,8752
8812,8741
8666,8738
8501,8762
8746,8752
8586,8754
8626,8761
8594,8758
8655,8764
8832,8757
8774,8749
8763,8757
8857,8755
8624,8754
8693,8767
8639,8764
8723,8761
8751,8755
8648,8763
8677,8761
8663,8760
8721,8747
8640,8771
8660,8755
8744,8748
8636,8761
8725,8767
8702,8754
8822,8761
8727,8760
8577,8750
8686,8762
8613,8753
8682,8762
8755,8753
8592,8764
8763,8750
8635,8753
8524,8754
8652,8751
8454,8758
8639,8755
8474,8732
8633,8739
8579,8722
8313,8713
8613,8723
8358,8711
8387,8706
8477,8685
8330,8678
8566,8666
8283,8673
8550,8658
8463,8666
8351,8650
8333,8635
8342,8621
8344,8610
8329,8627
8276,8610
8341,8597
8266,8591
8352,8584
8271,8563
8313,8557
8270,8564
8299,8547
8247,8550
8310,8534
8258,8535
8162,8525
8247,8496
8355,8497
8210,8483
8251,8487
8212,8475
8386,8463
8283,8475
8319,8457
8303,8451
8223,8438
8364,8428
8281,8409
8233,8426
8290,8412
8244,8404
8252,8396
8279,8406
8286,8374
8206,8367
8237,8362
8275,8335
8142,8347
8340,8328
8437,8329
8384,8323
8012,8308
8279,8297
8208,8293
8124,8296
8041,8284
8147,8278
8148,8263
8107,8287
8008,8264
8105,8238
8134,8240
8108,8216
8083,8210
8011,8218
8092,8204
8143,8183
8121,8179
8069,8169
7975,8172
8009,8171
8061,8162
8163,8143
8120,8130
8015,8124
8033,8109
7972,8124
7986,8108
8000,8089
8045,8097
8037,8086
8065,8070
8049,8077
8076,8041
8001,8029
8016,8047
7969,8037
7909,8023
7932,8021
7911,8003
7901,8004
7929,7966
7937,7978
8078,7964
8013,7972
7996,7961
8005,7944
8032,7957
8028,7967
8019,7956
8130,7970
8058,7968
8095,7978
8100,7944
8118,7967
8127,7974
8141,7960
8168,7955
8162,7952
8155,7959
8168,7951
8169,7962
8144,7954
8134,7947
8158,7974
8182,7958
8153,7960
8198,7969
8179,7956
8179,7963
8195,7943
8163,7968
8174,7938
8166,7955
8187,7966
8177,7953
8188,7967
8148,7964
8208,7941
8161,7957
8156,7962
8188,7946
8166,7966
8181,7969
8162,7967
8160,7967
8150,7956
8121,7956
8132,7956
8134,7960
8167,7934
8131,7956
8119,7970
8040,7959
7980,7956
7823,7940
7671,7929
7562,7933
7635,7928
7520,7925
7491,7932
7451,7914
7432,7907
7438,7888
7416,7891
7459,7873
7418,7881
7425,7868
7451,7859
7437,7846
7458,7843
7469,7836
7460,7824
7441,7824
7354,7825
7332,7805
7361,7793
7292,7790
7414,7777
7381,7767
7400,7771
7415,7754
7331,7735
7300,7735
7312,7724
7383,7706
7423,7712
7394,7718
7325,7702
7320,7692
7342,7684
7400,7673
7304,7668
7307,7659
7285,7652
7330,7643
7325,7642
7215,7626
7198,7620
7224,7615
7386,7604
7194,7583
7190,7556
7296,7581
7166,7562
7124,7560
7233,7555
7195,7548
7147,7535
7166,7521
7246,7520
7153,7513
7147,7500
7202,7510
7152,7484
7176,7481
7198,7479
7144,7472
7141,7456
7194,7443
7151,7435
7177,7440
7117,7423
7151,7421
7230,7412
7008,7391
7228,7386
7034,7381
7081,7377
7155,7373
7059,7368
7230,7344
7008,7346
7209,7338
7077,7332
7137,7321
7046,7328
7111,7316
6990,7293
7068,7276
7025,7276
7083,7272
6999,7268
7027,7256
6951,7244
7079,7249
7040,7243
6994,7221
6901,7232
7051,7212
6948,7197
6899,7191
6932,7183
6953,7182
7038,7181
7080,7173
7047,7154
6968,7195
7039,7165
7157,7165
7152,7166
7289,7163
7167,7151
7281,7162
7223,7153
7052,7155
7289,7154
7154,7150
7269,7152
7213,7153
7171,7157
7296,7160
7160,7158
7346,7161
7221,7145
7080,7160
7310,7157
7151,7161
7263,7170
7368,7163
7219,7158
7283,7151
7251,7158
7162,7158
7272,7153
7172,7160
7294,7161
7231,7153
7279,7142
7294,7163
7186,7160
7338,7156
7166,7155
7188,7153
7164,7159
7252,7155
7368,7155
7201,7151
7343,7156
7165,7154
7111,7154
7128,7154
7129,7150
7220,7163
7232,7156
7176,7155
7231,7157
7188,7157
7260,7153
7111,7152
7108,7159
7320,7157
7094,7148
7247,7159
7300,7146
7058,7150
7359,7155
7092,7137
7140,7147
7200,7155
7106,7152
7308,7149
7327,7155
7321,7148
7265,7152
7120,7160
7250,7156
7129,7150
7276,7147
7256,7164
7206,7158
7346,7154
7231,7149
7262,7165
7205,7159
7183,7155
7290,7155
7195,7148
7278,7162
7302,7146
7203,7161
7323,7149
7117,7166
7199,7150
7187,7152
7158,7159
7316,7149
7187,7152
7255,7167
7241,7154
7125,7154
7281,7145
7128,7150
7298,7154
7144,7158
7190,7163
7378,7161
7161,7161
7359,7157
7198,7149
7070,7145
7177,7141
7093,7159
7172,7160
7243,7156
7154,7152
7185,7151
7265,7151
7197,7155
7201,7160
7138,7150
7284,7157
7147,7159
7358,7152
7259,7140
7247,7150
7280,7157
7115,7157
7171,7147
7123,7152
7117,7163
7323,7158
7152,7147
7294,7152
7220,7144
7140,7145
7261,7152
7178,7155
7286,7163
7120,7153
7208,7157
7319,7157
7161,7154
7337,7162
7233,7131
7207,7154
7164,7158
7215,7158
7311,7155
7251,7172
7201,7150
7325,7151
7119,7155
7346,7166
7199,7156
7073,7148
7339,7166
7090,7134
7209,7155
7287,7154
7232,7147
7330,7162
7175,7148
7205,7148
7162,7154
7179,7133
7325,7150
7216,7155
7292,7161
7133,7153
7071,7168
7169,7150
7154,7153
7270,7144
7123,7150
7173,7156
7229,7147
7254,7161
7202,7163
7249,7155
7158,7154
7232,7160
7118,7158
7241,7160
7157,7148
7246,7153
7199,7145
7145,7150
7357,7158
7153,7157
7113,7165
7284,7153
7189,7159
7303,7148
7262,7162
7311,7154
7292,7153
7170,7150
7276,7165
7113,7147
7228,7156
7273,7148
7172,7149
7263,7156
7212,7141
7198,7153
7187,7154
7294,7154
7215,7157
7234,7157
7192,7156
7283,7135
7176,7146
7290,7150
7157,7159
7220,7147
7306,7154
7104,7153
7281,7161
7306,7157
7265,7155
7276,7158
7144,7157
7172,7156
7144,7160
7160,7159
7331,7152
7191,7157
7382,7147
7168,7159
7037,7157
7239,7152
7095,7164
7214,7158
7128,7171
7189,7157
7270,7151
7260,7157
7291,7155
7257,7152
7160,7166
7217,7163
7217,7153
7255,7149
7255,7170
7219,7150
7305,7146
7222,7152
7251,7149
7127,7163
7159,7162
7335,7158
7207,7149
7352,7155
7249,7155
7262,7171
7248,7149
7048,7166
7269,7154
7123,7151
7172,7154
7243,7157
7171,7152
7327,7149
7215,7147
7137,7160
7207,7157
7293,7152
7228,7151
7256,7149
7101,7155
7338,7156
7257,7154
7290,7152
7214,7169
7160,7159
7216,7158
7126,7160
7283,7148
7326,7149
7219,7163
7305,7155
7139,7159
7325,7156
7209,7150
7190,7154
7281,7157
7250,7149
7280,7159
7157,7146
7252,7150
7179,7151
7128,7159
7245,7156
7124,7146
7200,7162
7172,7168
7263,7163
7274,7153
7168,7163
7131,7149
7239,7147
7133,7151
7198,7148
7139,7147
7222,7149
7383,7157
7180,7155
7357,7157
7201,7159
7090,7154
7169,7151
7101,7151
7293,7159
7284,7152
7259,7155
7250,7152
7120,7151
7250,7161
7087,7152
7169,7162
7227,7154
7143,7151
7293,7168
7211,7159
7247,7158
7224,7151
7208,7164
7217,7157
7165,7148
7178,7148
7333,7150
7271,7154
7263,7147
7176,7152
7164,7154
7246,7139
7178,7150
7350,7157
7101,7167
7321,7165
7348,7148
7128,7147
7322,7158
7195,7145
7171,7160
7148,7153
7098,7155
7353,7147
7182,7161
7230,7153
7192,7149
7097,7150
7281,7157
7171,7160
7164,7157
7202,7151
7302,7148
7288,7156
7160,7152
7225,7155
7240,7147
7198,7151
7189,7162
7121,7161
7139,7151
7329,7161
7159,7161
7309,7156
7195,7159
7132,7161
7219,7147
7148,7160
7298,7154
7260,7154
7312,7162
7284,7155
7119,7157
7300,7155
7085,7157
7193,7155
7302,7159
7123,7158
7325,7157
7184,7154
7283,7151
7198,7146
7183,7149
7286,7149
7146,7154
7178,7161
7314,7154
7211,7164
7316,7152
7203,7161
7108,7155
7314,7155
7171,7145
7246,7153
7178,7148
7221,7148
7336,7158
7230,7148
7341,7153
7177,7158
7212,7158
7204,7150
7210,7155
7407,7154
7266,7161
7371,7161
7362,7158
7343,7178
7398,7183
7355,7184
7461,7192
7442,7190
7500,7211
7485,7218
7440,7213
7526,7233
7483,7233
7577,7233
7507,7242
7549,7267
7501,7278
7559,7273
7527,7283
7580,7277
7582,7303
7617,7302
7561,7310
7609,7310
7554,7334
7634,7343
7570,7348
7636,7351
7565,7368
7630,7383
7606,7382
7674,7374
7728,7396
7641,7416
7673,7413
7630,7421
7636,7436
7687,7433
7669,7446
7662,7451
7700,7456
7756,7466
7742,7472
7664,7476
7697,7501
7753,7505
7710,7507
7698,7518
7773,7533
7601,7532
7779,7534
7861,7536
7794,7570
7667,7570
7723,7564
7717,7577
7730,7586
7788,7580
7817,7599
7742,7613
7752,7620
7791,7627
7804,7635
7749,7628
7718,7654
7853,7655
7851,7682
7855,7687
7709,7680
7831,7713
7918,7706
7898,7713
7877,7723
7787,7718
7806,7719
7848,7739
7955,7757
7970,7757
7902,7758
7787,7767
7837,7794
7864,7784
7955,7808
7923,7787
7954,7801
7938,7786
7891,7840
7942,7841
7887,7834
7881,7858
7949,7854
7974,7861
7981,7875
8000,7881
8015,7905
8010,7884
8069,7900
8060,7901
8042,7926
8005,7918
7945,7941
7979,7928
7930,7930
7910,7932
7892,7952
7878,7962
7890,7987
7871,7976
7849,7947
7864,7957
7864,7936
7817,7961
7848,7950
7851,7961
7796,7947
7815,7951
7813,7954
7814,7949
7804,7956
7826,7948
7818,7957
7811,7939
7802,7951
7822,7959
7813,7958
7823,7972
7809,7957
7780,7949
7787,7943
7780,7937
7792,7955
7801,7965
7747,7959
7785,7947
7780,7958
7774,7964
7753,7948
7757,7953
7756,7958
7765,7960
7785,7965
7802,7965
7788,7974
7773,7949
7835,7957
7802,7972
7804,7946
7834,7951
7846,7976
7870,7973
7933,7963
8067,7970
8129,7970
8207,7974
8332,7965
8328,7979
8391,7991
8432,7994
8468,8009
8456,8018
8495,8013
8470,8016
8466,8047
8492,8054
8469,8033
8388,8066
8436,8066
8436,8068
8402,8070
8421,8093
8486,8090
8522,8100
8569,8122
8568,8137
8580,8127
8464,8138
8445,8138
8448,8148
8634,8157
8671,8168
8580,8179
8560,8185
8558,8199
8533,8189
8648,8209
8690,8209
8634,8207
8614,8238
8562,8247
8665,8236
8679,8256
8642,8261
8496,8268
8660,8275
8640,8309
8665,8298
8544,8312
8597,8321
8717,8321
8630,8324
8527,8339
8625,8347
8753,8358
8537,8364
8683,8372
8790,8375
8765,8373
8619,8390
8772,8400
8775,8405
8606,8408
8701,8426
8724,8436
8654,8432
8762,8446
8717,8456
8724,8468
8777,8466
8746,8491
8754,8495
8686,8500
8691,8497
8881,8501
8682,8532
8833,8522
8855,8531
8824,8553
8747,8546
8857,8551
8859,8580
8805,8572
8910,8568
8744,8603
8859,8589
8795,8610
8921,8628
8823,8629
8971,8635
8894,8645
8901,8647
8860,8635
8928,8661
8837,8677
8945,8681
8780,8697
8838,8700
8911,8712
8899,8716
8945,8719
8845,8728
8931,8734
8792,8742
8797,8747
8676,8735
8708,8749
8873,8741
8675,8753
8802,8735
8740,8753
8581,8755
8824,8754
8666,8743
8663,8756
8772,8748
8722,8762
8721,8747
8668,8754
8696,8753
8634,8747
8673,8754
8788,8764
8597,8766
8775,8760
8706,8761
8740,8761
8773,8760
8595,8751
8607,8760
8707,8753
8659,8756
8734,8758
8663,8745
8787,8757
8606,8758
8574,8762
8586,8747
8524,8758
8708,8761
8620,8747
8693,8751
8689,8755
8545,8760
8756,8753
8661,8755
8600,8760
8651,8751
8554,8757
8800,8756
8787,8751
8786,8760
8722,8761
8582,8753
8777,8762
8597,8750
8617,8766
8766,8755
8633,8759
8689,8745
8690,8755
8767,8755
8731,8749
8609,8757
8684,8758
8629,8749
8789,8760
8723,8768
8664,8765
8815,8746
8712,8751
8683,8754
8634,8764
8589,8770
8709,8754
8623,8761
8702,8759
8717,8751
8662,8756
8782,8751
8623,8766
8736,8759
8576,8756
8592,8761
8809,8760
8685,8754
8710,8755
8746,8756
8530,8755
8550,8759
8653,8756
8551,8766
8727,8753
8601,8756
8715,8761
8683,8764
8551,8741
8723,8758
8588,8765
8708,8755
8623,8764
8667,8770
8714,8771
8642,8749
8744,8760
8716,8762
8597,8759
8655,8759
8601,8760
8755,8751
8844,8745
8739,8749
8773,8751
8654,8749
8777,8758
8651,8748
8644,8754
8721,8752
8638,8744
8681,8768
8771,8759
8691,8762
8704,8756
8633,8759
8674,8756
8623,8746
8678,8767
8724,8758
8663,8754
8755,8756
8673,8754
8627,8749
8701,8754
8554,8763
8746,8768
8568,8749
8714,8766
8788,8759
8678,8752
8817,8751
8753,8761
8653,8758
8740,8760
8657,8763
8749,8754
8711,8763
8732,8753
8690,8756
8595,8759
8739,8761
8565,8747
8635,8760
8756,8760
8626,8755
8780,8741
8692,8753
8799,8749
8639,8762
8589,8751
8728,8759
8649,8758
8719,8757
8767,8751
8695,8756
8790,8760
8579,8757
8543,8752
8667,8749
8648,8750
8815,8763
8517,8750
8777,8763
8806,8758
8580,8760
8734,8754
8621,8744
8616,8739
8632,8759
8575,8754
8704,8765
8780,8749
8668,8762
8735,8754
8606,8755
8739,8750
8576,8756
8642,8755
8730,8753
8601,8763
8738,8746
8634,8755
8751,8754
8712,8761
8605,8752
8741,8753
8597,8753
8746,8763
8762,8763
8644,8757
8873,8755
8701,8755
8587,8767
8696,8746
8600,8760
8771,8754
8634,8754
8770,8767
8730,8762
8624,8762
8685,8746
8557,8758
8719,8761
8568,8758
8651,8755
8810,8751
8717,8759
8815,8768
8687,8745
8530,8761
8703,8755
8569,8761
8633,8765
8765,8762
8627,8753
8774,8751
8629,8761
8837,8762
8652,8749
8601,8753
8731,8748
8620,8764
8829,8755
8801,8758
8734,8758
8833,8762
8674,8756
8677,8759
8659,8753
8649,8765
8862,8756
8521,8753
8741,8741
8750,8756
8540,8753
8776,8756
8529,8763
8720,8759
8581,8747
8634,8764
8751,8755
8671,8756
8744,8760
8696,8755
8576,8758
8662,8755
8591,8741
8697,8758
8747,8751
8691,8758
8819,8770
8597,8750
8861,8756
8672,8748
8558,8757
8756,8753
8655,8737
8699,8758
8726,8757
8650,8755
8771,8753
8724,8757
8706,8752
8636,8759
8656,8749
8772,8762
8560,8760
8779,8764
8734,8750
8540,8753
8764,8751
8584,8746
8682,8753
8625,8755
8645,8761
8821,8767
8715,8758
8788,8762
8680,8751
8553,8757
8784,8762
8645,8757
8751,8757
8746,8759
8726,8752
8810,8754
8604,8763
8816,8763
8610,8763
8579,8754
8789,8768
8616,8751
8751,8748
8791,8766
8731,8748
8780,8768
8615,8756
8718,8761
8601,8766
8638,8767
8794,8752
8715,8751
8754,8764
8688,8753
8545,8777
8693,8749
8605,8757
8727,8756
8769,8748
8578,8752
8777,8756
8621,8759
8883,8765
8670,8753
8613,8755
8826,8764
8584,8757
8785,8771
8732,8761
8637,8760
8824,8761
8688,8748
8619,8769
8645,8755
8603,8763
8754,8759
8613,8758
8802,8762
8717,8754
8575,8763
8700,8755
8604,8757
8765,8759
8601,8747
8686,8755
8797,8756
8688,8759
8761,8761
8596,8734
8596,8770
8704,8754
8615,8749
8732,8755
8713,8757
8712,8763
8739,8757
8661,8756
8802,8767
8593,8765
8662,8753
8708,8757
8672,8754
8776,8758
8739,8760
8749,8764
8776,8746
8588,8760
8744,8753
8577,8759
8665,8759
8809,8752
8579,8764
8869,8752
8634,8750
8487,8765
8822,8756
8607,8760
8674,8762
8569,8756
8607,8762
8732,8759
8713,8760
8730,8758
8596,8749
8598,8758
8674,8777
8612,8749
8806,8752
8744,8758
8680,8764
8894,8761
8691,8756
8800,8756
8682,8750
8668,8758
8731,8758
8646,8760
8796,8760
8729,8756
8681,8761
8681,8754
8633,8754
8733,8750
8574,8750
8678,8758
8751,8753
8667,8759
8760,8760
8567,8751
8434,8747
8601,8737
8529,8737
8699,8737
8328,8731
8597,8724
8556,8718
8352,8708
8531,8710
8303,8707
8385,8690
8259,8684
8458,8683
8532,8669
8467,8660
8310,8646
8358,8643
8390,8629
8319,8631
8380,8613
8314,8611
8322,8614
8283,8580
8291,8580
8329,8585
8289,8575
8292,8560
8259,8550
8232,8543
8248,8521
8351,8537
8189,8520
8169,8509
8236,8487
8171,8507
8289,8485
8233,8476
8285,8476
8281,8475
8281,8453
8316,8457
8288,8442
8326,8433
8310,8431
8228,8423
8285,8409
8289,8416
8241,8398
8291,8378
8274,8380
8243,8366
8144,8366
8267,8358
8110,8340
8159,8331
8375,8345
8349,8321
8200,8324
8039,8310
8244,8295
8172,8287
8054,8289
8083,8270
8137,8276
8152,8261
8074,8236
8071,8237
8093,8222
8125,8242
8099,8228
8012,8207
8045,8208
8060,8183
8144,8184
8070,8178
8029,8158
8014,8180
8008,8161
8116,8147
8142,8142
8011,8145
8096,8122
7994,8124
8000,8134
8031,8111
8015,8083
8032,8068
8096,8070
8088,8068
8084,8062
8037,8056
8047,8038
8019,8033
7982,8032
7940,8036
7905,8003
7961,7999
7954,7987
7943,7972
7889,7987
7980,7983
7957,7992
7989,7976
8031,7964
8019,7967
8119,7972
8053,7954
8093,7966
8104,7948
8098,7943
8130,7959
8101,7958
8154,7970
8155,7965
8133,7954
8133,7960
8166,7957
8156,7956
8156,7971
8154,7947
8149,7961
8149,7950
8154,7965
8173,7941
8171,7962
8176,7948
8175,7957
8133,7954
8176,7960
8151,7955
8209,7956
8178,7952
8176,7961
8176,7963
8167,7970
8209,7971
8149,7963
8182,7956
8154,7965
8159,7946
8169,7962
8170,7961
8178,7952
8145,7971
8171,7954
8142,7956
8157,7939
8131,7971
8143,7952
8101,7949
7991,7959
7840,7941
7800,7952
7689,7946
7568,7923
7619,7926
7515,7928
7410,7919
7411,7916
7424,7887
7419,7892
7448,7879
7448,7878
7431,7871
7433,7862
7449,7851
7472,7855
7457,7831
7473,7828
7449,7818
7378,7812
7337,7798
7306,7806
7364,7788
7372,7794
7373,7765
7372,7773
7404,7759
7289,7755
7304,7731
7303,7742
7352,7732
7428,7714
7410,7710
7326,7706
7358,7679
7342,7686
7362,7681
7389,7668
7304,7671
7239,7658
7302,7645
7398,7639
7229,7640
7285,7614
7342,7617
7343,7602
7452,7601
7072,7588
7287,7576
7217,7567
7098,7568
7244,7553
7208,7546
7278,7558
7124,7525
7234,7523
7214,7526
7127,7512
7199,7499
7166,7499
7134,7478
7217,7478
7133,7465
7106,7477
7255,7449
7110,7444
7181,7424
7206,7430
7075,7427
7143,7406
7009,7396
7160,7397
7185,7382
7092,7388
7215,7376
7018,7371
7164,7356
7002,7347
7045,7343
7170,7341
7158,7319
7050,7313
7063,7307
7007,7297
7057,7284
7095,7294
7020,7275
7039,7270
7042,7241
7058,7248
7016,7237
7020,7235
7042,7239
7044,7225
7006,7215
6968,7202
6977,7197
6891,7194
7036,7185
7011,7176
7034,7164
7058,7170
6962,7156
7211,7153
7098,7173
7076,7160
7161,7155
7128,7157
7227,7155
7154,7165
7309,7153
7161,7149
7131,7159
7226,7164
7051,7166
7248,7159
7148,7154
7314,7149
7326,7154
7167,7159
7359,7154
7269,7160
7154,7155
7250,7155
7147,7159
7250,7169
7288,7156
7234,7158
7333,7158
7192,7160
7174,7161
7241,7159
7173,7143
7345,7160
7188,7161
7254,7164
7326,7147
7142,7154
7306,7170
7234,7154
7229,7169
7159,7147
7278,7148
7341,7150
7106,7158
7248,7158
7078,7147
7099,7151
7224,7153
7085,7155
7158,7163
7242,7145
7252,7155
7273,7165
7085,7149
7268,7155
7171,7167
7113,7162
7305,7159
7060,7146
7275,7157
7322,7155
7270,7167
7274,7174
7148,7149
7228,7160
7124,7147
7166,7158
7378,7146
7196,7151
7331,7163
7183,7156
7108,7144
7259,7145
7109,7157
7231,7148
7085,7157
7264,7154
7277,7169
7226,7159
7277,7162
7298,7157
7217,7170
7341,7155
7203,7143
7221,7156
7319,7156
7298,7156
7238,7158
7132,7163
7286,7160
7198,7154
7236,7151
7344,7155
7159,7161
7356,7168
7305,7151
7296,7159
7322,7155
7125,7146
7293,7153
7086,7149
7180,7150
7361,7170
7136,7149
7207,7158
7123,7164
7101,7150
7238,7163
7114,7157
7168,7152
7209,7147
7243,7158
7247,7170
7169,7153
7213,7152
7218,7150
7138,7151
7181,7155
7109,7155
7292,7156
7233,7155
7239,7170
7277,7153
7077,7154
7233,7156
7106,7142
7179,7153
7340,7153
7165,7163
7345,7151
7172,7151
7190,7168
7144,7152
7041,7153
7288,7161
7054,7144
7214,7149
7283,7144
7190,7144
7269,7159
7197,7156
7137,7151
7275,7155
7162,7157
7163,7160
7282,7164
7296,7160
7282,7148
7153,7152
7257,7166
7281,7156
7207,7154
7260,7152
7219,7154
7328,7153
7275,7150
7238,7154
7269,7150
7121,7169
7222,7162
7135,7155
7188,7159
7303,7152
7211,7164
7296,7158
7095,7153
7140,7154
7177,7150
7122,7169
7190,7149
7182,7148
7209,7153
7170,7155
7229,7148
7194,7155
7166,7145
7162,7153
7135,7149
7152,7149
7238,7152
7214,7155
7253,7158
7343,7152
7120,7155
7339,7160
7233,7148
7163,7159
7364,7157
7130,7142
7284,7150
7280,7141
7285,7150
7262,7157
7139,7158
7281,7147
7083,7152
7192,7167
7299,7155
7162,7158
7211,7150
7171,7146
7238,7152
7197,7152
7170,7153
7275,7156
7075,7162
7352,7159
7296,7146
7144,7135
7296,7166
7243,7154
7138,7150
7277,7159
7189,7155
7277,7144
7195,7149
7279,7158
7308,7154
7088,7141
7344,7159
7113,7149
7246,7159
7398,7145
7215,7158
7332,7157
7192,7153
7254,7166
7217,7152
7101,7150
7183,7152
7143,7156
7142,7150
7233,7156
7203,7141
7229,7152
7223,7154
7194,7157
7232,7153
7211,7151
7245,7141
7224,7161
7249,7150
7256,7151
7088,7159
7285,7160
7194,7139
7199,7144
7097,7144
7128,7146
7319,7156
7241,7148
7290,7159
7223,7149
7127,7154
7190,7153
7113,7157
7208,7162
7315,7155
7179,7152
7270,7159
7211,7150
7178,7150
7158,7157
7258,7157
7259,7157
7114,7163
7279,7144
7273,7151
7144,7162
7341,7160
7208,7158
7088,7151
7290,7148
7082,7165
7238,7157
7243,7150
7209,7160
7272,7154
7181,7152
7315,7147
7198,7162
7282,7162
7297,7157
7266,7164
7283,7153
7162,7156
7222,7148
7230,7155
7114,7155
7225,7139
7142,7155
7214,7159
7214,7161
7183,7155
7264,7155
7244,7167
7211,7157
7193,7150
7105,7150
7299,7157
7111,7155
7186,7156
7258,7160
7120,7157
7288,7161
7145,7151
7157,7159
7188,7163
7068,7156
7304,7152
7243,7148
7338,7156
7277,7148
7085,7174
7242,7160
7124,7154
7189,7155
7289,7153
7188,7156
7243,7159
7251,7155
7156,7155
7230,7151
7231,7152
7199,7153
7192,7150
7280,7146
7259,7157
7202,7163
7329,7147
7153,7154
7132,7157
7184,7159
7126,7146
7320,7149
7174,7155
7271,7164
7347,7147
7171,7163
7297,7160
7143,7155
7205,7165
7119,7151
7237,7156
7310,7152
7144,7150
7361,7153
7210,7156
7110,7151
7237,7155
7159,7153
7270,7162
7297,7151
7324,7157
7223,7164
7265,7155
7264,7159
7265,7152
7097,7155
7261,7158
7103,7160
7190,7157
7292,7163
7232,7148
7286,7161
7175,7155
7189,7146
7168,7158
7166,7158
7351,7158
7117,7156
7388,7164
7244,7155
7078,7153
7238,7161
7107,7166
7240,7154
7122,7147
7179,7152
7291,7166
7288,7154
7244,7165
7303,7158
7229,7150
7291,7159
7214,7153
7182,7156
7309,7157
7174,7148
7271,7158
7258,7161
7310,7150
7186,7152
7120,7157
7264,7144
7136,7154
7233,7149
7369,7149
7244,7141
7319,7152
7189,7156
7191,7142
7222,7159
7305,7161
7369,7166
7366,7159
7434,7166
7313,7177
7411,7185
7420,7192
7388,7191
7461,7207
7477,7207
7464,7217
7535,7215
7519,7226
7493,7229
7566,7249
7540,7259
7564,7261
7540,7268
7534,7280
7593,7282
7558,7299
7592,7300
7572,7317
7622,7323
7570,7327
7631,7328
7610,7332
7624,7358
7624,7355
7684,7368
7689,7397
7583,7382
7713,7385
7608,7413
7656,7400
7670,7416
7597,7429
7684,7429
7659,7434
7667,7444
7668,7452
7650,7462
7724,7471
7666,7489
7672,7485
7739,7492
7701,7514
7708,7510
7777,7520
7678,7530
7745,7537
7913,7550
7674,7549
7759,7563
7681,7584
7795,7571
7704,7581
7757,7587
7800,7602
7778,7610
7729,7618
7775,7622
7911,7633
7779,7645
7717,7649
7840,7662
7818,7685
7831,7653
7724,7678
7796,7682
7879,7699
7903,7694
7889,7715
7816,7715
7818,7734
7875,7735
7902,7770
7929,7741
7895,7760
7783,7765
7831,7768
7878,7782
7954,7791
7895,7785
7941,7798
7924,7804
7900,7813
7916,7834
7871,7822
7903,7837
7886,7849
7933,7855
7969,7873
8027,7896
8019,7900
8027,7882
8063,7905
8009,7907
8068,7940
8070,7943
7937,7932
7998,7947
7995,7937
7939,7943
7946,7942
7892,7935
7887,7964
7827,7957
7860,7972
7862,7944
7849,7957
7854,7972
7860,7939
7824,7976
7822,7964
7822,7948
7825,7953
7836,7956
7858,7954
7804,7981
7791,7967
7802,7962
7806,7966
7819,7948
7809,7950
7795,7952
7803,7950
7810,7952
7806,7948
7827,7976
7781,7954
7791,7962
7786,7944
7780,7950
7774,7928
7815,7950
7759,7937
7770,7964
7806,7963
7762,7954
7814,7963
7792,7952
7811,7943
7794,7947
7806,7959
7807,7981
7806,7947
7817,7946
7835,7949
7857,7961
7890,7937
8007,7962
8123,7971
8186,7960
8279,7981
8313,7977
8403,7993
8424,7994
8420,8007
8452,8008
8476,8010
8494,8023
8456,8036
8478,8029
8457,8064
8455,8058
8410,8057
8394,8064
8392,8078
8386,8080
8498,8098
8470,8113
8553,8113
8580,8116
8520,8134
8505,8120
8413,8146
8426,8144
8479,8149
8590,8173
8619,8177
8646,8183
8555,8191
8541,8196
8589,8191
8663,8203
8650,8219
8593,8228
8604,8227
8630,8244
8659,8252
8686,8246
8576,8279
8597,8280
8706,8277
8662,8288
8651,8301
8597,8310
8727,8325
8645,8325
8525,8338
8545,8334
8680,8345
8771,8357
8640,8368
8679,8377
8717,8386
8575,8392
8731,8394
8739,8420
8666,8419
8654,8416
8697,8427
8646,8441
8755,8454
8749,8448
8622,8458
8787,8463
8742,8468
8762,8481
8770,8479
8718,8513
8852,8512
8744,8514
8757,8521
8881,8542
8820,8531
8822,8547
8693,8562
8829,8570
8768,8567
8820,8576
8815,8592
8851,8594
8886,8599
8851,8609
8784,8623
8897,8630
8850,8636
8873,8639
8837,8654
8850,8665
8895,8660
8920,8672
8792,8689
8933,8699
8860,8697
8889,8714
8864,8717
8916,8723
9021,8721
8733,8747
8886,8743
8717,8738
8786,8756
8611,8744
8655,8752
8713,8743
8667,8749
8805,8759
8653,8751
8587,8756
8668,8753
8589,8751
8744,8760
8701,8759
8738,8745
8693,8755
8551,8750
8803,8755
8591,8753
8627,8755
8779,8751
8587,8755
8761,8753
8705,8762
8646,8765
8762,8760
8708,8754
8727,8754
8656,8751
8601,8750
8755,8752
8584,8754
8722,8750
8555,8753
8557,8752
8599,8753
8573,8756
8728,8741
8577,8746
8649,8764
8795,8757
8598,8751
8821,8762
8609,8752
8579,8758
8674,8754
8611,8755
8766,8754
8722,8748
8782,8758
8725,8752
8611,8771
8732,8773
8611,8749
8714,8753
8781,8754
8634,8758
8835,8771
8724,8754
8764,8753
8711,8761
8565,8752
8827,8752
8537,8747
8675,8760
8758,8751
8680,8770
8775,8756
8646,8759
8591,8765
8687,8764
8622,8762
8796,8756
8521,8757
8727,8765
8804,8755
8519,8761
8877,8755
8596,8758
8630,8749
8581,8752
8623,8749
8736,8767
8702,8745
8724,8759
8707,8763
8623,8757
8747,8752
8638,8761
8656,8760
8788,8758
8636,8756
8861,8756
8640,8755
8760,8756
8650,8747
8595,8757
8742,8765
8547,8760
8675,8757
8774,8762
8661,8759
8797,8758
8577,8749
8551,8758
8658,8754
8584,8760
8783,8769
8715,8753
8773,8760
8725,8749
8617,8748
8738,8756
8620,8764
8701,8757
8723,8748
8695,8778
8862,8763
8687,8753
8808,8766
8669,8752
8604,8758
8866,8759
8560,8758
8697,8760
8784,8760
8685,8765
8853,8747
8646,8743
8560,8770
8665,8758
8574,8757
8773,8753
8528,8753
8642,8747
8765,8755
8606,8753
8807,8752
8598,8762
8670,8755
8652,8758
8608,8765
8744,8768
8710,8754
8758,8752
8659,8749
8622,8762
8798,8766
8642,8752
8649,8769
8744,8740
8679,8751
8828,8759
8640,8754
8744,8771
8627,8747
8643,8757
8759,8765
8573,8753
8706,8749
8755,8763
8730,8730
8787,8748
8567,8756
8594,8759
8605,8751
8544,8760
8847,8752
8521,8755
8753,8757
8781,8758
8587,8758
8796,8759
8631,8752
8629,8756
8651,8757
8625,8749
8775,8757
8728,8754
8723,8763
8720,8751
8620,8764
8743,8741
8602,8756
8702,8753
8730,8756
8718,8770
8828,8765
8633,8760
8738,8758
8680,8754
8587,8743
8791,8743
8593,8761
8696,8751
8790,8746
8732,8755
8766,8752
8666,8752
8667,8742
8633,8756
8679,8755
8767,8759
8605,8760
8778,8758
8692,8758
8549,8747
8806,8747
8597,8762
8688,8756
8590,8748
8703,8752
8806,8756
8634,8758
8874,8760
8652,8748
8635,8764
8708,8759
8626,8752
8709,8752
8705,8749
8703,8760
8800,8759
8630,8757
8716,8743
8605,8762
8623,8750
8869,8753
8594,8748
8780,8765
8792,8748
8763,8751
8774,8753
8641,8768
8610,8760
8654,8755
8603,8753
8771,8751
8663,8753
8735,8759
8739,8756
8576,8768
8766,8757
8625,8763
8761,8752
8576,8748
8734,8757
8811,8755
8625,8747
8693,8771
8591,8758
8547,8755
8689,8757
8540,8751
8709,8751
8802,8758
8671,8749
8838,8762
8649,8750
8678,8755
8640,8750
8640,8750
8738,8752
8614,8750
8725,8770
8720,8759
8612,8772
8720,8758
8599,8759
8685,8761
8673,8754
8625,8756
8806,8751
8637,8756
8811,8769
8615,8760
8555,8768
8782,8759
8594,8755
8732,8757
8767,8750
8635,8763
8783,8750
8592,8755
8731,8762
8664,8757
8693,8772
8836,8760
8637,8751
8773,8753
8788,8757
8728,8759
8786,8756
8567,8756
8618,8762
8662,8757
8568,8755
8785,8752
8596,8751
8758,8765
8736,8746
8596,8769
8725,8756
8608,8756
8699,8764
8586,8745
8690,8762
8741,8764
8643,8762
8759,8761
8669,8751
8658,8762
8681,8760
8664,8758
8757,8754
8779,8755
8765,8754
8879,8764
8649,8756
8806,8755
8667,8748
8639,8765
8802,8749
8580,8762
8680,8761
8748,8759
8685,8766
8709,8749
8594,8768
8696,8763
8645,8748
8597,8762
8774,8745
8634,8752
8799,8762
8615,8753
8580,8764
8741,8749
8604,8761
8694,8761
8521,8759
8674,8755
8792,8749
8633,8759
8759,8752
8713,8768
8670,8757
8734,8757
8663,8751
8768,8744
8794,8769
8690,8754
8720,8755
8608,8754
8655,8755
8602,8749
8726,8760
8800,8759
8602,8772
8767,8760
8653,8749
8754,8756
8736,8763
8539,8761
8675,8744
8568,8752
8635,8766
8800,8758
8643,8772
8774,8758
8691,8737
8572,8756
8713,8754
8615,8758
8686,8754
8559,8762
8743,8756
8843,8755
8606,8770
8780,8764
8635,8755
8662,8763
8716,8762
8601,8754
8675,8760
8780,8755
8642,8749
8752,8750
8672,8751
8720,8750
8660,8757
8661,8754
8777,8752
8655,8753
8775,8760
8589,8745
8742,8761
8646,8766
8553,8756
8713,8760
8622,8778
8716,8756
8682,8754
8749,8751
8731,8755
8570,8757
8574,8739
8442,8737
8340,8727
8650,8726
8306,8712
8596,8715
8503,8706
8353,8718
8462,8694
8268,8684
8501,8674
8340,8663
8406,8668
8379,8652
8334,8630
8388,8644
8402,8629
8301,8624
8244,8619
8311,8612
8268,8596
8222,8587
8340,8584
8281,8569
8290,8574
8259,8549
8287,8552
8332,8539
8343,8540
8321,8538
8187,8529
8235,8497
8227,8507
8314,8488
8236,8488
8249,8473
8341,8470
8252,8462
8364,8464
8301,8435
8205,8447
8326,8433
8238,8422
8243,8411
8288,8409
8242,8395
8254,8392
8267,8370
8226,8365
8175,8357
8222,8363
8163,8352
8179,8337
8362,8333
8395,8326
8253,8312
8011,8319
8149,8289
8119,8292
8051,8278
8075,8279
8127,8267
8169,8267
8070,8253
8024,8248
8136,8239
8173,8231
8049,8219
8050,8208
8017,8205
8110,8216
8143,8178
8066,8190
8054,8177
7991,8170
8005,8131
8076,8140
8143,8146
8155,8147
7992,8156
7989,8124
7990,8094
7942,8095
7988,8094
8058,8075
8053,8106
8075,8076
8044,8065
8026,8058
8021,8034
7972,8046
7949,8033
7940,8017
7933,8009
7902,8025
7935,7994
7834,7994
7917,7980
7965,7976
7974,7974
8053,7978
8058,7971
8019,7954
8046,7961
8083,7981
8102,7972
8057,7960
8106,7971
8128,7967
8135,7960
8110,7945
8135,7946
8125,7966
8142,7954
8132,7979
8146,7979
8165,7956
8167,7948
8132,7950
8163,7963
8154,7943
8152,7960
8163,7969
8161,7948
8154,7964
8173,7949
8173,7970
8158,7958
8184,7956
8165,7947
8156,7965
8208,7927
8160,7949
8146,7965
8150,7957
8169,7952
8123,7939
8140,7961
8164,7965
8157,7942
8126,7952
8151,7955
8156,7971
8167,7949
8115,7984
8160,7943
8165,7958
8119,7948
8063,7955
7933,7946
7813,7953
7671,7949
7654,7930
7637,7924
7500,7930
7533,7895
7510,7899
7462,7903
7412,7901
7404,7887
7414,7879
7430,7872
7426,7862
7440,7859
7459,7855
7465,7842
7479,7838
7451,7828
7400,7813
7347,7814
7366,7808
7298,7797
7340,7780
7423,7786
7402,7772
7421,7764
7417,7749
7297,7761
7322,7723
7357,7723
7380,7729
7386,7714
7321,7706
7356,7695
7274,7685
7358,7688
7387,7669
7356,7663
7299,7656
7288,7641
7387,7640
7324,7626
7253,7632
7322,7623
7276,7600
7472,7602
7111,7599
7219,7574
7331,7573
7132,7569
7212,7561
7263,7554
7260,7540
7131,7536
7200,7522
7248,7524
7172,7520
7176,7505
7233,7488
7125,7493
7194,7492
7144,7468
7078,7468
7207,7463
7184,7452
7141,7433
7234,7423
7101,7426
7146,7415
7157,7390
7096,7403
7272,7386
7113,7393
7108,7376
7107,7372
7186,7350
7186,7358
7021,7349
7170,7359
7119,7338
7158,7325
7056,7313
7050,7319
7000,7293
7075,7293
7030,7284
7060,7265
6966,7259
7048,7254
6957,7240
7095,7242
7064,7232
7046,7227
6927,7219
6986,7207
6992,7198
6853,7196
6969,7188
6974,7165
7023,7168
7108,7177
7099,7167
7140,7179
7024,7164
7227,7163
7101,7161
7159,7149
7229,7160
7200,7155
7351,7157
7095,7155
7333,7157
7208,7149
7099,7159
7133,7153
7026,7160
7324,7156
7285,7158
7238,7165
7355,7160
7225,7164
7302,7163
7269,7159
7139,7163
7382,7160
7156,7149
7292,7145
7308,7151
7282,7157
7333,7158
7181,7157
7205,7150
7130,7166
7223,7159
7293,7156
7164,7134
7237,7166
7284,7149
7149,7149
7277,7159
7170,7151
7252,7147
7173,7157
7253,7148
7257,7153
7087,7162
7288,7155
7167,7145
7128,7155
7207,7155
7164,7155
7215,7153
7318,7145
7175,7158
7250,7155
7106,7148
7238,7151
7078,7157
7121,7158
7293,7161
7092,7159
7269,7164
7168,7154
7296,7164
7248,7144
7078,7159
7223,7152
7138,7150
7231,7157
7355,7144
7119,7163
7384,7161
7234,7153
7148,7170
7169,7172
7126,7155
7298,7153
7270,7159
7251,7151
7249,7152
7274,7154
7220,7157
7288,7157
7242,7148
7302,7153
7179,7156
7351,7146
7205,7149
7257,7158
7289,7164
7116,7156
7232,7153
7160,7161
7160,7162
7323,7153
7155,7160
7328,7160
7253,7161
7127,7158
7302,7157
7108,7166
7233,7155
7109,7145
7281,7154
7244,7146
7025,7156
7278,7170
7141,7153
7140,7157
7202,7147
7193,7160
7288,7155
7245,7149
7252,7155
7188,7151
7137,7156
7283,7152
7049,7154
7152,7148
7311,7153
7107,7155
7231,7159
7245,7147
7195,7143
7239,7156
7136,7158
7205,7165
7160,7149
7255,7164
7373,7151
7228,7152
7380,7161
7151,7148
7136,7162
7139,7151
7087,7160
7275,7167
7130,7148
7236,7155
7263,7159
7208,7150
7247,7149
7248,7143
7191,7148
7290,7147
7104,7154
7253,7157
7242,7153
7275,7162
7233,7156
7200,7156
7292,7159
7152,7180
7174,7155
7223,7157
7137,7158
7273,7142
7197,7147
7306,7151
7251,7155
7126,7164
7265,7158
7186,7155
7337,7155
7269,7157
7197,7165
7307,7151
7157,7152
7150,7155
7146,7158
7217,7156
7209,7153
7230,7160
7226,7152
7167,7164
7134,7152
7268,7151
7093,7141
7214,7143
7163,7147
7138,7160
7280,7156
7303,7160
7237,7152
7286,7148
7168,7164
7299,7156
7258,7150
7192,7165
7252,7151
7183,7159
7295,7154
7131,7153
7317,7154
7173,7145
7082,7154
7232,7155
7111,7158
7247,7165
7223,7159
7169,7154
7308,7145
7282,7155
7173,7153
7232,7153
7136,7158
7331,7144
7211,7157
7295,7152
7222,7136
7223,7154
7279,7170
7190,7160
7151,7162
7144,7149
7132,7163
7318,7170
7251,7149
7297,7157
7288,7154
7073,7162
7269,7148
7116,7142
7303,7152
7284,7152
7198,7163
7290,7151
7148,7148
7334,7155
7261,7167
7164,7157
7199,7155
7282,7163
7219,7155
7212,7158
7182,7156
7320,7144
7232,7154
7229,7147
7154,7157
7178,7163
7314,7153
7285,7155
7243,7164
7252,7152
7118,7162
7272,7158
7189,7156
7222,7152
7250,7147
7231,7156
7304,7153
7119,7159
7276,7141
7113,7149
7112,7155
7311,7145
7055,7147
7248,7154
7256,7155
7178,7155
7270,7150
7171,7152
7223,7153
7167,7159
7135,7149
7359,7155
7209,7155
7270,7163
7339,7166
7154,7159
7344,7152
7258,7158
7130,7158
7230,7152
7180,7147
7288,7169
7286,7148
7254,7145
7264,7158
7190,7150
7256,7149
7136,7157
7291,7157
7261,7168
7163,7159
7232,7159
7158,7145
7309,7150
7176,7143
7135,7142
7169,7154
7265,7159
7208,7156
7273,7160
7190,7153
7267,7148
7198,7151
7124,7158
7151,7153
7195,7154
7348,7161
7137,7145
7368,7152
7281,7157
7025,7164
7280,7158
7108,7148
7166,7161
7133,7158
7076,7146
7343,7151
7223,7154
7304,7158
7192,7163
7118,7165
7211,7149
7068,7157
7228,7150
7222,7157
7240,7158
7181,7157
7199,7155
7276,7164
7197,7148
7153,7142
7325,7149
7256,7149
7211,7158
7271,7147
7273,7154
7382,7152
7147,7140
7181,7157
7202,7152
7202,7149
7320,7147
7165,7167
7342,7154
7275,7149
7151,7161
7297,7157
7099,7158
7254,7159
7111,7151
7119,7154
7319,7153
7171,7157
7320,7168
7213,7161
7162,7163
7231,7149
7213,7161
7268,7153
7233,7148
7170,7158
7287,7160
7243,7149
7277,7162
7248,7158
7149,7159
7263,7162
7179,7158
7300,7151
7235,7164
7186,7168
7291,7161
7143,7152
7218,7151
7191,7153
7187,7159
7382,7155
7126,7156
7386,7160
7218,7153
7123,7154
7207,7149
7134,7171
7227,7153
7157,7160
7211,7148
7218,7149
7256,7173
7253,7155
7203,7151
7189,7160
7247,7135
7194,7153
7235,7154
7325,7155
7249,7160
7370,7149
7137,7159
7402,7159
7226,7146
7130,7151
7268,7163
7142,7157
7270,7161
7286,7158
7149,7167
7305,7153
7161,7158
7382,7154
7200,7156
7337,7169
7451,7170
7342,7175
7516,7185
7433,7172
7408,7195
7404,7200
7488,7200
7499,7214
7489,7215
7527,7227
7447,7246
7583,7256
7471,7255
7540,7274
7508,7276
7535,7286
7569,7277
7572,7283
7575,7284
7619,7311
7522,7315
7593,7319
7633,7328
7647,7335
7653,7344
7647,7348
7650,7379
7648,7380
7558,7377
7666,7389
7695,7409
7599,7398
7674,7400
7560,7422
7633,7428
7655,7437
7708,7436
7713,7443
7691,7455
7760,7471
7729,7479
7698,7478
7745,7484
7754,7507
7682,7513
7747,7514
7731,7538
7726,7535
7678,7540
7723,7545
7745,7561
7681,7558
7780,7573
7684,7585
7701,7584
7834,7600
7797,7604
7722,7611
7762,7622
7863,7616
7803,7632
7782,7646
7768,7656
7850,7633
7844,7684
7832,7689
7733,7690
7891,7695
7894,7686
7897,7713
7818,7744
7810,7734
7865,7737
7915,7744
7947,7753
7935,7752
7868,7753
7838,7791
7873,7784
7834,7785
7896,7785
7969,7813
7977,7802
7935,7823
7892,7850
7902,7822
7886,7845
7894,7868
7926,7835
7949,7854
7937,7880
8000,7882
8008,7891
8027,7912
8045,7909
8030,7907
8050,7923
8000,7937
8021,7942
7993,7944
7886,7934
7963,7953
7918,7937
7926,7948
7878,7936
7900,7967
7853,7940
7867,7961
7866,7959
7833,7973
7830,7960
7828,7948
7842,7948
7839,7948
7816,7974
7800,7949
7789,7942
7831,7959
7821,7978
7810,7954
7808,7943
7802,7954
7811,7968
7780,7961
7770,7950
7796,7958
7809,7948
7786,7959
7799,7961
7797,7957
7778,7984
7817,7946
7789,7963
7805,7953
7796,7952
7769,7950
7773,7975
7757,7956
7769,7955
7840,7964
7779,7938
7799,7944
7823,7956
7785,7950
7822,7944
7807,7972
7847,7955
7865,7962
7975,7975
8041,7951
8181,7969
8238,7982
8342,7983
8397,7992
8419,7991
8474,7976
8420,7998
8469,8011
8510,8038
8511,8026
8437,8038
8458,8042
8465,8051
8456,8058
8432,8083
8413,8074
8403,8078
8420,8090
8506,8109
8550,8105
8525,8112
8578,8122
8562,8130
8446,8132
8443,8143
8436,8152
8595,8154
8609,8162
8635,8179
8568,8183
8513,8193
8512,8198
8617,8204
8639,8219
8677,8226
8591,8233
8622,8251
8658,8243
8666,8247
8617,8263
8543,8271
8606,8287
8728,8288
8655,8308
8600,8306
8579,8305
8682,8326
8530,8327
8477,8337
8679,8354
8756,8354
8577,8366
8642,8371
8843,8366
8624,8379
8723,8398
8738,8400
8655,8411
8667,8424
8752,8425
8674,8439
8661,8443
8780,8446
8618,8461
8736,8459
8767,8486
8650,8483
8734,8490
8775,8494
8690,8501
8844,8501
8731,8522
8838,8516
8718,8538
8818,8542
8727,8545
8771,8565
8878,8580
8810,8577
8771,8577
8780,8574
8896,8606
8820,8612
8916,8615
8839,8614
8901,8628
8902,8644
8966,8657
8835,8659
8895,8669
8906,8665
8969,8676
8905,8690
8842,8692
8951,8696
8872,8701
8913,8729
8849,8736
8836,8727
8813,8736
8683,8742
8791,8749
8592,8746
8746,8744
8585,8750
8788,8778
8834,8751
8663,8755
8774,8745
8669,8752
8633,8749
8711,8769
8648,8749
8793,8750
8700,8755
8750,8759
8821,8763
8565,8764
8755,8763
8580,8751
8696,8758
8744,8753
8650,8751
8683,8760
8639,8750
8706,8760
8673,8755
8624,8751
8716,8764
8580,8757
8643,8768
8726,8758
8701,8766
8708,8746
8556,8752
8601,8761
8642,8750
8599,8756
8730,8759
8507,8775
8645,8760
8786,8761
8614,8753
8772,8759
8567,8758
8782,8765
8575,8763
8582,8756
8860,8762
8675,8761
8862,8751
8754,8757
8578,8753
8788,8755
8581,8756
8603,8762
8811,8754
8639,8757
8746,8755
8670,8742
8763,8766
8653,8753
8591,8756
8735,8757
8597,8737
8748,8756
8712,8753
8733,8760
8719,8755
8609,8757
8661,8758
8660,8750
8647,8771
8768,8753
8529,8760
8822,8761
8806,8758
8593,8758
8787,8755
8596,8758
8672,8764
8603,8749
8681,8763
8764,8762
8673,8750
8699,8745
8670,8750
8589,8755
8744,8749
8590,8736
8703,8754
8760,8745
8713,8758
8702,8759
8527,8754
8806,8753
8660,8757
8537,8747
8762,8761
8517,8754
8702,8758
8767,8744
8776,8759
8812,8751
8596,8769
8669,8763
8714,8758
8668,8762
8780,8753
8643,8762
8815,8760
8695,8761
8619,8767
8747,8753
8519,8769
8717,8758
8558,8755
8597,8769
8809,8754
8606,8761
8764,8762
8690,8751
8642,8757
8704,8761
8590,8756
8697,8749
8737,8772
8718,8757
8798,8761
8662,8763
8808,8752
8697,8759
8642,8750
8709,8757
8567,8744
8792,8758
8771,8749
8773,8756
8764,8758
8639,8746
8644,8767
8616,8762
8658,8767
8740,8772
8629,8760
8725,8762
8757,8744
8640,8749
8740,8751
8599,8756
8734,8764
8640,8754
8670,8760
8719,8756
8540,8751
8757,8746
8582,8751
8606,8765
8787,8757
8499,8754
8708,8752
8740,8746
8780,8763
8784,8756
8621,8766
8594,8765
8738,8758
8641,8760
8788,8748
8647,8760
8760,8756
8734,8762
8598,8752
8678,8752
8625,8754
8704,8756
8632,8762
8601,8759
8761,8752
8632,8754
8722,8751
8674,8749
8538,8773
8715,8760
8535,8751
8706,8756
8776,8755
8667,8760
8747,8764
8600,8738
8758,8762
8648,8755
8565,8767
8658,8746
8672,8764
8814,8761
8744,8754
8811,8765
8826,8756
8580,8745
8718,8748
8680,8761
8667,8746
8759,8746
8558,8752
8848,8772
8768,8753
8614,8756
8766,8756
8585,8752
8729,8760
8594,8755
8671,8764
8759,8758
8596,8765
8757,8761
8638,8765
8626,8742
8709,8759
8580,8763
8757,8761
8784,8750
8728,8751
8748,8760
8575,8758
8842,8763
8658,8759
8665,8766
8784,8756
8626,8767
8746,8758
8740,8756
8737,8753
8723,8757
8651,8763
8716,8752
8660,8754
8797,8749
8817,8758
8612,8759
8823,8751
8725,8758
8639,8762
8677,8752
8577,8758
8758,8754
8553,8746
8662,8755
8745,8758
8617,8754
8786,8756
8657,8748
8569,8751
8704,8756
8597,8747
8729,8753
8745,8738
8742,8752
8757,8753
8607,8767
8781,8754
8656,8750
8646,8771
8764,8754
8631,8761
8803,8756
8733,8760
8764,8761
8751,8767
8667,8754
8745,8749
8579,8754
8679,8760
8829,8747
8666,8764
8780,8758
8687,8750
8622,8752
8716,8762
8559,8754
8749,8755
8615,8751
8697,8763
8700,8756
8549,8757
8798,8757
8610,8756
8624,8761
8715,8747
8609,8750
8796,8759
8742,8748
8701,8756
8763,8759
8642,8745
8831,8760
8708,8755
8633,8756
8753,8751
8606,8758
8798,8754
8692,8749
8790,8750
8674,8758
8609,8754
8773,8762
8610,8759
8741,8758
8666,8752
8755,8748
8794,8753
8623,8753
8585,8758
8664,8752
8559,8748
8815,8752
8656,8760
8763,8753
8676,8763
8575,8759
8814,8758
8614,8754
8650,8755
8610,8756
8590,8755
8767,8764
8693,8746
8776,8744
8759,8752
8615,8753
8768,8757
8598,8752
8741,8757
8862,8739
8641,8748
8842,8772
8684,8748
8774,8763
8702,8753
8539,8748
8696,8764
8626,8759
8666,8755
8689,8764
8688,8762
8738,8749
8656,8750
8675,8745
8677,8768
8658,8759
8723,8751
8683,8749
8702,8754
8729,8760
8600,8760
8786,8745
8659,8760
8595,8759
8778,8758
8637,8753
8802,8765
8696,8750
8793,8761
8717,8749
8527,8762
8730,8758
8577,8756
8747,8761
8795,8760
8625,8758
8799,8753
8674,8757
8677,8764
8678,8753
8565,8754
8808,8766
8585,8761
8654,8758
8780,8752
8649,8753
8808,8756
8636,8745
8631,8763
8698,8766
8641,8755
8647,8764
8693,8756
8728,8751
8735,8766
8676,8752
8728,8760
8637,8766
8729,8765
8728,8758
8699,8763
8784,8758
8558,8763
8825,8751
8630,8760
8536,8760
8727,8753
8572,8767
8677,8752
8706,8754
8517,8755
8618,8740
8449,8740
8491,8735
8414,8725
8437,8731
8666,8714
8337,8701
8552,8707
8411,8685
8269,8697
8380,8678
8364,8666
8482,8660
8336,8663
8362,8649
8356,8644
8331,8633
8332,8614
8405,8602
8303,8612
8327,8591
8291,8596
8340,8602
8307,8572
8287,8573
8284,8562
8289,8548
8359,8550
8210,8544
8307,8524
8139,8532
8228,8519
8310,8514
8236,8491
8337,8484
8172,8479
8305,8474
8214,8459
8271,8459
8362,8453
8267,8448
8226,8433
8329,8430
8224,8424
8270,8406
8262,8402
8215,8384
8313,8381
8284,8378
8232,8377
8139,8359
8183,8348
8073,8333
8192,8331
8371,8335
8472,8332
8205,8311
8104,8303
8111,8297
8196,8289
8122,8274
8180,8263
8176,8270
8119,8270
8041,8244
8092,8247
8126,8239
8108,8222
8041,8210
8046,8203
8085,8199
8103,8200
8081,8180
8077,8186
8056,8181
8016,8182
7961,8161
8130,8150
8189,8143
8008,8127
8052,8124
8016,8125
7965,8106
7981,8102
8031,8083
8047,8075
8095,8084
8060,8050
8035,8040
8017,8066
8014,8037
7969,8041
7901,8019
7953,8029
7943,8013
7928,8000
7872,7999
7951,7990
7940,7954
7959,7960
8041,7988
8037,7988
8086,7975
8041,7967
8069,7967
8071,7944
8073,7947
8122,7951
8059,7961
8122,7959
8143,7974
8093,7940
8106,7975
8132,7965
8134,7967
8137,7952
8144,7964
8156,7961
8179,7977
8163,7933
8131,7966
8174,7964
8171,7979
8158,7966
8157,7917
8158,7949
8145,7940
8153,7942
8170,7950
8148,7955
8174,7961
8172,7966
8163,7958
8166,7957
8157,7951
8157,7961
8168,7943
8146,7949
8194,7969
8153,7964
8121,7958
8152,7960
8145,7953
8135,7958
8131,7946
8166,7951
8148,7952
8130,7951
8063,7948
7966,7961
7847,7942
7728,7944
7653,7946
7639,7930
7542,7925
7572,7922
7468,7916
7459,7915
7406,7887
7454,7905
7433,7887
7434,7867
7432,7883
7460,7862
7462,7847
7443,7843
7488,7836
7444,7839
7449,7810
7376,7810
7349,7803
7326,7796
7379,7772
7405,7781
7383,7767
7387,7759
7424,7745
7292,7749
7324,7728
7274,7716
7355,7723
7381,7727
7390,7724
7347,7697
7308,7664
7353,7684
7417,7677
7338,7671
7296,7664
7253,7643
7312,7640
7316,7617
7329,7646
7251,7610
7324,7612
7445,7603
7332,7576
7053,7588
7295,7575
7256,7569
7061,7579
7307,7549
7207,7541
7243,7535
7181,7538
7278,7524
7250,7507
7126,7509
7221,7499
7108,7508
7116,7482
7210,7482
7129,7462
7120,7453
7177,7456
7147,7439
7244,7444
7225,7438
7152,7423
7261,7414
7092,7406
7190,7387
7185,7380
7104,7369
7240,7371
7044,7373
7258,7357
7057,7346
7165,7340
7112,7328
7124,7325
7149,7323
7049,7298
7013,7306
7007,7302
7045,7283
7045,7273
7047,7270
6932,7260
7090,7254
7139,7236
6995,7237
6894,7227
6971,7219
6991,7218
6804,7211
6997,7195
6955,7185
7021,7187
7051,7167
7112,7184
7129,7158
7065,7164
7230,7166
7202,7172
7136,7171
7147,7160
7161,7158
7241,7156
7074,7156
7237,7154
7297,7157
7190,7148
7311,7155
7111,7130
7115,7161
7120,7154
7118,7167
7283,7159
7318,7157
7264,7158
7268,7141
7120,7165
7424,7165
7149,7155
7181,7154
7315,7150
7182,7154
7314,7162
7321,7165
7231,7149
7375,7151
7256,7165
7207,7146
7264,7168
7222,7164
7298,7157
7203,7156
7310,7157
7218,7169
7140,7160
7176,7146
7095,7165
7325,7153
7086,7148
7199,7156
7166,7160
7093,7156
7285,7152
7173,7148
7130,7154
7307,7159
7160,7155
7167,7154
7192,7167
7221,7156
7225,7150
7092,7167
7246,7152
7047,7171
7162,7155
7330,7154
7150,7154
7350,7156
7245,7149
7288,7162
7261,7146
7008,7150
7190,7157
7230,7151
7163,7166
7376,7155
7235,7165
7316,7149
7118,7159
7162,7150
7123,7147
7155,7146
7293,7149
7136,7139
7157,7150
7243,7153
7199,7155
7269,7152
7177,7156
7218,7153
7215,7153
7185,7155
7342,7151
7248,7151
7295,7150
7337,7157
7153,7153
7321,7166
7159,7148
7226,7163
7339,7153
7164,7160
7302,7155
7200,7155
7402,7158
7140,7159
7166,7161
7334,7155
7111,7155
7193,7172
7265,7147
7188,7153
7301,7162
7198,7152
7168,7150
7220,7159
7156,7147
7211,7161
7112,7152
7121,7155
7276,7160
7055,7156
7289,7146
7128,7155
7208,7158
7210,7149
7228,7167
7336,7156
7178,7151
7333,7163
7263,7158
7115,7153
7318,7164
7115,7163
7295,7152
7359,7152
7192,7154
7313,7148
7118,7167
7247,7155
7147,7147
7076,7158
7283,7146
7140,7156
7210,7154
7226,7154
7226,7151
7242,7155
7245,7151
7157,7152
7186,7150
7136,7150
7279,7157
7097,7140
7274,7169
7262,7158
7076,7179
7319,7157
7136,7144
7149,7155
7189,7158
7125,7159
7295,7150
7198,7164
7347,7158
7269,7148
7203,7160
7215,7148
7201,7156
7252,7152
7224,7142
7191,7158
7263,7150
7153,7153
7240,7153
7176,7140
7158,7146
7253,7153
7140,7158
7194,7160
7293,7141
7266,7157
7256,7163
7185,7160
7142,7155
7225,7151
7180,7151
7292,7151
7118,7163
7262,7172
7298,7153
7228,7157
7293,7149
7087,7161
7183,7167
7118,7152
7203,7155
7293,7164
7172,7145
7301,7158
7211,7149
7158,7154
7180,7150
7147,7162
7232,7157
7289,7171
7217,7160
7197,7155
7234,7160
7286,7165
7154,7146
7204,7149
7312,7149
7216,7162
7290,7164
7235,7151
7223,7161
7329,7152
7096,7159
7213,7153
7164,7160
7132,7159
7433,7153
7101,7144
7369,7151
7290,7150
7162,7162
7302,7152
7161,7166
7263,7169
7257,7146
7217,7170
7304,7153
7179,7156
7223,7151
7171,7162
7295,7148
7277,7151
7214,7171
7212,7158
7298,7153
7279,7159
7222,7157
7163,7167
7189,7153
7220,7152
7113,7153
7240,7146
7170,7161
7223,7155
7225,7150
7150,7163
7273,7151
7100,7156
7276,7154
7134,7146
7315,7155
7322,7153
7029,7166
7315,7154
7165,7160
7142,7155
7143,7154
7148,7135
7222,7154
7299,7162
7210,7155
7228,7150
7213,7146
7245,7155
7166,7143
7227,7156
7251,7155
7149,7156
7195,7146
7268,7155
7204,7179
7274,7163
7179,7154
7217,7157
7167,7154
7160,7151
7356,7162
7104,7143
7329,7147
7234,7148
7090,7161
7267,7151
7126,7160
7209,7151
7112,7157
7215,7146
7284,7148
7169,7155
7206,7147
7213,7152
7285,7161
7209,7169
7259,7150
7281,7149
7254,7151
7320,7169
7248,7160
7104,7155
7351,7159
7141,7148
7121,7150
7364,7154
7093,7145
7251,7157
7250,7156
7236,7152
7342,7153
7135,7142
7192,7149
7116,7143
7236,7164
7330,7153
7186,7148
7289,7144
7174,7152
7162,7152
7257,7134
7158,7145
7223,7156
7194,7156
7294,7147
7290,7162
7196,7150
7290,7163
7206,7145
7286,7168
7234,7163
7135,7151
7310,7161
7366,7143
7242,7156
7307,7159
7160,7160
7290,7167
7134,7152
7183,7160
7360,7148
7130,7144
7402,7150
7230,7151
7368,7160
7224,7133
7129,7150
7215,7165
7131,7151
7237,7147
7330,7155
7208,7159
7248,7159
7281,7152
7229,7154
7308,7149
7274,7147
7166,7159
7203,7152
7251,7164
7298,7152
7195,7155
7256,7149
7175,7149
7216,7142
7169,7145
7083,7145
7289,7150
7284,7142
7284,7168
7326,7134
7202,7156
7300,7152
7108,7153
7267,7167
7351,7153
7137,7154
7281,7140
7130,7162
7355,7162
7195,7148
7124,7147
7207,7159
7227,7156
7217,7156
7219,7150
7296,7155
7246,7154
7201,7153
7208,7160
7274,7168
7047,7146
7313,7150
7127,7154
7279,7150
7338,7163
7131,7158
7307,7148
7183,7151
7134,7150
7310,7151
7204,7158
7305,7154
7277,7158
7325,7151
7265,7151
7208,7159
7316,7168
7283,7168
7466,7169
7473,7182
7418,7176
7542,7193
7408,7199
7462,7211
7498,7210
7477,7218
7534,7230
7474,7249
7561,7229
7475,7243
7568,7253
7474,7267
7619,7269
7568,7271
7544,7296
7588,7293
7595,7296
7555,7306
7586,7326
7572,7333
7623,7337
7631,7340
7698,7355
7640,7370
7641,7361
7667,7386
7588,7383
7691,7399
7676,7405
7577,7412
7643,7412
7670,7434
7693,7432
7669,7439
7722,7442
7672,7453
7740,7461
7789,7464
7706,7456
7714,7490
7741,7500
7684,7503
7716,7498
7755,7512
7760,7526
7721,7520
7823,7536
7672,7559
7656,7565
7666,7558
7733,7555
7651,7590
7816,7590
7856,7588
7781,7607
7714,7615
7775,7616
7862,7639
7784,7650
7733,7662
7779,7657
7869,7665
7835,7692
7818,7687
7778,7688
7899,7692
7911,7715
7869,7713
7777,7711
7825,7733
7861,7742
7923,7759
7939,7756
7881,7759
7833,7758
7811,7784
7843,7805
7888,7791
7942,7804
7949,7806
7945,7823
7909,7838
7945,7838
7854,7813
7878,7851
7912,7839
7948,7838
7947,7888
7975,7900
8015,7894
8039,7909
8021,7920
8061,7884
8072,7921
7994,7928
7937,7941
7974,7937
7960,7939
7941,7938
7913,7932
7871,7956
7880,7952
7864,7919
7901,7930
7858,7953
7817,7953
7856,7942
7841,7953
7827,7953
7827,7953
7827,7956
7824,7977
7794,7934
7834,7955
7793,7957
7836,7970
7802,7935
7781,7969
7815,7924
7810,7951
7802,7956
7827,7964
7808,7947
7803,7956
7823,7958
7788,7960
7796,7937
7793,7958
7802,7934
7803,7929
7761,7961
7789,7967
7789,7974
7789,7955
7751,7944
7790,7943
7793,7957
7773,7965
7799,7954
7797,7959
7791,7966
7800,7938
7827,7955
7818,7954
7843,7949
7912,7948
8053,7955
8078,7928
8180,7951
8340,7980
8370,7987
8400,7983
8441,7995
8409,7988
8467,8010
8491,8013
8502,8024
8484,8030
8477,8029
8481,8026
8459,8058
8427,8052
8437,8064
8380,8086
8415,8089
8459,8095
8519,8101
8535,8122
8556,8106
8465,8124
8451,8133
8452,8139
8428,8147
8506,8152
8577,8159
8667,8174
8579,8162
8544,8189
8568,8203
8587,8209
8680,8214
8628,8231
8632,8237
8560,8245
8629,8237
8677,8256
8647,8258
8607,8277
8543,8277
8648,8292
8668,8289
8610,8313
8574,8307
8703,8324
8633,8327
8529,8331
8491,8341
8684,8345
8640,8360
8696,8368
8559,8367
8638,8384
8667,8394
8646,8395
8773,8404
8660,8405
8714,8422
8792,8422
8595,8428
8681,8454
8751,8453
8616,8466
8755,8468
8709,8473
8705,8478
8792,8494
8707,8503
8750,8515
8713,8499
8803,8527
8797,8533
8722,8530
8854,8564
8734,8560
8870,8560
8830,8573
8890,8574
8794,8590
8788,8590
8823,8609
8862,8604
8861,8604
8898,8632
8849,8638
8966,8650
8879,8662
8940,8662
8887,8664
8935,8677
8877,8695
9020,8695
8869,8698
8980,8698
8942,8714
8824,8727
8877,8734
8813,8733
8862,8749
8721,8752
8915,8737
8723,8739
8596,8761
8753,8747
8632,8754
8716,8757
8773,8749
8678,8762
8761,8749
8637,8754
8645,8752
8594,8760
8576,8757
8775,8747
8653,8761
8745,8756
8628,8751
8591,8762
8665,8773
8536,8762
8688,8753
8582,8760
8624,8765
8753,8759
8641,8758
8774,8751
8760,8752
8539,8765
8697,8756
8542,8744
8731,8749
8732,8753
8677,8755
8690,8757
8658,8755
8706,8763
8632,8761
8560,8764
8709,8755
8611,8754
8743,8765
8718,8756
8768,8753
8772,8756
8573,8744
8619,8755
8617,8751
8682,8757
8770,8743
8652,8747
8730,8758
8738,8758
8666,8753
8702,8755
8663,8758
8722,8750
8620,8762
8671,8761
8786,8755
8683,8752
8790,8764
8628,8755
8617,8755
8588,8755
8598,8748
8815,8748
8720,8746
8710,8764
8831,8755
8550,8755
8793,8766
8590,8757
8592,8762
8800,8754
8602,8753
8766,8753
8706,8756
8763,8761
8692,8749
8553,8748
8698,8755
8587,8730
8608,8760
8755,8760
8604,8764
8791,8762
8713,8760
8562,8761
8708,8740
8601,8747
8807,8741
8539,8750
8665,8753
8799,8748
8667,8767
8754,8755
8647,8760
8551,8757
8687,8750
8605,8767
8763,8764
8743,8755
8725,8754
8716,8763
8607,8764
8833,8758
8580,8763
8691,8767
8793,8755
8637,8763
8802,8761
8699,8764
8718,8761
8767,8755
8632,8762
8659,8760
8696,8763
8671,8745
8725,8750
8680,8785
8867,8760
8665,8753
8639,8762
8649,8753
8694,8760
8819,8757
8632,8766
8662,8747
8774,8752
8602,8764
8814,8756
8595,8762
8598,8751
8705,8753
8555,8755
8763,8750
8778,8754
8737,8763
8739,8759
8602,8748
8744,8741
8726,8755
8660,8756
8680,8774
8754,8743
8770,8759
8674,8754
8713,8761
8646,8760
8618,8756
8742,8763
8608,8750
8762,8754
8737,8751
8728,8758
8841,8760
8632,8749
8554,8761
8630,8757
8603,8753
8805,8753
8544,8742
8662,8767
8818,8753
8615,8755
8801,8767
8591,8749
8669,8766
8604,8762
8594,8747
8753,8758
8672,8766
8773,8752
8730,8763
8595,8762
8789,8772
8673,8759
8687,8759
8743,8755
8662,8754
8820,8760
8610,8754
8748,8758
8638,8754
8622,8772
8711,8740
8618,8748
8639,8761
8682,8753
8579,8757
8770,8740
8621,8754
8676,8752
8585,8746
8594,8765
8808,8751
8802,8757
8769,8765
8772,8763
8674,8761
8779,8744
8585,8761
8604,8762
8725,8753
8648,8762
8710,8757
8711,8752
8732,8763
8711,8753
8596,8756
8734,8751
8598,8737
8759,8759
8726,8766
8698,8761
8781,8754
8664,8762
8600,8756
8648,8758
8475,8754
8759,8758
8563,8760
8668,8757
8774,8750
8651,8752
8825,8756
8637,8746
8663,8753
8689,8749
8605,8751
8743,8771
8723,8756
8753,8763
8705,8754
8624,8771
8772,8768
8595,8743
8686,8755
8799,8759
8663,8749
8794,8762
8657,8756
8808,8752
8657,8761
8579,8743
8749,8757
8607,8757
8647,8756
8789,8755
8675,8760
8802,8764
8699,8748
8639,8754
8667,8760
8679,8755
8841,8762
8620,8746
8760,8769
8768,8761
8620,8753
8759,8765
8577,8752
8634,8758
8623,8750
8571,8755
8780,8756
8760,8746
8738,8753
8737,8754
8556,8747
8769,8758
8731,8754
8771,8745
8721,8757
8683,8761
8743,8760
8532,8752
8814,8753
8613,8770
8565,8768
8756,8763
8537,8771
8714,8765
8797,8761
8770,8756
8910,8772
8692,8752
8683,8761
8717,8750
8650,8761
8780,8759
8592,8757
8718,8761
8744,8762
8650,8745
8716,8764
8626,8745
8659,8763
8667,8747
8622,8760
8735,8756
8641,8752
8783,8749
8627,8748
8581,8753
8731,8762
8572,8759
8689,8759
8741,8755
8682,8753
8796,8755
8631,8770
8732,8760
8655,8751
8790,8764
8812,8760
8663,8758
8798,8751
8711,8755
8820,8767
8762,8750
8566,8756
8629,8758
8614,8743
8629,8765
8821,8769
8578,8765
8755,8756
8744,8759
8571,8764
8733,8760
8592,8762
8686,8765
8592,8770
8656,8748
8815,8761
8642,8745
8787,8755
8655,8758
8619,8757
8742,8750
8575,8768
8739,8772
8764,8762
8765,8771
8850,8744
8657,8751
8771,8756
8661,8747
8656,8762
8763,8768
8593,8757
8622,8761
8728,8755
8708,8751
8736,8763
8606,8759
8673,8748
8593,8756
8625,8758
8805,8762
8634,8751
8833,8768
8641,8756
8574,8758
8682,8768
8547,8768
8705,8756
8797,8755
8660,8756
8806,8753
8618,8753
8769,8753
8686,8760
8576,8768
8672,8760
8655,8758
8675,8757
8705,8755
8702,8757
8765,8754
8671,8755
8691,8758
8670,8750
8727,8766
8729,8755
8663,8753
8766,8753
8717,8756
8650,8759
8738,8748
8593,8758
8729,8775
8521,8755
8669,8748
8803,8759
8599,8765
8787,8754
8654,8757
8623,8748
8676,8766
8560,8756
8633,8749
8621,8745
8661,8748
8620,8727
8356,8729
8659,8727
8329,8718
8435,8704
8541,8709
8370,8700
8499,8695
8333,8681
8574,8679
8326,8675
8289,8668
8348,8660
8364,8642
8331,8627
8360,8617
8264,8622
8289,8619
8324,8597
8282,8591
8252,8594
8355,8582
8298,8556
8300,8588
8232,8559
8360,8543
8293,8549
8280,8519
8247,8518
8201,8510
8218,8510
8300,8491
8358,8507
8203,8491
8190,8471
8337,8474
8218,8456
8349,8435
8330,8446
8271,8434
8294,8423
8269,8428
8229,8414
8245,8402
8272,8397
8276,8389
8265,8379
8229,8384
8277,8358
8266,8363
8092,8336
8187,8345
8363,8337
8410,8321
8181,8322
7994,8312
8237,8327
8167,8294
8118,8284
8078,8267
8188,8283
8159,8247
8113,8252
8051,8231
8083,8234
8110,8232
8133,8223
8039,8218
8051,8188
8052,8197
8132,8188
8070,8173
8054,8163
7966,8171
7968,8164
8122,8150
8144,8147
8122,8137
8073,8108
8014,8108
7965,8099
7957,8103
7993,8104
8039,8084
8038,8066
8070,8077
8071,8052
8023,8090
8024,8043
7981,8022
7955,8040
7922,8022
7939,8009
7902,8010
7914,8000
7908,7978
7883,7977
8046,7988
7988,7977
8049,7983
7998,7945
8025,7949
8067,7974
8086,7956
8097,7941
8061,7963
8070,7953
8096,7960
8173,7932
8123,7971
8114,7977
8111,7958
8160,7942
8124,7981
8139,7951
8189,7963
8128,7957
8159,7942
8165,7945
8167,7956
8131,7938
8182,7964
8170,7952
8149,7973
8152,7949
8164,7967
8174,7951
8161,7967
8162,7956
8164,7966
8169,7958
8155,7944
8139,7951
8165,7962
8130,7961
8135,7969
8156,7945
8163,7959
8142,7960
8158,7958
8145,7957
8127,7962
8135,7955
8158,7950
8126,7962
8131,7953
8120,7937
7995,7954
7907,7961
7764,7962
7695,7964
7596,7910
7557,7912
7456,7927
7519,7923
7514,7909
7399,7930
7452,7884
7429,7883
7418,7871
7423,7892
7393,7865
7453,7850
7462,7856
7449,7835
7446,7819
7448,7809
7409,7816
7352,7808
7310,7792
7356,7798
7312,7789
7429,7781
7384,7775
7402,7754
7388,7754
7335,7743
7306,7720
7340,7736
7423,7706
7412,7723
7403,7698
7321,7689
7285,7681
7412,7669
7407,7674
7306,7661
7286,7671
7276,7648
7332,7635
7357,7637
7254,7610
7202,7624
7226,7605
7396,7611
7136,7585
7184,7589
7304,7586
7090,7552
7148,7556
7220,7553
7269,7545
7101,7549
7168,7528
7237,7515
7109,7519
7114,7499
7239,7490
7090,7496
7154,7481
7244,7446
7170,7468
7196,7442
7250,7445
7149,7442
7201,7427
7101,7413
7157,7421
7128,7403
7198,7394
7254,7396
7086,7392
7210,7383
7208,7357
7113,7363
7149,7349
7102,7344
7176,7332
7071,7311
7161,7326
7087,7292
7112,7306
6992,7304
7056,7289
7018,7277
7087,7266
6993,7274
7032,7262
6958,7254
7006,7216
6948,7219
7044,7226
6966,7215
6906,7214
6954,7208
6954,7189
7036,7186
7048,7176
7036,7164
7098,7167
7217,7164
6996,7161
7005,7145
7183,7160
7129,7164
7230,7162
7183,7153
7145,7155
7215,7161
7075,7154
7234,7163
7195,7161
7270,7164
7226,7162
7044,7184
7342,7160
7189,7153
7114,7162
7377,7164
7077,7157
7318,7162
7430,7154
7202,7164
7375,7156
7203,7164
7198,7152
7263,7164
7140,7161
7311,7144
7177,7158
7286,7157
7234,7144
7226,7154
7305,7160
7137,7152
7300,7153
7170,7157
7158,7151
7359,7157
7162,7149
7327,7161
7240,7151
7125,7155
7214,7158
7136,7170
7296,7150
7271,7163
7251,7161
7211,7152
7248,7152
7205,7145
7153,7157
7163,7158
7289,7143
7078,7159
7282,7157
7177,7155
7023,7155
7245,7131
7049,7161
7157,7143
7101,7152
7152,7168
7320,7160
7205,7155
7332,7158
7343,7151
7193,7160
7299,7158
7122,7148
7263,7152
7339,7148
7305,7149
7242,7168
7107,7159
7336,7158
7173,7145
7152,7147
7263,7157
7182,7154
7322,7150
7338,7157
7233,7150
7339,7159
7174,7157
7242,7157
7140,7153
7158,7150
7264,7164
7149,7145
7233,7150
7237,7154
7143,7152
7255,7149
7115,7165
7237,7160
7148,7157
7242,7146
7381,7153
7141,7153
7332,7152
7196,7149
7118,7165
7174,7156
7127,7151
7234,7147
7307,7145
7168,7153
7230,7147
7198,7153
7165,7148
7243,7155
7178,7158
7201,7155
7119,7153
7273,7157
7199,7161
7274,7162
7249,7145
7154,7157
7250,7153
7125,7148
7142,7154
7336,7157
7158,7148
7352,7155
7239,7149
7117,7162
7200,7152
7119,7151
7270,7146
7156,7156
7272,7158
7261,7150
7118,7152
7344,7158
7179,7152
7153,7157
7218,7161
7211,7149
7287,7153
7220,7169
7254,7154
7291,7138
7136,7145
7378,7149
7104,7150
7135,7155
7343,7150
7093,7160
7242,7157
7347,7157
7242,7162
7346,7158
7112,7155
7190,7160
7166,7153
7202,7159
7309,7150
7199,7154
7352,7132
7130,7154
7135,7166
7179,7155
7086,7157
7218,7163
7106,7160
7193,7160
7230,7147
7194,7162
7285,7151
7231,7169
7176,7162
7174,7156
7115,7156
7323,7169
7171,7147
7257,7170
7206,7155
7181,7155
7244,7150
7156,7148
7162,7145
7329,7155
7131,7150
7281,7151
7260,7145
7303,7162
7243,7149
7123,7164
7283,7174
7105,7156
7240,7169
7263,7150
7188,7153
7290,7160
7150,7157
7125,7144
7259,7153
7191,7147
7216,7149
7284,7149
7320,7154
7286,7143
7092,7149
7354,7147
7135,7151
7194,7165
7133,7152
7157,7157
7374,7145
7367,7151
7267,7157
7311,7150
7157,7167
7314,7155
7175,7147
7207,7152
7372,7154
7142,7153
7346,7152
7162,7149
7395,7157
7189,7156
7098,7153
7252,7162
7107,7161
7215,7151
7262,7155
7163,7144
7298,7153
7247,7147
7183,7148
7199,7152
7152,7160
7313,7153
7215,7154
7254,7153
7253,7153
7242,7159
7300,7129
7204,7140
7192,7157
7177,7152
7161,7157
7274,7155
7219,7150
7292,7157
7219,7153
7124,7165
7272,7146
7074,7159
7289,7162
7217,7154
7175,7157
7280,7148
7108,7141
7147,7163
7232,7144
7133,7165
7154,7149
7250,7165
7235,7151
7226,7162
7174,7150
7296,7138
7236,7153
7216,7145
7150,7159
7178,7158
7332,7150
7309,7156
7302,7158
7303,7145
7137,7153
7271,7155
7206,7150
7143,7147
7304,7150
7214,7150
7305,7155
7188,7164
7279,7164
7152,7153
7080,7159
7267,7153
7085,7154
7190,7149
7225,7154
7224,7141
7234,7151
7159,7158
7207,7149
7153,7161
7127,7168
7296,7149
7175,7157
7199,7158
7296,7144
7130,7147
7377,7157
7140,7158
7169,7149
7173,7155
7115,7153
7275,7160
7242,7143
7296,7158
7290,7156
7116,7151
7285,7159
7089,7164
7259,7155
7268,7154
7171,7172
7239,7149
7121,7155
7303,7164
7208,7154
7151,7155
7193,7155
7182,7144
7171,7147
7276,7160
7188,7151
7283,7150
7234,7158
7187,7158
7264,7147
7213,7154
7260,7166
7214,7162
7319,7167
7224,7151
7111,7148
7323,7164
7110,7144
7154,7154
7245,7171
7171,7142
7387,7139
7233,7158
7325,7151
7234,7156
7101,7152
7171,7151
7032,7148
7246,7150
7272,7178
7184,7155
7211,7153
7234,7137
7263,7158
7208,7152
7185,7156
7241,7164
7193,7147
7195,7153
7319,7149
7187,7160
7334,7160
7173,7152
7162,7163
7233,7152
7160,7168
7281,7150
7128,7154
7262,7146
7273,7158
7106,7161
7267,7150
7174,7157
7277,7163
7110,7168
7230,7155
7309,7158
7158,7153
7349,7158
7231,7158
7152,7153
7191,7151
7163,7145
7281,7154
7273,7159
7181,7154
7320,7154
7260,7147
7385,7153
7288,7151
7123,7153
7247,7145
7183,7148
7259,7161
7310,7153
7228,7163
7362,7155
7198,7151
7204,7154
7189,7156
7216,7154
7392,7150
7132,7147
7423,7165
7346,7163
7368,7162
7320,7164
7365,7176
7477,7183
7358,7185
7464,7195
7506,7193
7494,7186
7473,7211
7451,7215
7494,7225
7494,7247
7589,7242
7519,7257
7553,7257
7527,7266
7507,7286
7575,7277
7574,7290
7519,7298
7641,7325
7660,7315
7605,7330
7587,7348
7657,7344
7662,7338
7629,7349
7532,7364
7587,7368
7640,7380
7580,7391
7639,7383
7639,7405
7688,7417
7615,7428
7695,7443
7639,7429
7633,7444
7690,7456
7682,7454
7690,7465
7730,7478
7643,7486
7727,7492
7749,7508
7724,7500
7704,7509
7805,7530
7590,7533
7764,7532
7890,7547
7759,7550
7620,7565
7721,7561
7693,7578
7690,7581
7837,7589
7771,7590
7703,7620
7761,7631
7810,7633
7825,7651
7732,7638
7787,7653
7878,7656
7848,7680
7838,7670
7784,7694
7810,7703
7945,7698
7938,7723
7841,7715
7813,7716
7856,7737
7844,7742
7929,7746
7951,7744
7825,7760
7768,7753
7856,7776
7866,7800
7961,7790
7925,7812
7971,7817
7907,7812
7887,7823
7887,7836
7877,7855
7905,7867
7924,7852
7970,7853
8008,7886
7987,7868
8016,7905
8062,7940
8080,7896
8039,7904
8052,7943
8002,7913
8002,7931
7961,7943
7926,7931
7900,7950
7866,7950
7879,7939
7882,7938
7866,7940
7887,7959
7842,7945
7864,7946
7837,7957
7819,7952
7857,7975
7805,7944
7841,7961
7827,7951
7828,7949
7803,7958
7808,7963
7789,7929
7805,7957
7801,7954
7813,7954
7826,7953
7791,7968
7822,7956
7798,7970
7766,7976
7810,7956
7805,7938
7775,7960
7778,7950
7795,7939
7753,7945
7801,7962
7794,7956
7758,7932
7776,7970
7778,7969
7815,7932
7790,7937
7811,7944
7780,7955
7799,7960
7771,7962
7814,7956
7820,7929
7824,7947
7861,7952
7971,7962
8069,7962
8176,7958
8235,7977
8326,7977
8408,7979
8434,8001
8419,8017
8460,8023
8490,8007
8511,8025
8474,8024
8475,8019
8467,8038
8455,8065
8437,8048
8430,8080
8399,8067
8399,8071
8465,8096
8478,8104
8520,8100
8588,8120
8496,8117
8564,8135
8428,8131
8448,8145
8433,8161
8630,8156
8671,8147
8594,8179
8585,8182
8561,8181
8528,8218
8674,8211
8666,8207
8613,8232
8560,8218
8603,8243
8679,8259
8623,8240
8683,8262
8548,8284
8651,8277
8708,8289
8692,8295
8550,8309
8698,8304
8707,8322
8607,8329
8497,8347
8695,8349
8761,8352
8521,8364
8569,8377
8799,8372
8747,8378
8641,8392
8759,8397
8695,8395
8629,8412
8737,8422
8692,8426
8657,8431
8815,8451
8639,8451
8720,8467
8785,8467
8665,8480
8728,8489
8679,8498
8710,8504
8760,8510
8743,8524
8893,8540
8685,8548
8900,8540
8737,8551
8834,8561
8766,8586
8757,8573
8927,8595
8797,8590
8903,8604
8787,8607
8880,8624
8856,8633
8923,8625
8876,8637
8919,8654
8867,8661
8953,8658
8859,8664
8936,8687
8839,8686
8904,8695
8965,8694
8895,8712
9013,8719
8923,8727
8732,8734
8759,8732
8791,8741
8921,8749
8685,8755
8869,8749
8695,8754
8686,8760
8725,8748
8625,8753
8731,8752
8583,8754
8668,8766
8785,8757
8588,8756
8783,8762
8664,8762
8716,8758
8640,8757
8706,8759
8748,8762
8584,8755
8801,8767
8716,8753
8588,8750
8772,8764
8565,8751
8580,8752
8741,8750
8699,8767
8713,8753
8601,8747
8815,8758
8588,8751
8553,8760
8721,8759
8575,8760
8703,8758
8659,8753
8710,8765
8689,8755
8616,8765
8607,8755
8625,8755
8669,8758
8813,8763
8530,8747
8799,8760
8851,8754
8602,8759
8780,8760
8670,8757
8710,8749
8599,8764
8662,8740
8762,8756
8650,8758
8688,8752
8680,8753
8631,8759
8769,8757
8627,8750
8675,8759
8746,8760
8769,8762
8766,8770
8587,8747
8809,8765
8691,8746
8656,8759
8697,8769
8576,8754
8662,8753
8744,8752
8581,8760
8727,8763
8676,8757
8716,8755
8649,8756
8693,8768
8844,8753
8668,8759
8802,8759
8698,8757
8562,8755
8756,8760
8555,8751
8644,8755
8794,8749
8664,8750
8776,8758
8621,8758
8823,8762
8696,8763
8564,8761
8744,8747
8569,8772
8697,8753
8715,8752
8672,8768
8758,8754
8634,8755
8595,8759
8644,8748
8622,8754
8785,8756
8567,8760
8751,8753
8783,8769
8616,8758
8725,8749
8628,8750
8643,8761
8658,8748
8631,8758
8753,8751
8760,8742
8688,8762
8677,8753
8662,8753
8739,8765
8604,8753
8701,8761
8774,8747
8783,8757
8772,8759
8542,8751
8888,8761
8671,8746
8560,8762
8723,8754
8532,8784
8745,8765
8836,8765
8698,8764
8798,8753
8682,8752
8600,8750
8727,8766
8698,8767
8811,8761
8679,8752
8773,8756
8702,8744
8669,8752
8717,8762
8612,8750
8732,8753
8639,8750
8666,8778
8718,8757
8611,8752
8712,8761
8664,8755
8606,8758
8671,8753
8566,8762
8716,8750
8759,8760
8692,8761
8785,8758
8644,8768
8779,8762
8571,8752
8595,8759
8697,8756
8595,8763
8772,8760
8744,8755
8803,8753
8793,8766
8576,8753
8631,8753
8603,8759
8599,8760
8788,8755
8552,8755
8707,8763
8804,8759
8645,8774
8793,8744
8586,8744
8656,8761
8570,8751
8636,8752
8698,8758
8539,8746
8739,8764
8605,8760
8626,8758
8628,8758
8555,8764
8794,8765
8781,8746
8701,8757
8785,8756
8616,8766
8875,8750
8775,8755
8634,8757
8731,8762
8647,8751
8728,8765
8749,8759
8707,8754
8675,8754
8656,8764
8713,8761
8621,8748
8651,8759
8774,8772
8648,8756
8818,8773
8730,8761
8605,8747
8686,8747
8537,8763
8758,8759
8567,8758
8645,8766
8730,8747
8552,8756
8840,8756
8668,8759
8568,8757
8803,8762
8625,8751
8674,8761
8798,8761
8747,8742
8858,8761
8648,8749
8741,8767
8574,8758
8652,8764
8826,8753
8563,8753
8833,8762
8745,8753
8742,8760
8768,8753
8540,8734
8661,8756
8566,8759
8731,8747
8805,8749
8671,8748
8740,8755
8662,8755
8612,8760
8672,8759
8576,8759
8789,8753
8561,8763
8694,8780
8700,8752
8575,8757
8841,8756
8598,8744
8485,8761
8728,8749
8639,8763
8741,8760
8735,8760
8741,8753
8727,8763
8645,8752
8730,8753
8657,8747
8683,8769
8793,8764
8624,8765
8809,8748
8718,8752
8793,8758
8669,8760
8598,8759
8782,8772
8541,8761
8744,8756
8758,8758
8710,8762
8810,8757
8643,8768
8598,8752
8685,8754
8536,8753
8744,8768
8619,8758
8812,8762
8750,8753
8612,8770
8814,8757
8634,8763
8557,8766
8640,8761
8634,8751
8763,8759
8679,8750
8793,8750
8737,8767
8567,8753
8759,8756
8575,8766
8742,8769
8807,8756
8630,8750
8764,8758
8696,8750
8708,8758
8661,8746
8554,8760
8722,8752
8621,8774
8729,8747
8692,8761
8623,8757
8795,8736
8596,8759
8650,8751
8637,8751
8556,8752
8782,8762
8725,8751
8777,8758
8735,8730
8557,8752
8787,8765
8653,8758
8641,8759
8816,8762
8644,8770
8825,8760
8695,8756
8775,8761
8718,8755
8573,8755
8746,8760
8596,8756
8752,8755
8725,8761
8642,8755
8803,8764
8645,8754
8666,8750
8592,8752
8578,8764
8740,8749
8576,8751
8693,8752
8728,8759
8646,8764
8768,8757
8629,8752
8612,8762
8624,8749
8646,8754
8777,8756
8745,8756
8745,8752
8707,8754
8577,8759
8704,8751
8569,8749
8749,8760
8868,8760
8682,8766
8853,8755
8636,8753
8800,8747
8663,8753
8487,8757
8706,8758
8590,8752
8716,8753
8731,8753
8638,8762
8747,8760
8632,8753
8645,8747
8642,8757
8591,8753
8794,8740
8636,8762
8724,8766
8742,8761
8620,8753
8788,8754
8670,8759
8596,8752
8699,8759
8663,8753
8759,8761
8661,8754
8776,8773
8702,8764
8623,8762
8686,8762
8627,8757
8729,8758
8787,8750
8632,8755
8751,8765
8624,8752
8758,8761
8515,8757
8423,8746
8635,8739
8483,8738
8726,8741
8602,8732
8606,8718
8583,8713
8310,8705
8411,8701
8312,8692
8387,8694
8516,8684
8427,8664
8523,8670
8405,8655
8405,8633
8358,8640
8383,8646
8328,8634
8335,8617
8343,8608
8347,8599
8202,8594
8317,8573
8301,8567
8327,8570
8277,8564
8251,8556
8299,8551
8209,8543
8356,8533
8166,8526
8292,8523
8310,8497
8245,8498
8304,8491
8229,8486
8261,8478
8257,8471
8332,8451
8376,8464
8239,8442
8251,8437
8255,8425
8264,8409
8276,8406
8259,8396
8235,8393
8274,8372
8295,8372
8242,8359
8187,8357
8267,8353
8223,8343
8150,8336
8366,8324
8372,8321
8090,8315
8022,8313
8226,8304
8158,8298
8087,8292
8156,8268
8178,8279
8111,8252
8055,8254
8077,8241
8165,8234
8136,8219
8065,8215
8002,8204
8083,8207
8113,8205
8114,8180
8033,8191
8035,8173
7972,8165
7990,8142
8153,8142
8172,8125
8039,8134
8062,8118
7951,8124
8001,8106
7987,8095
8056,8077
8056,8088
8056,8071
8046,8059
8066,8043
8077,8031
8009,8035
8012,8024
7895,8028
7946,8002
7918,8015
7948,8005
7955,7988
7981,8006
8060,7985
7939,7965
8043,7960
8021,7967
8007,7978
8021,7969
8064,7952
8105,7978
8089,7952
8088,7964
8099,7968
8113,7959
8155,7953
8119,7975
8163,7966
8108,7959
8128,7955
8142,7974
8161,7957
8148,7955
8136,7957
8145,7965
8132,7958
8185,7973
8187,7964
8171,7966
8157,7953
8137,7969
8147,7962
8169,7945
8145,7941
8152,7958
8200,7958
8156,7966
8120,7952
8159,7947
8168,7946
8179,7962
8160,7966
8162,7970
8149,7944
8158,7944
8152,7944
8138,7941
8154,7957
8155,7958
8133,7954
8142,7954
8136,7972
8112,7962
8109,7964
7984,7948
7832,7943
7736,7944
7676,7923
7602,7924
7472,7917
7495,7931
7410,7919
7389,7914
7435,7889
7411,7892
7435,7886
7425,7864
7405,7871
7423,7869
7444,7841
7463,7844
7471,7821
7467,7822
7409,7830
7397,7818
7337,7801
7325,7799
7338,7792
7369,7772
7387,7769
7376,7757
7430,7753
7281,7753
7266,7738
7309,7731
7315,7715
7383,7722
7378,7712
7363,7694
7309,7698
7344,7685
7417,7681
7396,7675
7308,7652
7240,7665
7310,7652
7397,7627
7269,7637
7153,7600
7381,7611
7347,7610
7151,7601
7097,7590
7283,7592
7234,7565
7112,7557
7227,7556
7195,7551
7164,7542
7132,7527
7254,7517
7224,7518
7143,7514
7203,7504
7156,7491
7151,7475
7212,7478
7170,7478
7089,7458
7167,7465
7132,7450
7168,7440
7121,7428
7131,7430
7198,7410
6977,7403
7272,7391
7258,7393
7042,7379
7190,7382
6973,7371
7195,7353
6993,7340
7149,7341
7182,7323
7136,7317
7107,7314
7006,7301
7026,7308
7081,7288
7041,7283
7008,7271
7059,7262
7048,7261
7025,7249
7006,7245
7018,7234
6955,7226
7076,7235
6966,7213
6936,7213
6957,7192
6876,7183
7022,7173
7102,7172
7047,7179
7054,7165
6977,7178
7195,7158
7080,7160
7115,7163
7225,7150
7144,7163
7260,7156
7156,7158
7358,7167
7150,7163
7098,7149
7363,7158
7047,7147
7194,7156
7252,7150
7266,7155
7311,7150
7204,7153
7122,7158
7267,7160
7199,7151
7276,7158
7138,7150
7321,7157
7337,7157
7182,7145
7316,7160
7215,7152
7189,7147
7194,7158
7140,7131
7334,7155
7296,7154
7296,7161
7259,7159
7123,7144
7343,7155
7223,7165
7256,7162
7264,7147
7237,7150
7325,7141
7138,7147
7227,7158
7104,7155
7131,7147
7236,7156
7128,7159
7201,7161
7247,7158
7239,7159
7321,7159
7093,7145
7072,7154
7125,7153
7061,7156
7277,7154
7071,7155
7271,7157
7375,7145
7118,7152
7288,7162
7165,7160
7211,7158
7123,7154
7186,7152
7375,7149
7190,7155
7341,7152
7162,7154
7112,7157
7217,7139
7092,7148
7182,7154
7284,7155
7266,7154
7286,7151
7178,7152
7283,7166
7242,7147
7189,7151
7245,7149
7224,7152
7271,7166
7304,7159
7324,7160
7293,7163
7108,7157
7223,7158
7218,7158
7222,7156
7338,7146
7161,7152
7273,7171
7295,7163
7158,7159
7277,7148
7171,7154
7309,7157
7090,7145
7256,7153
7332,7142
7088,7157
7279,7159
7097,7151
7092,7157
7249,7154
7144,7146
7171,7154
7193,7148
7252,7159
7279,7155
7191,7161
7195,7163
7205,7155
7159,7152
7328,7151
7081,7149
7294,7158
7272,7159
7225,7153
7308,7157
7103,7150
7188,7156
7153,7149
7177,7161
7333,7161
7206,7151
7397,7147
7191,7136
7151,7159
7216,7155
7107,7160
7289,7164
7091,7150
7206,7151
7286,7153
7195,7150
7243,7159
7212,7157
7144,7157
7284,7149
7189,7159
7198,7150
7287,7151
7273,7162
7295,7154
7166,7156
7299,7152
7272,7148
7206,7155
7305,7153
7148,7145
7320,7155
7317,7160
7248,7158
7255,7153
7106,7155
7266,7140
7027,7149
7222,7152
7338,7149
7237,7170
7311,7154
7079,7148
7100,7157
7169,7141
7107,7160
7213,7167
7163,7151
7187,7153
7152,7147
7169,7154
7165,7156
7121,7152
7196,7142
7122,7156
7163,7162
7255,7164
7305,7156
7273,7145
7372,7150
7127,7153
7131,7162
7182,7148
7156,7156
7337,7159
7156,7140
7303,7160
7267,7145
7173,7154
7209,7143
7149,7160
7294,7161
7126,7143
7148,7161
7291,7171
7194,7142
7222,7159
7170,7151
7282,7155
7219,7159
7198,7154
7269,7157
7263,7160
7288,7147
7273,7156
7132,7156
7288,7159
7187,7148
7162,7163
7352,7164
7144,7163
7326,7145
7163,7151
7377,7157
7300,7149
7070,7147
7248,7154
7110,7141
7256,7144
7396,7149
7224,7154
7223,7153
7223,7143
7221,7144
7219,7155
7165,7143
7213,7150
7140,7143
7158,7161
7223,7151
7242,7151
7279,7148
7224,7148
7215,7157
7244,7157
7220,7142
7215,7145
7213,7146
7287,7160
7227,7155
7165,7151
7229,7150
7137,7158
7193,7154
7386,7161
7160,7160
7336,7148
7203,7153
7340,7169
7177,7149
7096,7157
7262,7154
7040,7156
7271,7158
7269,7163
7180,7167
7250,7168
7210,7171
7272,7152
7194,7143
7241,7157
7195,7157
7147,7149
7288,7157
7244,7162
7179,7154
7298,7151
7200,7157
7077,7166
7295,7160
7146,7160
7275,7146
7254,7158
7300,7156
7328,7151
7122,7146
7304,7141
7190,7158
7238,7163
7341,7149
7166,7153
7312,7152
7159,7153
7209,7158
7230,7160
7102,7170
7213,7151
7118,7157
7226,7150
7257,7144
7195,7148
7248,7160
7194,7149
7153,7153
7222,7156
7085,7162
7259,7146
7156,7151
7222,7155
7286,7148
7118,7148
7279,7154
7089,7139
7150,7160
7190,7156
7083,7155
7318,7142
7228,7142
7301,7156
7298,7147
7122,7143
7262,7166
7152,7157
7218,7154
7276,7157
7218,7145
7248,7155
7288,7151
7211,7149
7205,7154
7245,7155
7242,7156
7156,7152
7263,7155
7279,7158
7196,7157
7304,7160
7187,7150
7211,7154
7169,7148
7120,7162
7327,7149
7137,7153
7326,7152
7285,7149
7186,7149
7318,7155
7135,7150
7241,7150
7149,7154
7189,7163
7319,7148
7163,7150
7314,7156
7195,7144
7109,7160
7281,7152
7156,7154
7276,7147
7285,7154
7308,7157
7245,7148
7255,7151
7337,7157
7238,7137
7087,7156
7209,7158
7105,7150
7204,7163
7242,7167
7201,7155
7223,7152
7154,7153
7211,7163
7245,7160
7205,7153
7332,7155
7153,7152
7439,7152
7220,7159
7105,7160
7288,7164
7101,7162
7178,7160
7144,7152
7137,7168
7290,7154
7228,7145
7237,7159
7252,7154
7129,7152
7288,7159
7166,7167
7250,7164
7349,7151
7198,7161
7327,7159
7231,7159
7345,7156
7229,7155
7194,7164
7261,7151
7147,7157
7283,7159
7418,7153
7145,7153
7304,7158
7150,7152
7221,7154
7208,7149
7293,7155
7385,7158
7354,7155
7482,7174
7365,7173
7349,7193
7470,7187
7385,7203
7440,7207
7498,7211
7505,7227
7493,7232
7506,7236
7503,7235
7518,7241
7536,7249
7565,7257
7518,7253
7559,7282
7592,7295
7571,7288
7635,7297
7590,7328
7562,7312
7573,7325
7626,7331
7622,7329
7635,7358
7609,7360
7638,7367
7606,7374
7538,7371
7661,7389
7593,7406
7610,7404
7715,7411
7575,7418
7690,7440
7628,7444
7710,7446
7688,7451
7644,7453
7669,7466
7702,7476
7672,7492
7750,7462
7675,7494
7667,7510
7755,7520
7716,7528
7751,7544
7686,7542
7695,7543
7722,7579
7700,7553
7794,7574
7679,7583
7734,7589
7844,7593
7773,7603
7743,7618
7796,7630
7855,7633
7794,7621
7764,7656
7781,7657
7843,7663
7849,7664
7725,7678
7752,7683
7858,7697
7935,7717
7877,7718
7845,7719
7784,7735
7875,7729
7882,7745
7934,7755
7925,7765
7825,7757
7815,7768
7890,7812
7933,7794
7926,7793
7989,7801
7930,7824
7923,7828
7890,7832
7892,7844
7889,7852
7910,7861
7972,7840
7983,7878
8025,7877
7996,7872
8008,7889
8028,7877
8052,7892
8065,7912
8062,7918
7897,7920
7981,7952
7961,7964
7974,7929
7933,7947
7894,7924
7890,7951
7878,7952
7860,7961
7874,7954
7854,7948
7808,7973
7832,7969
7820,7974
7829,7960
7848,7952
7805,7941
7843,7961
7848,7954
7797,7972
7805,7939
7820,7944
7798,7954
7828,7949
7813,7943
7796,7951
7816,7931
7824,7963
7789,7965
7794,7951
7810,7972
7766,7960
7825,7950
7779,7946
7820,7939
7757,7959
7807,7956
7786,7965
7819,7964
7767,7936
7787,7959
7787,7944
7783,7946
7805,7949
7780,7976
7768,7953
7824,7952
7839,7962
7797,7957
7849,7953
7869,7981
8004,7968
8102,7959
8194,7970
8264,7967
8328,7977
8431,7994
8386,7996
8440,8000
8438,8005
8474,8008
8496,8020
8491,8029
8444,8029
8439,8053
8464,8065
8424,8065
8431,8057
8407,8090
8420,8095
8477,8091
8500,8107
8552,8109
8529,8101
8528,8120
8548,8136
8451,8138
8413,8161
8443,8155
8616,8155
8644,8166
8620,8184
8503,8198
8533,8194
8568,8208
8643,8216
8638,8221
8622,8228
8595,8232
8621,8234
8708,8261
8663,8257
8614,8267
8560,8264
8675,8285
8745,8290
8647,8298
8593,8314
8715,8312
8678,8315
8529,8335
8560,8339
8663,8344
8730,8359
8658,8371
8701,8370
8703,8391
8580,8399
8732,8396
8761,8405
8653,8414
8713,8419
8670,8421
8671,8442
8675,8449
8723,8455
8600,8463
8737,8457
8683,8478
8687,8474
8795,8490
8748,8502
8873,8503
8821,8520
8794,8521
8839,8525
8782,8549
8810,8551
8668,8549
8872,8557
8803,8574
8827,8579
8882,8588
8872,8594
8859,8602
8853,8608
8838,8608
8860,8629
8857,8633
8893,8642
8919,8652
8794,8661
8914,8668
8950,8670
8899,8706
8938,8703
8858,8697
8927,8720
8850,8726
8881,8712
8940,8725
8857,8738
8834,8737
8658,8749
8797,8750
8605,8741
8725,8754
8747,8755
8743,8758
8836,8759
8675,8752
8598,8764
8726,8764
8614,8767
8772,8759
8584,8740
8722,8759
8689,8743
8598,8758
8770,8745
8561,8752
8653,8752
8615,8765
8589,8752
8732,8748
8720,8748
8613,8752
8690,8758
8667,8753
8700,8758
8671,8754
8649,8753
8749,8755
8641,8755
8757,8755
8553,8765
8710,8761
8564,8750
8582,8752
8665,8752
8617,8767
8647,8762
8744,8755
8551,8756
8765,8756
8648,8754
8621,8762
8675,8761
8676,8749
8783,8747
8612,8757
8822,8758
8779,8750
8596,8745
8764,8759
8613,8748
8650,8766
8606,8761
8587,8760
8784,8756
8686,8752
8784,8760
8674,8754
8566,8772
8713,8744
8537,8766
8668,8761
8737,8760
8633,8762
8774,8751
8633,8756
8723,8753
8689,8744
8611,8746
8742,8762
8580,8764
8683,8756
8762,8744
8800,8758
8896,8761
8604,8750
8633,8751
8606,8744
8590,8757
8750,8746
8599,8754
8728,8744
8728,8754
8619,8759
8789,8764
8670,8759
8649,8765
8592,8751
8614,8759
8855,8757
8638,8750
8761,8760
8622,8758
8644,8751
8710,8760
8580,8757
8715,8757
8776,8754
8636,8761
8860,8755
8659,8767
8797,8760
8689,8764
8638,8762
8697,8769
8659,8759
8724,8755
8730,8755
8752,8759
8676,8755
8595,8765
8644,8759
8600,8750
8661,8758
8814,8753
8627,8764
8807,8766
8682,8761
8576,8770
8680,8754
8549,8759
8689,8760
8515,8745
8652,8734
8849,8753
8608,8753
8834,8761
8698,8750
8601,8753
8738,8756
8542,8760
8618,8761
8745,8765
8758,8754
8743,8756
8594,8760
8853,8755
8612,8750
8641,8761
8775,8750
8657,8761
8735,8761
8689,8758
8752,8753
8819,8758
8699,8756
8598,8762
8658,8755
8681,8771
8803,8766
8636,8752
8724,8775
8661,8761
8676,8757
8699,8753
8575,8753
8699,8755
8573,8759
8736,8753
8818,8755
8577,8765
8784,8755
8611,8746
8524,8749
8842,8762
8557,8750
8783,8766
8763,8759
8670,8764
8784,8761
8600,8762
8615,8760
8717,8760
8757,8758
8789,8759
8626,8750
8737,8755
8690,8750
8574,8758
8806,8761
8620,8753
8713,8752
8523,8766
8676,8753
8782,8762
8620,8742
8725,8757
8648,8751
8589,8758
8739,8762
8558,8751
8663,8763
8786,8755
8693,8760
8774,8755
8615,8751
8787,8768
8663,8758
8640,8759
8732,8751
8628,8759
8720,8759
8682,8771
8767,8763
8798,8753
8602,8764
8673,8757
8605,8752
8721,8767
8823,8751
8607,8746
8770,8762
8684,8755
8599,8756
8708,8743
8601,8757
8652,8755
8567,8761
8730,8760
8782,8755
8604,8760
8756,8755
8598,8760
8612,8768
8737,8760
8588,8748
8791,8758
8790,8755
8754,8756
8795,8757
8582,8757
8796,8765
8696,8755
8617,8760
8670,8751
8702,8760
8793,8748
8697,8759
8761,8757
8790,8767
8636,8762
8732,8760
8540,8751
8692,8763
8822,8752
8643,8761
8716,8760
8621,8758
8560,8762
8730,8752
8578,8771
8727,8754
8585,8774
8678,8756
8794,8770
8650,8761
8789,8753
8640,8766
8676,8759
8684,8759
8659,8759
8733,8762
8687,8761
8732,8756
8707,8756
8608,8753
8775,8756
8683,8754
8617,8767
8825,8760
8663,8758
8819,8763
8681,8757
8741,8745
8744,8757
8594,8760
8744,8751
8567,8752
8685,8758
8784,8762
8595,8772
8700,8769
8654,8754
8717,8763
8661,8760
8641,8767
8819,8749
8587,8751
8738,8759
8764,8756
8577,8750
8812,8760
8661,8755
8558,8748
8696,8756
8586,8751
8739,8755
8724,8767
8745,8753
8755,8756
8614,8758
8749,8759
8577,8755
8702,8763
8775,8749
8711,8754
8734,8744
8603,8750
8801,8753
8675,8767
8584,8752
8705,8761
8590,8754
8816,8760
8854,8760
8676,8761
8789,8748
8655,8751
8677,8767
8633,8759
8591,8760
8687,8756
8571,8758
8710,8754
8740,8754
8599,8755
8782,8755
8638,8758
8598,8762
8673,8755
8667,8756
8790,8761
8606,8761
8804,8764
8713,8754
8530,8762
8745,8767
8532,8761
8651,8760
8823,8750
8624,8758
8732,8747
8661,8755
8745,8758
8727,8762
8680,8761
8702,8753
8660,8756
8757,8755
8738,8750
8697,8764
8720,8750
8611,8761
8693,8759
8614,8750
8577,8757
8811,8750
8622,8771
8729,8753
8712,8746
8562,8763
8748,8750
8544,8753
8664,8764
8633,8752
8717,8762
8771,8760
8648,8762
8783,8766
8724,8756
8606,8770
8684,8757
8584,8749
8783,8750
8849,8751
8590,8749
8775,8763
8650,8767
8769,8763
8659,8752
8532,8761
8665,8757
8592,8751
8685,8751
8783,8757
8613,8751
8734,8750
8703,8760
8646,8754
8667,8770
8680,8759
8725,8760
8662,8758
8765,8759
8637,8748
8580,8761
8679,8749
8549,8759
8696,8753
8516,8764
8639,8771
8728,8751
8554,8746
8609,8748
8456,8737
8424,8736
8527,8725
8370,8716
8606,8717
8493,8708
8539,8708
8467,8701
8260,8694
8498,8662
8280,8680
8418,8669
8386,8659
8322,8649
8310,8630
8379,8629
8364,8624
8361,8613
8315,8617
8301,8595
8251,8590
8366,8579
8290,8574
8346,8564
8311,8555
8265,8552
8299,8529
8168,8529
8346,8525
8185,8511
8276,8505
8305,8509
8241,8503
8254,8469
8248,8483
8333,8457
8232,8470
8328,8453
8309,8441
8231,8437
8346,8432
8327,8434
8236,8414
8277,8406
8223,8403
8282,8403
8305,8387
8257,8366
8248,8385
8204,8365
8156,8348
8173,8355
8318,8349
8413,8337
8286,8327
8094,8307
8166,8308
8093,8300
8055,8296
8087,8289
8173,8285
8156,8254
8093,8253
8055,8247
8099,8246
8161,8220
8110,8228
8041,8208
8031,8229
8090,8203
8135,8189
8091,8162
8064,8165
8021,8179
8011,8143
8099,8149
8121,8138
8176,8119
7993,8111
7989,8112
8016,8114
7970,8110
8000,8084
8003,8085
8065,8077
8096,8066
8107,8077
8036,8043
8065,8046
8016,8042
7943,8051
7915,8019
7904,8008
7922,8010
7902,7997
7877,7988
7908,7974
7989,7977
7976,7972
8027,7963
8024,7983
8053,7985
8060,7963
8077,7960
8086,7987
8075,7948
8084,7950
8128,7954
8128,7949
8137,7965
8146,7948
8123,7952
8137,7966
8174,7958
8150,7956
8132,7977
8148,7959
8128,7968
8146,7963
8162,7966
8167,7945
8184,7961
8185,7967
8206,7953
8149,7965
8150,7962
8161,7931
8165,7957
8176,7962
8160,7936
8154,7983
8168,7965
8177,7956
8164,7956
8179,7944
8136,7952
8173,7939
8180,7958
8155,7963
8168,7977
8127,7967
8137,7982
8142,7962
8144,7962
8172,7947
8167,7945
8106,7943
8053,7956
7940,7934
7798,7951
7750,7933
7615,7935
7640,7935
7504,7923
7564,7923
7488,7911
7459,7909
7424,7904
7422,7892
7439,7878
7398,7868
7393,7847
7463,7853
7496,7842
7452,7848
7514,7821
7464,7812
7431,7803
7341,7803
7319,7813
7357,7802
7354,7781
7432,7783
7404,7775
7406,7772
7421,7752
7340,7744
7329,7718
7306,7709
7389,7720
7387,7718
7385,7704
7335,7681
7294,7691
7388,7676
7436,7677
7334,7670
7247,7653
7249,7653
7302,7640
7325,7637
7312,7616
7187,7621
7275,7606
7468,7601
7246,7593
7121,7583
7285,7589
7123,7563
7109,7556
7285,7552
7247,7556
7187,7513
7156,7529
7214,7522
7089,7509
7131,7520
7263,7499
7108,7493
7134,7474
7254,7479
7124,7475
7144,7451
7235,7461
7154,7449
7232,7431
7170,7427
7132,7423
7191,7402
7057,7393
7259,7391
7160,7387
7193,7378
7216,7357
7079,7364
7250,7354
7024,7346
7142,7329
7082,7337
7176,7318
7098,7321
7132,7301
7004,7310
7101,7296
7008,7285
7084,7263
6994,7273
7028,7252
7048,7241
7075,7230
7062,7241
6966,7224
6945,7226
6914,7212
6921,7188
6998,7199
6965,7179
6950,7184
7060,7183
7113,7176
7154,7160
7045,7173
7106,7162
7223,7161
7168,7153
7171,7160
7145,7157
7238,7160
7089,7147
7150,7156
7392,7153
7176,7164
7373,7156
7160,7168
7040,7168
7289,7159
7101,7157
7268,7155
7313,7148
7157,7164
7305,7144
7263,7158
7199,7149
7234,7164
7175,7145
7305,7148
7192,7150
7288,7173
7333,7151
7190,7168
7420,7165
7222,7162
7196,7148
7294,7160
7195,7154
7280,7166
7304,7166
7265,7154
7263,7144
7158,7155
7206,7137
7141,7155
7269,7147
7222,7152
7164,7159
7246,7140
7166,7151
7291,7162
7185,7151
7118,7153
7218,7154
7115,7157
7195,7155
7275,7151
7156,7154
7283,7147
7111,7155
7115,7152
7124,7159
7146,7157
7344,7151
7100,7152
7288,7159
7247,7152
7108,7159
7333,7154
7153,7150
7177,7159
7202,7162
7157,7147
7353,7163
7221,7157
7305,7154
7153,7149
7167,7148
7190,7152
7127,7150
7220,7147
7259,7150
7172,7155
7223,7152
7261,7163
7296,7153
7233,7154
7178,7161
7286,7151
7163,7156
7279,7162
7270,7153
7297,7155
7292,7162
7132,7151
7131,7157
7156,7150
7133,7142
7333,7147
7105,7157
7286,7158
7269,7144
7101,7150
7300,7154
7132,7142
7256,7167
7111,7157
7210,7165
7296,7158
7187,7150
7268,7156
7203,7162
7180,7152
7171,7152
7106,7149
7239,7158
7298,7161
7124,7154
7337,7155
7117,7157
7278,7151
7190,7162
7154,7149
7213,7159
7174,7149
7243,7146
7202,7166
7306,7153
7294,7150
7134,7146
7220,7165
7110,7157
7150,7161
7357,7148
7158,7152
7359,7152
7171,7157
7139,7159
7224,7152
7108,7151
7189,7150
7147,7153
7178,7169
7268,7161
7276,7158
7211,7163
7288,7150
7109,7143
7255,7156
7056,7152
7258,7157
7259,7159
7230,7155
7282,7155
7135,7170
7293,7154
7178,7154
7160,7156
7312,7154
7145,7158
7348,7162
7281,7145
7343,7141
7337,7152
7082,7161
7222,7155
7143,7158
7239,7160
7225,7148
7184,7153
7293,7155
7169,7152
7177,7146
7163,7151
7186,7156
7206,7167
7176,7153
7158,7151
7313,7158
7080,7160
7290,7146
7153,7150
7125,7166
7234,7148
7101,7153
7239,7168
7305,7164
7237,7161
7282,7154
7244,7142
7310,7151
7118,7169
7149,7153
7289,7156
7175,7141
7361,7155
7192,7159
7279,7162
7239,7155
7125,7163
7183,7161
7172,7156
7224,7157
7302,7152
7235,7146
7254,7156
7241,7149
7099,7147
7233,7151
7173,7167
7240,7158
7114,7144
7253,7147
7269,7154
7219,7156
7297,7156
7186,7161
7167,7164
7323,7170
7138,7166
7331,7154
7324,7152
7316,7164
7304,7147
7097,7139
7297,7157
7134,7151
7180,7156
7262,7145
7204,7158
7288,7155
7223,7157
7180,7154
7245,7168
7305,7155
7242,7160
7265,7164
7227,7153
7285,7140
7186,7143
7258,7148
7180,7154
7201,7156
7217,7151
7112,7145
7252,7166
7276,7153
7210,7161
7240,7145
7145,7151
7300,7163
7161,7158
7197,7158
7296,7150
7216,7156
7309,7141
7154,7153
7345,7154
7212,7149
7035,7156
7221,7130
7146,7163
7209,7162
7252,7150
7259,7144
7288,7158
7207,7159
7116,7154
7207,7152
7169,7148
7273,7149
7130,7151
7136,7154
7342,7146
7273,7150
7278,7155
7244,7155
7175,7166
7213,7160
7117,7154
7302,7162
7292,7138
7295,7148
7256,7153
7079,7156
7275,7159
7090,7166
7179,7151
7212,7153
7178,7180
7304,7164
7185,7155
7216,7153
7292,7157
7245,7158
7187,7167
7202,7151
7192,7158
7239,7161
7251,7154
7235,7160
7168,7158
7169,7154
7219,7157
7094,7149
7350,7154
7056,7158
7238,7163
7293,7167
7137,7143
7402,7147
7185,7154
7116,7154
7179,7155
7142,7171
7332,7155
7183,7163
7267,7152
7162,7159
7073,7156
7296,7162
7162,7156
7175,7141
7178,7152
7254,7158
7200,7156
7193,7155
7278,7152
7229,7145
7249,7151
7267,7159
7099,7156
7226,7154
7436,7156
7188,7166
7344,7170
7184,7161
7133,7165
7200,7162
7102,7145
7280,7158
7173,7146
7312,7153
7281,7166
7111,7155
7295,7148
7105,7148
7202,7151
7120,7146
7136,7158
7386,7155
7258,7153
7293,7155
7223,7153
7202,7148
7285,7160
7229,7150
7115,7160
7269,7158
7231,7142
7247,7162
7258,7160
7236,7170
7295,7155
7195,7143
7327,7159
7150,7153
7245,7161
7347,7145
7177,7149
7324,7160
7163,7143
7147,7148
7157,7146
7159,7157
7338,7156
7125,7161
7262,7158
7166,7163
7073,7164
7283,7170
7157,7155
7188,7156
7221,7162
7246,7152
7278,7167
7175,7164
7287,7155
7252,7150
7130,7157
7202,7153
7107,7152
7212,7151
7346,7157
7228,7155
7380,7152
7210,7164
7088,7148
7274,7148
7151,7155
7291,7164
7161,7164
7304,7156
7244,7158
7166,7159
7326,7159
7210,7162
7407,7167
7284,7163
7394,7174
7490,7179
7426,7185
7542,7193
7444,7190
7478,7195
7487,7219
7462,7215
7532,7231
7456,7228
7590,7242
7477,7253
7587,7262
7490,7260
7585,7282
7563,7288
7592,7283
7541,7305
7647,7304
7570,7316
7613,7317
7559,7336
7656,7330
7617,7358
7666,7355
7604,7366
7601,7373
7717,7381
7640,7380
7715,7396
7635,7402
7606,7417
7585,7412
7691,7423
7694,7442
7651,7449
7700,7452
7702,7459
7738,7470
7762,7474
7631,7490
7668,7500
7776,7502
7687,7509
7774,7520
7764,7516
7710,7522
7684,7520
7877,7528
7723,7561
7626,7574
7798,7563
7761,7579
7712,7590
7900,7583
7815,7597
7784,7616
7758,7616
7874,7612
7833,7650
7759,7653
7768,7635
7800,7659
7861,7656
7865,7697
7738,7679
7774,7681
7856,7692
7882,7699
7897,7714
7825,7728
7864,7723
7886,7731
7882,7763
7940,7751
7852,7762
7804,7774
7824,7774
7835,7781
7920,7779
7914,7808
7950,7839
7915,7808
7901,7832
7903,7841
7874,7841
7911,7865
7900,7859
7959,7869
7968,7885
8020,7874
8001,7884
8046,7876
8034,7893
8053,7907
8072,7929
8046,7911
7945,7937
7932,7929
7894,7936
7948,7967
7868,7970
7856,7941
7859,7941
7867,7953
7869,7944
7886,7967
7830,7938
7835,7936
7843,7943
7822,7942
7817,7943
7805,7949
7807,7969
7808,7966
7804,7962
7830,7943
7804,7951
7842,7970
7795,7953
7838,7952
7793,7953
7806,7949
7788,7962
7768,7968
7781,7975
7758,7969
7800,7935
7816,7943
7807,7958
7773,7958
7796,7930
7805,7942
7793,7929
7755,7979
7782,7959
7766,7955
7756,7955
7777,7945
7763,7941
7770,7958
7784,7959
7811,7953
7793,7959
7819,7945
7805,7967
7896,7960
7895,7956
8010,7955
8151,7981
8193,7977
8361,7984
8376,7984
8403,7981
8407,7976
8415,8013
8451,8007
8474,8028
8500,8015
8476,8022
8446,8041
8455,8054
8425,8068
8402,8074
8432,8077
8440,8087
8418,8089
8481,8103
8507,8104
8542,8120
8557,8115
8496,8130
8441,8126
8448,8161
8450,8154
8565,8159
8592,8176
8619,8172
8542,8188
8547,8203
8527,8221
8617,8213
8689,8214
8623,8221
8573,8238
8539,8233
8648,8237
8705,8252
8617,8265
8547,8272
8568,8273
8767,8285
8647,8297
8600,8296
8575,8319
8662,8313
8649,8335
8558,8341
8701,8337
8674,8362
8555,8351
8682,8355
8801,8371
8706,8380
8712,8385
8710,8404
8744,8412
8642,8416
8751,8427
8657,8437
8617,8443
8691,8442
8644,8460
8665,8455
8814,8462
8724,8485
8762,8490
8729,8503
8638,8512
8840,8521
8665,8532
8839,8535
8756,8536
8833,8542
8827,8562
8745,8563
8812,8567
8781,8580
8861,8582
8682,8600
8906,8594
8752,8605
8924,8609
8885,8626
8893,8626
8874,8642
8945,8648
8836,8658
8936,8662
8855,8668
8996,8678
8875,8697
8977,8693
8906,8705
8846,8720
8958,8727
8828,8721
8824,8724
8777,8734
8863,8748
8795,8743
8575,8758
8839,8754
8618,8747
8785,8759
8583,8759
8715,8758
8832,8745
8628,8745
8801,8745
8660,8754
8610,8758
8673,8757
8573,8769
8817,8754
8815,8764
8656,8753
8736,8743
8564,8749
8760,8758
8542,8751
8653,8755
8744,8758
8584,8757
8689,8760
8699,8759
8797,8752
8795,8758
8556,8750
8652,8769
8565,8762
8750,8758
8752,8744
8605,8766
8778,8750
8638,8758
8603,8763
8660,8758
8526,8753
8661,8760
8555,8763
8727,8751
8827,8750
8589,8758
8810,8756
8658,8748
8610,8755
8659,8753
8630,8760
8814,8760
8689,8754
8708,8767
8775,8756
8627,8758
8758,8753
8607,8752
8654,8753
8820,8753
8662,8758
8792,8766
8716,8747
8853,8754
8709,8758
8588,8752
8724,8749
8652,8761
8785,8760
8693,8760
8592,8753
8814,8756
8579,8751
8620,8757
8609,8751
8570,8752
8850,8761
8866,8757
8711,8763
8829,8751
8692,8758
8758,8755
8567,8764
8610,8763
8687,8755
8607,8753
8673,8755
8683,8750
8762,8763
8741,8756
8578,8755
8724,8751
8588,8755
8747,8759
8795,8761
8641,8761
8831,8757
8699,8752
8517,8756
8748,8753
8536,8771
8658,8776
8570,8759
8703,8770
8766,8755
8644,8758
8769,8754
8704,8757
8722,8752
8586,8751
8648,8750
8756,8758
8717,8765
8721,8756
8723,8757
8576,8750
8787,8759
8576,8757
8625,8764
8775,8760
8651,8757
8760,8750
8628,8757
8891,8747
8702,8758
8558,8763
8716,8747
8620,8750
8748,8748
8820,8763
8616,8753
8794,8754
8626,8750
8575,8753
8638,8759
8604,8764
8858,8755
8491,8756
8755,8760
8797,8761
8597,8763
8779,8756
8641,8758
8632,8763
8760,8760
8610,8760
8668,8757
8748,8755
8689,8759
8696,8751
8545,8763
8716,8756
8612,8762
8711,8778
8725,8753
8710,8751
8791,8762
8592,8754
8789,8759
8645,8752
8597,8756
8777,8765
8539,8754
8781,8756
8802,8761
8643,8758
8809,8754
8706,8755
8667,8766
8687,8747
8583,8753
8711,8756
8561,8748
8711,8760
8619,8742
8534,8759
8729,8766
8603,8753
8619,8749
8654,8759
8658,8766
8743,8758
8624,8762
8800,8766
8674,8749
8548,8758
8701,8756
8605,8745
8651,8761
8761,8748
8564,8742
8738,8759
8658,8761
8801,8759
8653,8763
8622,8760
8762,8758
8644,8752
8816,8761
8805,8757
8758,8756
8773,8747
8620,8752
8667,8750
8601,8756
8550,8751
8783,8752
8551,8750
8714,8767
8736,8757
8560,8753
8753,8765
8551,8759
8734,8753
8622,8752
8697,8769
8728,8752
8609,8757
8788,8749
8718,8754
8577,8764
8682,8756
8512,8756
8689,8752
8784,8756
8636,8750
8788,8758
8645,8763
8886,8749
8704,8751
8625,8760
8768,8760
8658,8758
8778,8763
8733,8763
8690,8756
8773,8753
8635,8771
8646,8758
8699,8761
8621,8760
8770,8761
8690,8753
8737,8765
8675,8761
8527,8753
8703,8760
8564,8762
8710,8749
8762,8751
8640,8764
8775,8754
8674,8757
8806,8753
8703,8761
8580,8751
8691,8768
8663,8754
8749,8764
8727,8764
8729,8763
8748,8752
8623,8754
8643,8758
8598,8763
8633,8769
8799,8750
8547,8758
8695,8748
8682,8751
8611,8764
8752,8755
8592,8764
8719,8762
8575,8757
8691,8761
8746,8764
8677,8765
8776,8751
8670,8752
8575,8756
8657,8754
8584,8756
8697,8758
8762,8759
8705,8758
8825,8750
8642,8760
8919,8766
8688,8750
8591,8749
8739,8752
8581,8766
8714,8756
8695,8750
8630,8749
8776,8766
8659,8754
8638,8752
8660,8769
8651,8760
8798,8772
8592,8754
8762,8773
8714,8755
8593,8764
8604,8746
8568,8754
8744,8763
8571,8750
8676,8756
8787,8756
8647,8755
8777,8763
8598,8760
8542,8759
8745,8753
8656,8754
8732,8772
8777,8750
8696,8758
8759,8749
8630,8756
8763,8763
8620,8764
8651,8753
8755,8755
8652,8765
8784,8756
8780,8755
8671,8767
8784,8762
8604,8752
8671,8749
8574,8760
8586,8764
8839,8747
8589,8760
8809,8764
8689,8757
8561,8755
8689,8756
8625,8756
8703,8752
8602,8761
8702,8729
8732,8752
8616,8756
8819,8759
8634,8781
8627,8759
8689,8741
8651,8758
8717,8758
8701,8758
8668,8765
8767,8763
8600,8759
8811,8756
8680,8755
8654,8754
8787,8751
8556,8758
8867,8759
8738,8753
8765,8756
8720,8752
8587,8750
8727,8756
8605,8756
8659,8744
8782,8756
8622,8759
8753,8760
8629,8757
8569,8754
8750,8751
8566,8756
8684,8759
8608,8767
8629,8758
8799,8749
8680,8771
8766,8741
8720,8757
8670,8744
8737,8753
8711,8754
8696,8752
8692,8742
8729,8757
8667,8762
8647,8758
8768,8758
8670,8764
8691,8751
8754,8763
8673,8757
8835,8754
8668,8766
8803,8757
8721,8759
8625,8753
8745,8745
8545,8751
8483,8759
8609,8743
8581,8737
8639,8748
8421,8724
8345,8726
8410,8722
8352,8707
8570,8701
8362,8686
8542,8680
8382,8683
8328,8675
8401,8668
8278,8648
8404,8657
8362,8641
8341,8639
8348,8617
8370,8606
8298,8608
8320,8606
8279,8606
8260,8589
8311,8579
8268,8570
8266,8562
8231,8545
8330,8549
8196,8526
8354,8524
8166,8529
8190,8527
8258,8504
8304,8505
8381,8479
8219,8496
8241,8476
8279,8467
8275,8467
8425,8445
8262,8441
8207,8431
8312,8431
8223,8422
8254,8414
8246,8403
8197,8395
8315,8409
8238,8376
8251,8371
8189,8372
8297,8345
8103,8340
8242,8339
8397,8318
8442,8317
8143,8326
8112,8315
8290,8312
8208,8271
8104,8271
8092,8300
8160,8246
8130,8266
8072,8240
8024,8237
8124,8235
8145,8225
8093,8218
7994,8201
8033,8209
8121,8182
8131,8198
8086,8184
8070,8178
7950,8153
7963,8171
8149,8153
8196,8133
8113,8129
8100,8131
8027,8126
7997,8093
7978,8115
8043,8074
8067,8064
8032,8077
8101,8065
8066,8075
8041,8075
8023,8024
7985,8048
7954,8029
7948,8003
7929,8004
7918,8010
7911,7996
7979,7982
7945,7987
7935,7975
7988,7966
8057,7978
8062,7965
8024,7968
8081,7970
8099,7967
8080,7973
8094,7948
8104,7951
8106,7973
8101,7962
8114,7952
8180,7944
8132,7964
8109,7961
8165,7957
8146,7947
8178,7959
8137,7968
8183,7947
8139,7951
8161,7956
8167,7955
8160,7958
8190,7942
8159,7930
8195,7954
8153,7952
8181,7953
8172,7959
8192,7957
8168,7931
8178,7973
8153,7974
8154,7957
8162,7957
8144,7973
8150,7956
8165,7960
8156,7964
8183,7963
8161,7956
8143,7950
8172,7958
8122,7960
8162,7941
8143,7948
8135,7960
8058,7948
7980,7938
7878,7954
7766,7935
7697,7931
7576,7937
7536,7938
7559,7906
7451,7911
7486,7911
7416,7894
7452,7883
7467,7890
7402,7874
7434,7870
7412,7862
7445,7857
7438,7843
7480,7829
7485,7819
7435,7819
7418,7813
7357,7804
7352,7798
7398,7780
7308,7772
7448,7779
7380,7768
7380,7757
7343,7740
7318,7743
7308,7740
7343,7725
7389,7719
7390,7708
7324,7704
7305,7693
7340,7684
7409,7683
7416,7675
7261,7655
7284,7633
7351,7639
7370,7644
7342,7618
7289,7599
7261,7620
7237,7607
7348,7585
7062,7593
7214,7577
7287,7568
7070,7574
7111,7544
7214,7562
7256,7540
7158,7536
7185,7512
7226,7519
7134,7509
7165,7503
7219,7493
7117,7482
7179,7478
7199,7471
7103,7473
7217,7460
7193,7437
7187,7436
7235,7420
7120,7429
7164,7405
7076,7404
7215,7390
7159,7397
7122,7374
7240,7374
6993,7362
7121,7357
7061,7349
7097,7355
7086,7337
7068,7322
7125,7318
7072,7310
7068,7302
7014,7281
7110,7266
7056,7284
7102,7275
6975,7257
7062,7267
6930,7234
7036,7242
6934,7220
6963,7210
7021,7213
6894,7200
7010,7195
6917,7197
7050,7171
7074,7171
7108,7173
7051,7176
7118,7173
7237,7157
6958,7154
7129,7169
7157,7145
7052,7157
7279,7164
7098,7154
7211,7147
7067,7151
7178,7165
7335,7157
7140,7170
7259,7157
7060,7150
7093,7153
7209,7150
7094,7157
7276,7159
7294,7161
7282,7166
7400,7157
7163,7153
7402,7165
7259,7145
7177,7153
7297,7156
7118,7155
7282,7160
7399,7147
7189,7157
7282,7173
7246,7148
7256,7166
7200,7159
7177,7138
7285,7161
7140,7160
7293,7151
7169,7161
7174,7154
7254,7161
7088,7151
7142,7161
7087,7158
7258,7159
7275,7160
7178,7147
7228,7161
7271,7155
7178,7155
7208,7153
7136,7156
7251,7161
7218,7161
7234,7161
7303,7153
7121,7156
7265,7156
7164,7151
7194,7154
7340,7149
7110,7164
7251,7160
7331,7148
7260,7157
7416,7150
7167,7150
7175,7145
7105,7158
7159,7151
7313,7150
7177,7155
7208,7154
7161,7157
7140,7147
7226,7161
7173,7161
7202,7154
7214,7152
7293,7158
7231,7152
7148,7167
7360,7154
7227,7147
7217,7159
7191,7160
7122,7155
7298,7152
7363,7158
7222,7158
7362,7158
7157,7169
7327,7157
7170,7154
7169,7168
7281,7161
7170,7162
7423,7154
7189,7156
7345,7154
7218,7151
7106,7153
7207,7150
7075,7160
7164,7164
7253,7149
7131,7146
7251,7150
7230,7144
7163,7161
7316,7148
7160,7157
7151,7153
7120,7147
7227,7155
7286,7156
7159,7150
7293,7154
7200,7152
7199,7160
7114,7151
7135,7165
7340,7153
7265,7137
7303,7170
7326,7166
7076,7150
7300,7157
7062,7155
7208,7156
7324,7159
7191,7154
7257,7136
7147,7167
7325,7159
7243,7149
7135,7152
7171,7155
7191,7155
7223,7154
7203,7140
7232,7146
7266,7159
7095,7150
7111,7154
7148,7151
7110,7161
7296,7155
7090,7155
7278,7148
7360,7148
7143,7157
7320,7151
7220,7166
7155,7146
7200,7150
7232,7158
7273,7147
7238,7162
7260,7155
7186,7163
7092,7155
7284,7155
6998,7154
7185,7156
7268,7145
7158,7137
7230,7150
7157,7162
7164,7157
7225,7152
7104,7152
7171,7145
7082,7159
7292,7165
7273,7147
7115,7151
7230,7157
7212,7161
7145,7155
7260,7146
7044,7159
7255,7162
7288,7147
7237,7155
7290,7153
7095,7148
7327,7155
7121,7153
7214,7150
7270,7155
7162,7164
7268,7149
7171,7152
7236,7150
7201,7149
7135,7158
7187,7149
7199,7149
7184,7155
7189,7144
7209,7153
7253,7158
7182,7153
7247,7149
7174,7149
7207,7161
7277,7136
7164,7163
7278,7150
7358,7150
7083,7153
7335,7155
7176,7148
7124,7154
7204,7140
7110,7150
7348,7146
7277,7149
7321,7158
7326,7157
7126,7152
7281,7159
7055,7158
7207,7160
7301,7144
7159,7159
7259,7152
7150,7149
7232,7158
7203,7137
7210,7154
7241,7145
7100,7164
7298,7161
7280,7164
7264,7147
7247,7164
7227,7154
7091,7155
7253,7144
7158,7152
7189,7155
7147,7154
7248,7148
7275,7157
7097,7146
7276,7156
7147,7161
7316,7163
7040,7159
7227,7152
7325,7162
7111,7168
7313,7159
7171,7150
7077,7155
7234,7161
7129,7157
7187,7158
7258,7154
7209,7163
7272,7154
7130,7151
7339,7152
7239,7159
7135,7151
7201,7161
7157,7152
7217,7154
7259,7151
7238,7148
7266,7169
7202,7144
7141,7141
7183,7166
7077,7150
7313,7165
7155,7157
7292,7158
7262,7154
7138,7151
7245,7157
7123,7155
7268,7161
7061,7150
7191,7156
7254,7159
7245,7154
7193,7152
7181,7158
7220,7150
7189,7160
7155,7152
7307,7161
7244,7155
7164,7164
7320,7156
7136,7155
7379,7150
7172,7151
7077,7153
7277,7153
7053,7160
7282,7153
7330,7153
7221,7164
7248,7150
7150,7163
7232,7149
7152,7157
7159,7142
7265,7152
7120,7159
7320,7160
7214,7147
7082,7146
7216,7156
7176,7161
7257,7158
7183,7154
7209,7155
7259,7153
7259,7160
7296,7148
7242,7156
7197,7152
7287,7156
7151,7151
7196,7151
7236,7151
7262,7151
7253,7145
7180,7153
7336,7160
7229,7167
7164,7153
7421,7157
7174,7167
7394,7160
7269,7146
7382,7163
7270,7153
7073,7152
7210,7148
7101,7153
7158,7159
7264,7150
7128,7156
7171,7158
7234,7151
7249,7147
7200,7144
7192,7147
7251,7154
7321,7152
7163,7152
7237,7168
7195,7157
7307,7143
7155,7147
7168,7145
7248,7160
7091,7151
7268,7154
7308,7151
7230,7164
7323,7147
7072,7159
7221,7159
7124,7156
7232,7162
7274,7156
7179,7156
7340,7142
7219,7153
7104,7163
7229,7147
7244,7150
7299,7149
7226,7160
7196,7144
7218,7138
7218,7160
7269,7154
7264,7154
7071,7148
7306,7153
7128,7162
7261,7153
7369,7145
7150,7159
7310,7158
7239,7148
7387,7149
7257,7148
7224,7164
7326,7160
7208,7163
7367,7169
7305,7163
7316,7153
7370,7167
7315,7150
7409,7176
7299,7171
7450,7178
7501,7190
7461,7195
7462,7205
7469,7219
7465,7226
7427,7221
7499,7235
7583,7235
7535,7255
7523,7257
7533,7264
7571,7260
7524,7274
7582,7287
7578,7295
7554,7291
7606,7316
7600,7306
7554,7326
7629,7333
7658,7339
7614,7355
7657,7356
7591,7361
7665,7375
7589,7391
7651,7393
7642,7399
7629,7410
7737,7425
7630,7425
7684,7414
7634,7431
7683,7436
7781,7457
7731,7455
7713,7475
7738,7488
7685,7497
7755,7501
7740,7495
7695,7506
7767,7506
7699,7534
7635,7531
7841,7538
7719,7561
7771,7556
7656,7574
7777,7579
7673,7581
7692,7590
7780,7594
7772,7603
7702,7604
7780,7622
7835,7634
7825,7639
7717,7649
7832,7654
7859,7670
7834,7676
7823,7668
7772,7674
7813,7697
7909,7709
7883,7710
7796,7711
7806,7728
7843,7732
7866,7756
7978,7751
7948,7749
7794,7762
7821,7774
7868,7759
7898,7786
7917,7803
7935,7800
7919,7814
7912,7819
7933,7830
7898,7843
7851,7852
7900,7843
7962,7850
8008,7875
7988,7884
7991,7905
8002,7883
8047,7891
8087,7901
8056,7932
7983,7906
7989,7924
7927,7941
7990,7945
7943,7922
7852,7958
7877,7961
7900,7954
7860,7977
7876,7964
7864,7958
7845,7956
7816,7948
7819,7943
7874,7948
7818,7962
7826,7947
7811,7950
7819,7970
7836,7970
7811,7961
7843,7967
7830,7964
7842,7956
7816,7952
7806,7971
7807,7952
7823,7954
7831,7930
7784,7978
7797,7965
7790,7969
7824,7962
7765,7969
7787,7962
7782,7953
7799,7964
7785,7962
7788,7950
7812,7957
7750,7937
7778,7950
7783,7956
7804,7977
7793,7939
7775,7987
7788,7950
7802,7934
7809,7965
7813,7937
7837,7980
7866,7939
7929,7942
8098,7952
8201,7967
8254,7986
8343,7976
8381,7986
8420,7990
8426,7995
8482,8010
8496,8017
8474,8017
8488,8032
8472,8025
8476,8053
8428,8063
8432,8055
8419,8069
8397,8083
8408,8086
8460,8087
8514,8109
8537,8105
8564,8121
8469,8125
8552,8134
8456,8138
8463,8148
8530,8153
8619,8158
8704,8174
8579,8188
8559,8192
8533,8208
8594,8203
8660,8210
8669,8232
8623,8231
8537,8230
8574,8248
8715,8244
8688,8267
8582,8268
8549,8282
8639,8267
8662,8297
8603,8295
8580,8313
8671,8317
8653,8328
8595,8324
8535,8350
8680,8356
8662,8358
8552,8371
8570,8373
8637,8387
8718,8382
8646,8400
8720,8403
8659,8409
8630,8415
8748,8418
8671,8431
8704,8433
8723,8449
8686,8450
8754,8457
8740,8487
8663,8474
8761,8496
8710,8492
8820,8496
8722,8505
8808,8513
8869,8539
8730,8536
8894,8558
8712,8560
8817,8560
8803,8562
8868,8589
8842,8590
8784,8593
8835,8599
8759,8615
8894,8628
8864,8624
8826,8633
8879,8647
8818,8649
8925,8662
8958,8665
8894,8677
8856,8705
9018,8693
8864,8702
8977,8711
8900,8731
8985,8724
8927,8720
8769,8739
8891,8727
8745,8738
8926,8741
8769,8744
8813,8767
8724,8743
8649,8751
8699,8759
8651,8757
8657,8765
8744,8752
8696,8759
8816,8751
8579,8735
8578,8747
8688,8749
8613,8757
8722,8770
8572,8760
8749,8752
8722,8759
8563,8744
8728,8762
8657,8758
8637,8753
8595,8758
8667,8760
8766,8758
8727,8762
8728,8762
8671,8754
8556,8761
8669,8755
8528,8743
8661,8760
8669,8747
8657,8740
8685,8751
8650,8769
8730,8758
8669,8753
8570,8761
8763,8747
8643,8765
8783,8759
8779,8751
8779,8767
8890,8755
8589,8762
8672,8768
8612,8756
8651,8759
8774,8753
8542,8751
8752,8759
8728,8763
8677,8768
8723,8752
8676,8748
8689,8764
8682,8762
8644,8749
8785,8754
8565,8757
8760,8757
8572,8748
8641,8755
8683,8743
8591,8758
8717,8756
8790,8757
8625,8762
8806,8743
8634,8750
8754,8762
8679,8768
8629,8771
8776,8749
8622,8758
8760,8752
8754,8769
8749,8758
8717,8755
8605,8750
8650,8762
8629,8761
8654,8765
8806,8764
8588,8746
8773,8759
8665,8749
8624,8764
8728,8762
8556,8755
8711,8755
8565,8748
8640,8763
8744,8755
8625,8763
8786,8751
8678,8757
8577,8755
8702,8757
8581,8760
8737,8754
8730,8748
8753,8755
8841,8763
8575,8753
8777,8759
8628,8751
8646,8762
8796,8755
8600,8748
8712,8767
8763,8752
8655,8766
8801,8762
8641,8762
8649,8756
8585,8756
8640,8760
8864,8763
8679,8749
8721,8753
8601,8730
8641,8754
8660,8749
8549,8757
8701,8762
8567,8745
8738,8757
8803,8753
8582,8755
8763,8752
8656,8763
8500,8754
8745,8759
8590,8764
8758,8760
8761,8760
8697,8756
8770,8759
8702,8758
8714,8767
8655,8751
8713,8756
8731,8764
8633,8745
8712,8756
8688,8760
8726,8755
8713,8756
8583,8758
8753,8756
8551,8752
8755,8759
8813,8755
8632,8767
8869,8769
8640,8752
8557,8761
8708,8750
8519,8761
8670,8754
8621,8764
8686,8754
8756,8744
8582,8753
8806,8763
8622,8758
8579,8750
8776,8765
8599,8760
8773,8758
8719,8756
8755,8761
8840,8759
8638,8757
8622,8756
8586,8752
8559,8756
8738,8749
8626,8769
8663,8764
8649,8756
8614,8749
8730,8751
8593,8755
8648,8758
8594,8752
8738,8760
8807,8758
8628,8763
8746,8757
8629,8744
8613,8750
8690,8753
8561,8755
8758,8759
8759,8744
8693,8753
8777,8759
8624,8748
8758,8762
8651,8773
8657,8766
8738,8757
8658,8758
8804,8752
8724,8751
8815,8760
8728,8765
8596,8760
8732,8749
8574,8757
8767,8765
8782,8753
8631,8747
8769,8757
8642,8768
8531,8762
8694,8759
8518,8747
8653,8760
8590,8755
8652,8754
8793,8754
8684,8753
8782,8763
8671,8753
8673,8764
8688,8758
8640,8767
8779,8770
8693,8754
8765,8749
8762,8747
8609,8768
8784,8762
8585,8759
8669,8771
8813,8758
8656,8757
8793,8749
8629,8749
8793,8759
8724,8752
8579,8763
8610,8749
8582,8751
8664,8752
8770,8750
8614,8746
8730,8760
8678,8745
8643,8757
8657,8759
8579,8763
8753,8746
8601,8752
8728,8756
8760,8756
8601,8748
8773,8763
8673,8750
8558,8763
8699,8756
8621,8758
8817,8748
8730,8751
8785,8757
8797,8753
8576,8766
8746,8755
8556,8754
8716,8763
8774,8761
8671,8764
8767,8755
8617,8752
8773,8753
8753,8748
8586,8753
8752,8765
8525,8755
8736,8751
8894,8757
8704,8761
8855,8753
8708,8752
8618,8766
8635,8774
8546,8757
8708,8757
8676,8755
8686,8752
8691,8752
8590,8757
8820,8756
8660,8749
8616,8756
8665,8761
8709,8762
8782,8752
8599,8740
8784,8758
8715,8757
8579,8768
8720,8760
8558,8757
8695,8754
8758,8754
8696,8761
8733,8758
8675,8753
8780,8764
8715,8747
8633,8761
8785,8772
8595,8753
8742,8757
8734,8750
8543,8755
8787,8761
8609,8747
8633,8758
8666,8750
8565,8757
8789,8759
8732,8755
8798,8772
8732,8766
8552,8748
8810,8765
8565,8755
8643,8755
8759,8758
8684,8750
8759,8760
8614,8756
8746,8750
8742,8745
8637,8759
8716,8758
8576,8753
8771,8761
8835,8760
8688,8763
8787,8756
8632,8759
8647,8750
8693,8766
8560,8759
8680,8761
8635,8755
8711,8764
8780,8755
8613,8755
8782,8753
8632,8754
8590,8755
8640,8747
8653,8767
8832,8752
8606,8755
8802,8758
8677,8743
8531,8754
8716,8754
8536,8756
8623,8759
8799,8755
8635,8750
8756,8758
8705,8750
8735,8752
8767,8751
8608,8758
8678,8749
8634,8765
8719,8755
8810,8741
8663,8756
8729,8757
8677,8763
8669,8756
8655,8754
8627,8750
8670,8745
8727,8753
8689,8751
8645,8759
8615,8767
8722,8746
8594,8758
8698,8753
8610,8752
8693,8755
8777,8762
8664,8751
8779,8756
8686,8755
8526,8760
8618,8759
8455,8750
8626,8734
8575,8738
8633,8737
8605,8707
8325,8715
8624,8710
8374,8706
8357,8674
8497,8695
8339,8692
8562,8676
8339,8672
8539,8655
8459,8656
8412,8659
8397,8642
8323,8633
8299,8624
8317,8610
8309,8600
8326,8594
8242,8596
8329,8576
8267,8581
8300,8578
8257,8557
8254,8558
8249,8540
8230,8520
8223,8532
8147,8534
8328,8511
8321,8500
8232,8491
8209,8482
8245,8482
8346,8476
8286,8463
8320,8460
8315,8444
8232,8438
8282,8431
8247,8418
8266,8421
8256,8400
8229,8401
8247,8383
8280,8389
8264,8363
8209,8367
8264,8375
8277,8359
8223,8346
8312,8339
8374,8316
8351,8307
8009,8300
8269,8293
8166,8287
8094,8279
8039,8275
8169,8271
8171,8262
8085,8269
8036,8234
8085,8226
8150,8227
8112,8226
8041,8227
8002,8195
8111,8190
8134,8189
8117,8185
8050,8181
8005,8177
8035,8160
8052,8151
8096,8144
8104,8112
8010,8132
7996,8111
7937,8111
7977,8100
7990,8085
8031,8086
8026,8072
8064,8075
8089,8059
8051,8056
8008,8035
8015,8020
8007,8035
7956,8035
7965,8022
7924,8021
7888,7988
7911,7972
7936,7990
8056,7966
7965,7982
8006,7975
7982,7977
8014,7971
8058,7968
8037,7963
8115,7989
8070,7964
8132,7938
8117,7963
8134,7971
8136,7957
8110,7961
8123,7975
8144,7957
8164,7955
8144,7957
8190,7956
8150,7953
8138,7968
8153,7948
8151,7943
8167,7949
8142,7957
8163,7954
8149,7965
8156,7938
8155,7970
8150,7957
8178,7939
8145,7949
8171,7953
8180,7926
8196,7950
8167,7953
8158,7963
8154,7959
8205,7976
8162,7959
8153,7951
8174,7952
8176,7952
8137,7949
8134,7947
8140,7962
8147,7952
8142,7956
8150,7958
8105,7962
8015,7963
7965,7955
7830,7946
7713,7926
7568,7923
7646,7936
7496,7928
7513,7912
7409,7902
7428,7904
7458,7889
7408,7894
7423,7879
7434,7877
7414,7872
7445,7846
7451,7845
7493,7842
7478,7823
7457,7808
7413,7811
7356,7805
7362,7809
7315,7809
7319,7788
7421,7783
7376,7779
7416,7757
7397,7771
7282,7743
7287,7738
7313,7728
7393,7728
7428,7727
7395,7698
7355,7696
7265,7694
7336,7678
7385,7673
7351,7669
7290,7653
7299,7645
7351,7642
7355,7630
7240,7634
7187,7623
7239,7620
7410,7582
7141,7601
7196,7593
7316,7581
7186,7569
7127,7568
7213,7561
7242,7551
7132,7536
7185,7522
7272,7532
7163,7513
7139,7496
7222,7490
7146,7493
7162,7478
7220,7480
7137,7471
7159,7457
7191,7449
7102,7446
7240,7431
7135,7431
7222,7407
7209,7413
7003,7404
7283,7388
7026,7387
7094,7373
7163,7365
7069,7361
7218,7348
6989,7341
7156,7335
7084,7334
7142,7323
7066,7313
7122,7304
7013,7307
7116,7285
6994,7276
7070,7286
7029,7261
7039,7266
6955,7257
7052,7231
7068,7241
7015,7216
6954,7213
6989,7204
6949,7215
6944,7193
6870,7178
6994,7170
7054,7181
7086,7171
7099,7165
6990,7171
7020,7149
7198,7164
7119,7155
7209,7153
7201,7157
7276,7160
7217,7152
7049,7157
7241,7156
7067,7145
7293,7161
7287,7150
7163,7156
7322,7161
7205,7151
7326,7159
7224,7140
7104,7157
7328,7149
7122,7158
7144,7160
7389,7159
7257,7157
7315,7153
7242,7161
7150,7153
7236,7153
7141,7158
7303,7155
7182,7160
7296,7159
7279,7158
7163,7165
7303,7161
7176,7154
7191,7153
7210,7160
7172,7158
7303,7157
7233,7158
7320,7155
7167,7159
7101,7153
7164,7163
7087,7162
7199,7164
7259,7144
7184,7152
7222,7154
7198,7161
7266,7157
7131,7162
7102,7146
7271,7162
7076,7143
7262,7147
7287,7136
7247,7152
7396,7145
7074,7150
7105,7152
7179,7158
7115,7152
7297,7154
7122,7145
7286,7161
7271,7154
7131,7145
7277,7156
7136,7152
7264,7161
7106,7153
7188,7149
7352,7150
7244,7163
7304,7170
7247,7154
7182,7158
7265,7159
7184,7154
7251,7142
7326,7157
7202,7157
7337,7149
7155,7154
7297,7156
7165,7153
7159,7154
7253,7156
7187,7152
7299,7158
7287,7161
7281,7138
7334,7157
7171,7161
7223,7151
7176,7145
7197,7155
7371,7149
7213,7161
7329,7158
7146,7152
7068,7160
7175,7144
7125,7147
7173,7155
7323,7164
7145,7149
7189,7165
7273,7149
7190,7162
7191,7152
7111,7154
7276,7164
7149,7155
7297,7163
7203,7150
7294,7155
7273,7157
7107,7162
7141,7148
7152,7151
7140,7149
7306,7143
7152,7146
7337,7167
7230,7154
7106,7151
7287,7154
7141,7160
7308,7155
7067,7148
7263,7163
7382,7153
7158,7156
7309,7159
7216,7147
7187,7152
7190,7160
7187,7151
7259,7163
7254,7142
7197,7151
7350,7156
7106,7157
7368,7157
7215,7153
7146,7145
7268,7154
7126,7167
7207,7169
7237,7147
7221,7161
7303,7160
7172,7154
7142,7149
7177,7155
7171,7162
7317,7155
7208,7153
7323,7153
7165,7156
7026,7149
7141,7157
7119,7161
7195,7170
7145,7162
7207,7159
7269,7154
7239,7156
7228,7148
7279,7157
7125,7156
7246,7154
7112,7157
7250,7156
7223,7153
7205,7154
7226,7147
7172,7150
7293,7157
7171,7150
7120,7158
7275,7144
7180,7147
7314,7151
7295,7140
7214,7157
7282,7141
7110,7156
7231,7150
7119,7154
7225,7147
7289,7158
7160,7150
7204,7157
7224,7169
7194,7147
7221,7158
7280,7157
7280,7161
7208,7155
7218,7155
7359,7144
7058,7148
7345,7155
7158,7161
7183,7156
7252,7152
7054,7156
7261,7163
7295,7154
7222,7154
7191,7152
7153,7147
7332,7153
7073,7135
7155,7164
7331,7149
7217,7155
7372,7147
7196,7148
7245,7158
7249,7155
7155,7160
7217,7147
7120,7141
7198,7154
7264,7143
7204,7159
7298,7150
7232,7154
7116,7166
7307,7141
7170,7153
7202,7151
7180,7159
7201,7159
7256,7153
7225,7153
7238,7141
7078,7146
7116,7143
7180,7152
7158,7158
7342,7158
7241,7166
7305,7154
7251,7155
7070,7158
7258,7156
7110,7151
7141,7158
7254,7150
7151,7173
7263,7144
7181,7156
7197,7152
7289,7140
7282,7165
7221,7155
7244,7146
7175,7155
7296,7152
7270,7154
7266,7162
7188,7157
7151,7150
7239,7147
7126,7146
7287,7162
7137,7162
7259,7163
7313,7160
7140,7168
7321,7159
7182,7149
7195,7155
7204,7153
7215,7160
7262,7162
7133,7157
7290,7156
7156,7159
7082,7158
7267,7154
7157,7155
7209,7151
7172,7150
7283,7156
7244,7156
7150,7157
7267,7155
7224,7157
7196,7164
7197,7162
7066,7162
7240,7146
7433,7144
7161,7157
7329,7152
7182,7150
7117,7154
7235,7151
7154,7149
7298,7145
7064,7161
7283,7156
7241,7154
6994,7152
7327,7151
7052,7151
7149,7159
7091,7147
7195,7157
7273,7156
7260,7150
7257,7152
7231,7154
7233,7151
7219,7152
7191,7151
7208,7140
7306,7150
7305,7157
7241,7151
7250,7163
7301,7157
7287,7151
7198,7150
7296,7163
7144,7147
7260,7153
7317,7158
7254,7155
7305,7150
7220,7155
7204,7160
7215,7160
7112,7158
7321,7151
7127,7155
7268,7153
7232,7152
7065,7140
7327,7158
7168,7165
7180,7162
7251,7163
7310,7151
7256,7156
7184,7154
7208,7159
7257,7165
7259,7153
7279,7146
7106,7170
7184,7161
7367,7163
7158,7156
7330,7157
7187,7139
7174,7167
7207,7166
7117,7161
7283,7150
7161,7166
7305,7174
7272,7151
7148,7159
7290,7151
7131,7147
7249,7157
7027,7152
7132,7150
7304,7139
7207,7153
7269,7166
7225,7159
7183,7151
7292,7145
7193,7158
7167,7159
7204,7153
7216,7154
7304,7157
7290,7143
7290,7153
7325,7147
7193,7158
7252,7141
7126,7161
7250,7152
7384,7150
7162,7155
7334,7144
7204,7152
7237,7142
7224,7146
7220,7159
7386,7161
7230,7160
7344,7167
7343,7168
7343,7172
7407,7181
7354,7181
7494,7197
7419,7193
7451,7217
7471,7217
7446,7229
7526,7235
7518,7236
7588,7246
7509,7252
7560,7253
7523,7258
7525,7282
7543,7286
7579,7293
7574,7325
7617,7314
7559,7322
7631,7330
7544,7326
7630,7329
7593,7341
7680,7359
7617,7368
7666,7365
7603,7378
7649,7385
7734,7391
7639,7415
7647,7410
7654,7418
7602,7431
7648,7443
7632,7443
7721,7447
7687,7448
7675,7448
7738,7469
7678,7485
7686,7490
7756,7504
7731,7515
7707,7516
7824,7512
7729,7522
7786,7531
7893,7544
7792,7551
7692,7550
7725,7573
7718,7576
7683,7591
7778,7582
7810,7597
7719,7623
7751,7614
7815,7621
7840,7623
7776,7640
7759,7663
7848,7657
7845,7675
7830,7673
7770,7675
7838,7675
7849,7708
7865,7706
7852,7721
7827,7723
7840,7698
7840,7750
7948,7746
7957,7742
7896,7768
7801,7782
7865,7756
7858,7796
7942,7794
7909,7807
7939,7809
7936,7829
7929,7831
7860,7843
7896,7836
7888,7862
7948,7860
7946,7849
7944,7855
7992,7888
8010,7885
7992,7908
8020,7906
8086,7916
8087,7923
8022,7918
7941,7932
7920,7930
7983,7946
7986,7946
7884,7951
7865,7950
7878,7948
7883,7967
7853,7953
7847,7969
7856,7937
7846,7936
7856,7935
7839,7959
7841,7972
7819,7946
7808,7966
7816,7973
7767,7958
7813,7938
7843,7973
7806,7960
7805,7954
7803,7976
7775,7960
7798,7943
7782,7968
7808,7944
7821,7962
7773,7955
7806,7952
7793,7948
7780,7960
7761,7944
7786,7957
7758,7949
7788,7963
7783,7975
7791,7967
7773,7954
7771,7963
7803,7967
7773,7956
7809,7968
7785,7954
7815,7952
7802,7953
7824,7970
7806,7950
7848,7951
7959,7963
8005,7959
8114,7965
8249,7954
8325,7982
8323,7983
8422,7988
8413,7991
8416,8000
8444,8012
8472,8002
8477,8023
8499,8057
8445,8042
8432,8053
8462,8045
8418,8052
8399,8070
8399,8058
8439,8105
8464,8096
8512,8101
8549,8101
8571,8128
8565,8124
8491,8131
8433,8143
8405,8158
8594,8155
8588,8179
8640,8166
8607,8196
8532,8201
8502,8210
8659,8201
8688,8201
8573,8219
8656,8232
8576,8234
8639,8240
8668,8257
8661,8260
8513,8264
8538,8280
8670,8292
8669,8308
8621,8300
8608,8314
8708,8317
8659,8335
8453,8338
8573,8337
8710,8363
8743,8363
8667,8354
8742,8370
8721,8383
8609,8393
8763,8412
8683,8412
8604,8421
8692,8426
8682,8432
8653,8438
8673,8448
8691,8460
8700,8454
8720,8470
8681,8467
8713,8496
8715,8497
8736,8493
8889,8513
8685,8517
8743,8507
8827,8535
8898,8535
8780,8548
8740,8559
8844,8561
8799,8570
8821,8578
8769,8597
8858,8605
8777,8605
8874,8614
8861,8629
8901,8630
8884,8643
8883,8650
8859,8655
8942,8657
8853,8671
8947,8675
8745,8676
8999,8694
8859,8697
8884,8723
8995,8717
8870,8736
8940,8722
8790,8734
8860,8741
8686,8742
8691,8759
8890,8752
8602,8749
8779,8748
8690,8734
8812,8766
8770,8751
8592,8748
8701,8738
8616,8757
8719,8760
8806,8753
8659,8752
8793,8761
8609,8756
8666,8759
8624,8746
8601,8761
8784,8744
8585,8766
8730,8764
8742,8758
8634,8756
8843,8757
8651,8754
8636,8757
8700,8757
8601,8757
8747,8750
8681,8769
8781,8760
8615,8758
8567,8760
8682,8752
8631,8761
8697,8754
8705,8757
8665,8729
8772,8761
8663,8755
8779,8763
8692,8763
8529,8754
8766,8754
8584,8764
8660,8760
8773,8758
8719,8753
8804,8757
8615,8758
8633,8761
8666,8754
8657,8761
8680,8760
8700,8753
8821,8754
8768,8753
8601,8759
8744,8754
8613,8755
8811,8766
8607,8745
8607,8752
8721,8750
8672,8755
8761,8752
8668,8747
8585,8764
8670,8757
8630,8761
8699,8745
8725,8761
8636,8762
8804,8760
8638,8758
8641,8749
8649,8758
8632,8759
8780,8748
8590,8746
8685,8768
8738,8760
8529,8767
8746,8746
8559,8748
8623,8758
8737,8756
8602,8753
8767,8758
8687,8753
8865,8752
8709,8770
8559,8760
8708,8749
8700,8753
8679,8756
8710,8759
8640,8772
8779,8758
8625,8768
8833,8763
8659,8757
8567,8760
8805,8750
8551,8743
8707,8754
8785,8755
8724,8755
8760,8746
8650,8756
8647,8750
8688,8764
8668,8739
8732,8758
8678,8760
8717,8763
8704,8744
8593,8764
8716,8753
8571,8744
8772,8761
8628,8756
8686,8757
8776,8751
8606,8761
8923,8759
8643,8755
8509,8751
8766,8742
8587,8753
8736,8768
8814,8757
8559,8760
8878,8754
8640,8752
8851,8748
8727,8755
8625,8749
8692,8756
8607,8758
8682,8752
8719,8759
8727,8756
8688,8750
8650,8763
8678,8748
8655,8756
8624,8756
8753,8758
8667,8765
8802,8760
8644,8754
8556,8760
8748,8749
8637,8756
8676,8760
8565,8755
8623,8760
8777,8753
8614,8755
8817,8761
8655,8760
8602,8758
8664,8759
8534,8755
8795,8760
8799,8752
8733,8749
8770,8756
8595,8755
8772,8749
8616,8764
8563,8752
8717,8758
8599,8753
8675,8751
8723,8746
8694,8763
8727,8750
8572,8782
8660,8762
8618,8750
8628,8761
8757,8748
8663,8760
8820,8756
8721,8745
8608,8742
8728,8748
8546,8754
8695,8764
8540,8751
8673,8758
8838,8759
8661,8765
8868,8749
8662,8754
8609,8758
8675,8763
8602,8764
8723,8757
8696,8759
8723,8762
8729,8757
8625,8752
8727,8759
8632,8752
8659,8759
8800,8745
8631,8751
8741,8762
8668,8756
8778,8760
8684,8755
8556,8753
8671,8768
8582,8759
8661,8770
8764,8761
8593,8747
8788,8753
8682,8758
8653,8757
8659,8757
8641,8758
8901,8757
8601,8758
8766,8754
8789,8760
8605,8742
8835,8757
8620,8749
8624,8754
8739,8769
8575,8751
8686,8763
8744,8750
8723,8755
8722,8756
8563,8754
8804,8748
8631,8764
8649,8753
8741,8760
8652,8747
8753,8760
8694,8750
8674,8759
8686,8768
8579,8762
8647,8766
8585,8755
8678,8750
8817,8750
8655,8755
8862,8747
8685,8750
8619,8762
8762,8745
8636,8756
8756,8754
8597,8763
8652,8761
8728,8760
8720,8758
8705,8750
8699,8761
8695,8767
8669,8750
8662,8753
8763,8761
8621,8759
8824,8761
8697,8757
8554,8747
8787,8754
8590,8751
8716,8764
8792,8750
8569,8757
8792,8752
8653,8748
8734,8757
8730,8778
8655,8759
8770,8754
8605,8751
8738,8758
8814,8758
8697,8753
8792,8754
8614,8761
8647,8758
8666,8756
8543,8761
8691,8766
8595,8761
8715,8759
8767,8761
8637,8760
8725,8736
8645,8750
8655,8755
8581,8750
8608,8766
8782,8758
8650,8750
8748,8756
8678,8750
8615,8762
8716,8750
8612,8754
8663,8752
8763,8763
8739,8761
8836,8749
8632,8756
8614,8757
8691,8752
8602,8752
8716,8751
8578,8748
8662,8753
8836,8747
8675,8762
8793,8769
8664,8756
8617,8752
8675,8756
8586,8755
8793,8758
8772,8755
8719,8752
8750,8761
8639,8761
8759,8758
8588,8750
8639,8752
8816,8756
8585,8747
8738,8753
8664,8751
8695,8763
8724,8749
8614,8762
8665,8752
8671,8751
8681,8757
8790,8756
8713,8762
8763,8734
8637,8758
8692,8755
8642,8756
8683,8767
8813,8751
8596,8758
8772,8766
8784,8748
8596,8761
8764,8760
8582,8763
8647,8757
8553,8746
8589,8760
8826,8749
8659,8754
8781,8740
8764,8759
8584,8759
8830,8762
8598,8756
8612,8762
8757,8747
8685,8763
8815,8764
8675,8750
8764,8753
8706,8754
8601,8761
8724,8745
8604,8756
8702,8758
8792,8770
8699,8760
8826,8756
8664,8759
8644,8761
8675,8750
8657,8758
8785,8760
8616,8765
8703,8758
8701,8753
8624,8762
8676,8765
8575,8744
8680,8759
8597,8762
8687,8768
8719,8758
8545,8754
8709,8749
8609,8748
8481,8752
8534,8736
8334,8727
8581,8726
8560,8718
8544,8721
8533,8705
8368,8712
8495,8679
8268,8680
8475,8667
8560,8653
8339,8664
8343,8658
8380,8639
8325,8628
8338,8623
8366,8638
8287,8613
8292,8606
8284,8598
8280,8583
8318,8577
8279,8571
8309,8566
8247,8571
8244,8545
8228,8528
8382,8528
8272,8522
8154,8515
8316,8505
8207,8500
8301,8481
8172,8493
8344,8472
8331,8481
8238,8463
8377,8428
8225,8441
8249,8440
8366,8423
8193,8436
8245,8421
8273,8389
8258,8403
8291,8381
8271,8380
8172,8367
8149,8367
8258,8356
8123,8344
8172,8342
8389,8326
8409,8339
8236,8328
8028,8299
8224,8299
8152,8281
8057,8286
8128,8274
8138,8258
8165,8256
8109,8253
8052,8231
8085,8239
8147,8228
8100,8230
8040,8210
8043,8204
8120,8199
8103,8198
8094,8184
8054,8170
7977,8158
7968,8133
8129,8136
8158,8147
8140,8139
8039,8122
8006,8111
8026,8129
7989,8094
8001,8113
8025,8103
8069,8088
8113,8068
8092,8062
8030,8057
7975,8074
7983,8053
7940,8028
7926,8029
7928,8014
7931,8013
7956,8018
7866,7974
7915,7999
7961,7989
8000,7972
8059,7962
8047,7957
8014,7960
8079,7970
8101,7967
8116,7973
8084,7941
8101,7958
8100,7953
8140,7973
8132,7956
8137,7961
8150,7957
8181,7939
8152,7952
8168,7955
8173,7970
8172,7940
8169,7925
8187,7949
8156,7967
8152,7964
8174,7939
8169,7952
8165,7968
8141,7944
8181,7953
8175,7951
8171,7944
8172,7937
8171,7960
8183,7955
8157,7946
8188,7959
8152,7950
8163,7958
8169,7967
8197,7954
8131,7957
8142,7946
8162,7973
8136,7956
8158,7948
8160,7953
8141,7938
8146,7963
8171,7974
8093,7950
8024,7967
7924,7945
7772,7962
7674,7937
7622,7933
7610,7930
7506,7913
7520,7913
7529,7917
7433,7911
7448,7881
7404,7877
7401,7876
7431,7872
7435,7871
7458,7834
7493,7843
7456,7833
7485,7823
7482,7832
7394,7806
7354,7808
7332,7805
7319,7777
7384,7770
7437,7781
7388,7764
7434,7764
7401,7754
7337,7743
7305,7731
7348,7738
7405,7723
7420,7712
7378,7687
7307,7696
7271,7679
7382,7681
7378,7672
7308,7668
7253,7670
7286,7648
7312,7634
7338,7630
7300,7625
7340,7612
7239,7612
7443,7598
7095,7603
7134,7582
7312,7581
7103,7572
7264,7566
7242,7550
7284,7540
7140,7529
7173,7521
7228,7525
7114,7509
7225,7504
7232,7490
7112,7483
7220,7488
7200,7468
7114,7466
7232,7466
7114,7444
7135,7439
7263,7438
7116,7420
7178,7414
7160,7393
7100,7401
7173,7408
7121,7386
7175,7368
7015,7363
7190,7358
7154,7353
7049,7349
7199,7336
7001,7333
7176,7325
7050,7298
7027,7309
7009,7302
7110,7285
7023,7268
7086,7268
7006,7261
6985,7255
6952,7260
7126,7248
7040,7232
7037,7223
6969,7214
6888,7208
6970,7199
6920,7193
7005,7173
6966,7172
7069,7172
7082,7171
7162,7159
7242,7169
7087,7158
7205,7154
7161,7154
7112,7160
7212,7148
7162,7160
7304,7163
7141,7162
7304,7152
7182,7154
7050,7164
7209,7152
7039,7158
7291,7166
7335,7143
7159,7160
7332,7148
7305,7154
7303,7151
7376,7148
7150,7158
7271,7151
7185,7159
7228,7151
7283,7161
7245,7167
7316,7149
7216,7158
7218,7161
7240,7141
7188,7152
7289,7157
7201,7163
7225,7158
7281,7153
7196,7157
7278,7143
7136,7150
7228,7161
7223,7149
7109,7153
7215,7152
7120,7153
7253,7156
7197,7155
7130,7155
7237,7154
7133,7144
7236,7152
7346,7160
7141,7161
7309,7153
7168,7157
7307,7153
7146,7163
7088,7160
7247,7152
7076,7145
7255,7155
7257,7151
7206,7150
7289,7156
7145,7157
7115,7151
7252,7147
7166,7162
7373,7156
7094,7150
7378,7145
7237,7165
7092,7150
7237,7155
7122,7163
7262,7162
7142,7156
7161,7158
7261,7161
7284,7135
7287,7152
7307,7160
7162,7152
7326,7155
7195,7147
7319,7153
7285,7150
7229,7151
7277,7146
7216,7153
7295,7168
7125,7145
7175,7158
7359,7158
7138,7159
7305,7157
7317,7152
7267,7158
7386,7157
7146,7159
7154,7169
7134,7149
7181,7158
7234,7154
7133,7145
7280,7155
7233,7148
7136,7145
7247,7154
7234,7150
7247,7156
7178,7146
7196,7147
7212,7155
7181,7146
7284,7159
7202,7145
7127,7157
7160,7152
7157,7144
7254,7164
7307,7151
7183,7159
7272,7152
7173,7155
7344,7155
7185,7155
7196,7165
7407,7159
7139,7150
7288,7158
7210,7155
7345,7144
7169,7155
7096,7142
7182,7151
7132,7151
7145,7143
7269,7147
7182,7156
7310,7153
7259,7152
7144,7150
7266,7155
7131,7154
7305,7154
7070,7157
7183,7152
7257,7161
7241,7154
7223,7145
7227,7153
7180,7157
7195,7153
7173,7145
7240,7150
7191,7154
7303,7163
7301,7162
7093,7147
7356,7157
7160,7159
7185,7170
7261,7151
7127,7151
7269,7162
7189,7151
7173,7150
7220,7149
7205,7152
7156,7150
7283,7166
7263,7151
7217,7162
7123,7167
7323,7150
7143,7147
7112,7156
7200,7158
7170,7150
7206,7159
7347,7158
7180,7157
7338,7164
7199,7152
7306,7151
7277,7166
7168,7140
7261,7144
7138,7158
7311,7169
7198,7135
7276,7154
7214,7148
7103,7158
7127,7150
7203,7154
7121,7161
7295,7148
7223,7150
7247,7138
7173,7160
7205,7156
7228,7147
7109,7155
7353,7153
7151,7152
7145,7148
7298,7152
7248,7161
7314,7163
7271,7147
7166,7146
7243,7152
7155,7154
7255,7154
7310,7159
7247,7168
7267,7155
7090,7157
7295,7148
7134,7150
7239,7160
7343,7148
7085,7153
7229,7172
7181,7156
7285,7159
7265,7161
7171,7148
7156,7158
7322,7155
7195,7154
7199,7163
7160,7158
7302,7156
7229,7149
7189,7144
7187,7161
7233,7162
7245,7152
7171,7168
7322,7152
7281,7162
7178,7160
7292,7157
7138,7150
7133,7159
7168,7155
7136,7153
7366,7163
7217,7154
7291,7154
7202,7159
7123,7147
7231,7161
7078,7153
7190,7155
7266,7157
7182,7163
7189,7162
7255,7168
7192,7161
7220,7154
7197,7151
7288,7149
7187,7151
7232,7156
7289,7156
7141,7159
7320,7162
7236,7152
7121,7158
7271,7144
7146,7150
7270,7155
7129,7158
7215,7156
7283,7149
7149,7141
7313,7146
7116,7153
7246,7157
7114,7170
7160,7157
7270,7153
7209,7147
7264,7165
7253,7155
7135,7163
7255,7154
7233,7161
7200,7149
7257,7159
7169,7161
7294,7161
7223,7153
7220,7155
7173,7142
7133,7149
7233,7160
7136,7154
7252,7150
7281,7163
7156,7155
7344,7161
7214,7155
7125,7158
7270,7168
7107,7148
7381,7153
7100,7163
7313,7156
7233,7151
7100,7163
7190,7149
7093,7143
7200,7153
7214,7154
7149,7154
7213,7162
7263,7149
7237,7151
7227,7154
7230,7142
7272,7155
7222,7154
7193,7148
7314,7162
7212,7165
7388,7156
7189,7151
7365,7163
7216,7146
7137,7160
7279,7152
7100,7139
7255,7167
7261,7171
7260,7149
7351,7160
7110,7148
7234,7154
7137,7157
7148,7149
7369,7151
7185,7154
7318,7158
7253,7151
7200,7153
7224,7139
7192,7154
7266,7152
7223,7151
7121,7158
7311,7153
7278,7161
7240,7158
7263,7170
7125,7152
7221,7160
7202,7152
7214,7168
7225,7148
7231,7151
7291,7156
7183,7152
7173,7151
7215,7159
7118,7157
7389,7149
7110,7151
7335,7157
7233,7158
7078,7163
7266,7153
7142,7160
7176,7154
7131,7153
7172,7166
7248,7152
7295,7150
7197,7159
7279,7146
7090,7159
7318,7153
7162,7146
7133,7157
7318,7157
7197,7151
7293,7150
7195,7152
7341,7156
7194,7154
7143,7154
7236,7145
7148,7157
7237,7149
7314,7156
7279,7141
7371,7143
7205,7155
7313,7168
7249,7158
7346,7182
7455,7175
7381,7177
7475,7190
7460,7183
7419,7193
7481,7203
7467,7203
7498,7204
7467,7225
7535,7231
7490,7239
7521,7249
7467,7251
7562,7249
7538,7274
7564,7274
7572,7291
7561,7297
7578,7287
7593,7308
7610,7331
7581,7315
7542,7330
7622,7347
7616,7355
7604,7363
7577,7365
7588,7373
7596,7385
7605,7390
7691,7400
7645,7393
7685,7420
7618,7425
7713,7433
7622,7434
7622,7442
7661,7461
7675,7466
7702,7472
7789,7479
7626,7478
7666,7495
7735,7506
7698,7502
7764,7520
7710,7524
7615,7538
7724,7535
7693,7553
7776,7554
7673,7560
7795,7583
7674,7567
7708,7579
7858,7596
7808,7601
7716,7605
7761,7628
7875,7634
7763,7634
7723,7655
7760,7639
7866,7651
7842,7676
7823,7675
7736,7707
7877,7699
7882,7679
7905,7706
7805,7719
7832,7722
7853,7724
7908,7739
7917,7740
7936,7768
7825,7758
7820,7763
7823,7775
7846,7784
7881,7776
7940,7792
7970,7821
7895,7829
7901,7835
7923,7830
7869,7834
7895,7836
7966,7863
7991,7881
7942,7891
8008,7897
8017,7907
8012,7905
8075,7914
8059,7886
8048,7944
8013,7919
8007,7922
7976,7947
7871,7944
7925,7951
7883,7940
7891,7960
7849,7948
7864,7969
7859,7957
7867,7955
7837,7956
7833,7957
7836,7952
7815,7956
7792,7947
7801,7968
7814,7951
7804,7949
7815,7939
7811,7964
7791,7951
7815,7948
7812,7967
7776,7956
7772,7934
7800,7949
7787,7942
7813,7961
7788,7951
7787,7947
7794,7971
7779,7946
7788,7939
7762,7977
7754,7942
7789,7941
7761,7965
7780,7960
7813,7959
7762,7972
7794,7953
7776,7966
7815,7934
7809,7954
7806,7955
7817,7953
7798,7971
7814,7960
7822,7955
7877,7960
7891,7949
8038,7972
8180,7966
8295,7958
8335,7981
8409,7974
8441,7990
8428,8005
8454,8017
8454,7993
8487,8017
8465,8035
8443,8045
8477,8033
8436,8050
8426,8052
8412,8069
8410,8069
8431,8086
8452,8080
8485,8097
8562,8114
8571,8111
8526,8119
8515,8139
8425,8138
8450,8163
8461,8157
8613,8161
8659,8171
8647,8187
8550,8191
8509,8195
8568,8199
8662,8213
8652,8231
8601,8222
8580,8239
8598,8238
8678,8251
8688,8267
8632,8257
8571,8291
8645,8287
8719,8281
8631,8299
8555,8313
8603,8302
8668,8325
8515,8339
8482,8348
8701,8345
8726,8354
8526,8358
8625,8366
8721,8367
8576,8385
8704,8395
8746,8405
8630,8403
8651,8418
8741,8440
8652,8432
8669,8444
8740,8456
8676,8459
8768,8465
8785,8470
8680,8479
8733,8494
8732,8519
8715,8503
8765,8523
8725,8522
8824,8529
8683,8536
8841,8528
8717,8554
8756,8552
8790,8571
8886,8578
8866,8586
8792,8595
8840,8597
8764,8614
8994,8617
8855,8620
8865,8635
8881,8638
8936,8640
8863,8665
8885,8659
8855,8670
8954,8671
8957,8682
8930,8701
8992,8713
8882,8713
8913,8722
8813,8726
8781,8730
8832,8741
8815,8744
8895,8748
8602,8734
8656,8746
8637,8750
8751,8750
8823,8751
8651,8751
8795,8750
8737,8761
8607,8760
8759,8761
8561,8754
8720,8761
8644,8755
8792,8755
8799,8760
8570,8755
8770,8754
8657,8756
8636,8751
8651,8754
8629,8749
8645,8762
8687,8768
8631,8754
8699,8760
8606,8758
8776,8769
8566,8747
8619,8756
8686,8754
8669,8747
8736,8762
8568,8757
8754,8757
8608,8753
8583,8766
8723,8747
8526,8757
8616,8759
8788,8752
8640,8764
8826,8753
8692,8751
8639,8764
8729,8759
8630,8754
8799,8755
8579,8758
8762,8766
8766,8757
8638,8755
8782,8757
8609,8756
8604,8765
8654,8752
8587,8755
8756,8756
8734,8752
8773,8757
8702,8750
8572,8765
8745,8758
8567,8758
8683,8753
8744,8746
8735,8759
8740,8768
8670,8763
8632,8759
8678,8756
8599,8751
8768,8765
8601,8765
8819,8757
8844,8762
8553,8762
8827,8756
8622,8742
8594,8751
8581,8762
8574,8743
8717,8757
8754,8750
8667,8765
8734,8755
8645,8759
8765,8753
8586,8754
8630,8755
8868,8751
8618,8759
8871,8760
8595,8758
8800,8763
8702,8748
8562,8757
8729,8763
8564,8755
8673,8769
8800,8745
8679,8757
8823,8761
8696,8760
8561,8753
8821,8760
8636,8759
8723,8758
8677,8763
8706,8761
8739,8748
8626,8755
8809,8751
8635,8754
8671,8755
8647,8757
8673,8760
8775,8760
8660,8748
8767,8745
8695,8760
8565,8762
8753,8754
8513,8746
8683,8759
8882,8750
8606,8765
8835,8752
8704,8754
8782,8753
8735,8752
8602,8743
8627,8752
8613,8762
8714,8762
8747,8753
8682,8751
8779,8755
8613,8747
8587,8769
8650,8764
8615,8758
8716,8765
8575,8759
8724,8735
8777,8754
8688,8755
8775,8751
8623,8759
8703,8767
8622,8759
8618,8755
8727,8759
8627,8755
8788,8753
8637,8751
8571,8756
8745,8766
8597,8766
8714,8759
8790,8760
8642,8750
8804,8757
8615,8758
8823,8756
8729,8743
8579,8749
8779,8751
8585,8751
8713,8757
8804,8750
8666,8759
8721,8753
8674,8754
8639,8759
8728,8764
8633,8755
8757,8741
8621,8758
8672,8752
8689,8757
8616,8773
8667,8757
8528,8755
8716,8759
8571,8754
8631,8762
8764,8756
8655,8752
8754,8758
8688,8755
8556,8740
8735,8761
8598,8755
8689,8762
8725,8749
8722,8752
8812,8762
8582,8748
8807,8759
8700,8762
8611,8754
8750,8763
8615,8746
8786,8765
8780,8755
8693,8762
8781,8751
8543,8757
8704,8753
8624,8746
8601,8748
8767,8747
8600,8759
8760,8758
8710,8769
8573,8758
8753,8748
8589,8756
8688,8768
8583,8761
8631,8752
8750,8769
8599,8743
8795,8768
8669,8755
8591,8749
8759,8770
8574,8755
8778,8763
8772,8749
8716,8763
8775,8774
8664,8753
8783,8755
8744,8760
8632,8746
8781,8755
8624,8756
8768,8756
8783,8748
8725,8760
8772,8757
8584,8747
8723,8760
8590,8756
8696,8761
8746,8757
8603,8755
8754,8751
8762,8757
8551,8760
8679,8769
8588,8754
8691,8752
8831,8752
8610,8749
8854,8749
8671,8754
8763,8769
8666,8762
8682,8759
8748,8756
8655,8756
8784,8745
8750,8761
8717,8746
8787,8754
8637,8760
8654,8767
8648,8757
8674,8755
8792,8754
8612,8760
8781,8744
8750,8752
8621,8766
8739,8758
8540,8764
8687,8759
8644,8746
8625,8767
8715,8759
8706,8755
8834,8755
8712,8751
8562,8760
8762,8744
8630,8757
8741,8762
8757,8749
8654,8765
8774,8756
8654,8758
8801,8764
8733,8744
8576,8755
8783,8753
8603,8756
8717,8758
8728,8761
8764,8766
8731,8754
8553,8750
8676,8759
8618,8768
8672,8759
8692,8749
8594,8757
8786,8761
8684,8744
8594,8757
8635,8758
8519,8764
8790,8747
8590,8754
8707,8758
8822,8752
8644,8751
8799,8746
8662,8759
8566,8749
8708,8756
8561,8753
8648,8771
8748,8754
8681,8765
8748,8765
8674,8764
8792,8760
8660,8765
8674,8750
8821,8757
8593,8757
8801,8758
8761,8756
8779,8762
8719,8756
8534,8763
8654,8760
8650,8759
8699,8751
8754,8761
8613,8761
8720,8757
8728,8748
8664,8757
8656,8751
8674,8744
8737,8759
8643,8758
8701,8757
8686,8756
8652,8763
8766,8752
8649,8749
8585,8768
8697,8759
8631,8754
8770,8766
8670,8752
8857,8743
8791,8758
8571,8756
8802,8780
8606,8766
8660,8762
8807,8752
8559,8758
8745,8751
8745,8767
8701,8753
8646,8754
8608,8760
8739,8747
8585,8748
8665,8765
8820,8752
8602,8751
8799,8751
8741,8761
8595,8759
8736,8747
8642,8755
8633,8758
8677,8763
8643,8754
8725,8748
8653,8751
8742,8762
8662,8745
8652,8758
8643,8752
8634,8756
8772,8756
8721,8755
8807,8761
8686,8760
8562,8765
8732,8759
8587,8761
8721,8766
8752,8741
8493,8750
8633,8743
8430,8728
8723,8732
8522,8722
8325,8709
8607,8716
8377,8712
8503,8698
8457,8696
8452,8677
8435,8663
8316,8667
8462,8659
8367,8663
8399,8646
8382,8637
8370,8631
8335,8633
8328,8626
8273,8607
8371,8597
8268,8588
8347,8582
8352,8577
8297,8570
8274,8562
8256,8546
8300,8540
8197,8533
8336,8529
8133,8514
8206,8525
8324,8523
8297,8503
8365,8499
8211,8485
8275,8473
8204,8462
8287,8461
8324,8449
8231,8443
8234,8431
8283,8432
8254,8427
8300,8413
8293,8401
8255,8385
8303,8390
8249,8375
8226,8378
8172,8363
8115,8344
8166,8343
8301,8329
8408,8320
8442,8322
8130,8324
8129,8295
8134,8306
8190,8289
8098,8282
8141,8274
8182,8255
8082,8250
8019,8255
8111,8220
8106,8241
8128,8229
8064,8214
7932,8222
8081,8191
8118,8185
8074,8189
8046,8191
8045,8178
8005,8164
7959,8159
8131,8140
8161,8145
8038,8129
8064,8105
7998,8121
7969,8088
7988,8107
8013,8082
8050,8078
8108,8083
8085,8056
8026,8067
8036,8054
7986,8030
7967,8042
7927,8029
7965,8016
7949,7996
7895,7974
7879,8000
7982,7998
7989,7991
7941,7984
8060,7974
7996,7955
8051,7959
8084,7985
8058,7966
8100,7953
8068,7942
8037,7954
8099,7971
8104,7965
8104,7955
8124,7972
8154,7950
8143,7952
8168,7932
8172,7946
8139,7977
8145,7954
8154,7953
8112,7962
8133,7938
8169,7953
8138,7939
8154,7939
8201,7959
8176,7952
8130,7949
8153,7944
8156,7956
8195,7976
8173,7935
8152,7943
8140,7954
8174,7962
8129,7960
8146,7954
8167,7944
8159,7966
8149,7963
8137,7950
8132,7956
8129,7940
8146,7962
8139,7953
8179,7963
8144,7953
8134,7940
8113,7957
8040,7943
7909,7952
7868,7948
7718,7927
7623,7936
7521,7942
7538,7947
7576,7920
7532,7912
7414,7907
7442,7897
7429,7892
7425,7880
7433,7870
7434,7872
7466,7858
7447,7851
7462,7839
7463,7837
7471,7833
7471,7812
7383,7826
7325,7795
7333,7799
7346,7789
7436,7785
7405,7763
7435,7760
7419,7748
7312,7743
7311,7741
7314,7724
7386,7723
7396,7712
7424,7706
7339,7694
7295,7690
7302,7679
7421,7687
7326,7674
7295,7660
7250,7653
7331,7655
7315,7640
7328,7628
7225,7631
7275,7624
7283,7594
7286,7604
7108,7583
7292,7559
7228,7562
7077,7561
7281,7559
7195,7548
7235,7527
7196,7532
7257,7527
7181,7520
7130,7502
7226,7500
7210,7490
7122,7478
7225,7464
7116,7462
7145,7456
7260,7454
7089,7440
7109,7448
7156,7442
7056,7411
7160,7412
7015,7426
7251,7398
7135,7388
7076,7371
7183,7370
7026,7364
7201,7352
7040,7340
7140,7344
7108,7334
7101,7315
7126,7334
7122,7316
6979,7315
7105,7295
7058,7281
7060,7279
7035,7274
7000,7255
7042,7239
7092,7256
6950,7233
6902,7233
6969,7224
7011,7207
6889,7200
6986,7198
6990,7193
7030,7170
7092,7166
7111,7172
7157,7162
7054,7164
7139,7188
7193,7165
7105,7159
7190,7173
7180,7161
7184,7157
7090,7153
7167,7164
7385,7149
7154,7155
7369,7158
7144,7142
7120,7153
7120,7163
7132,7154
7273,7166
7133,7160
7190,7147
7309,7161
7236,7154
7362,7153
7187,7147
7161,7145
7280,7147
7159,7153
7220,7151
7332,7145
7242,7151
7432,7158
7243,7164
7326,7152
7318,7158
7214,7162
7260,7153
7193,7158
7294,7154
7279,7156
7302,7156
7227,7151
7134,7152
7263,7165
7068,7146
7161,7151
7218,7143
7183,7159
7264,7159
7177,7146
7123,7151
7256,7152
7150,7150
7210,7159
7095,7156
7176,7154
7211,7155
7092,7147
7310,7161
7165,7155
7143,7148
7256,7158
7147,7160
7264,7149
7244,7144
7260,7172
7342,7156
7162,7158
7323,7151
7126,7158
7193,7162
7430,7153
7088,7157
7332,7152
7192,7154
7181,7160
7209,7163
7089,7148
7223,7152
7158,7149
7201,7146
7254,7147
7237,7152
7258,7155
7246,7149
7212,7156
7301,7152
7149,7147
7322,7143
7086,7150
7308,7157
7345,7149
7164,7151
7311,7159
7188,7154
7176,7145
7191,7158
7142,7151
7312,7160
7267,7160
7347,7155
7304,7161
7118,7151
7280,7156
7094,7158
7186,7152
7315,7147
7129,7156
7240,7158
7227,7147
7206,7154
7170,7158
7137,7146
7226,7163
7124,7143
7121,7163
7326,7160
7220,7149
7329,7152
7214,7155
7141,7153
7269,7150
7113,7156
7228,7154
7097,7147
7249,7159
7287,7145
7144,7155
7282,7151
7088,7155
7240,7148
7127,7158
7191,7168
7387,7158
7166,7160
7319,7165
7213,7161
7096,7157
7262,7156
7160,7155
7124,7158
7208,7145
7162,7155
7173,7156
7263,7149
7195,7159
7252,7149
7093,7159
7275,7153
7058,7167
7222,7149
7272,7165
7262,7157
7362,7145
7130,7149
7148,7165
7241,7160
7103,7149
7285,7151
7106,7152
7241,7158
7281,7159
7144,7160
7204,7145
7114,7153
7210,7146
7048,7141
7148,7158
7295,7151
7178,7147
7264,7163
7200,7158
7213,7153
7191,7145
7157,7147
7152,7152
7309,7166
7198,7159
7293,7144
7133,7148
7289,7170
7190,7146
7076,7153
7247,7167
7070,7155
7215,7156
7328,7170
7239,7144
7296,7148
7205,7149
7162,7152
7224,7150
7196,7158
7263,7140
7119,7142
7269,7152
7267,7153
7085,7157
7241,7167
7128,7151
7206,7156
7246,7153
7185,7160
7243,7151
7212,7163
7247,7158
7219,7148
7212,7152
7256,7146
7182,7154
7245,7151
7245,7158
7235,7142
7384,7153
7145,7150
7103,7149
7227,7157
7112,7161
7330,7157
7072,7164
7297,7160
7308,7140
7143,7159
7325,7158
7139,7161
7205,7159
7143,7155
7211,7158
7277,7154
7219,7153
7253,7154
7255,7144
7280,7152
7253,7153
7246,7153
7187,7152
7295,7147
7229,7144
7224,7153
7179,7159
7239,7155
7176,7142
7084,7150
7266,7147
7103,7163
7158,7159
7250,7154
7211,7155
7326,7164
7169,7139
7201,7158
7199,7151
7202,7159
7275,7163
7141,7151
7253,7149
7178,7149
7103,7150
7252,7156
7142,7158
7112,7153
7195,7151
7209,7155
7281,7152
7137,7147
7273,7154
7242,7156
7230,7153
7194,7152
7138,7169
7164,7160
7303,7161
7107,7158
7260,7155
7182,7146
7279,7152
7164,7149
7148,7152
7338,7150
7065,7138
7318,7153
7236,7141
7333,7157
7293,7146
7106,7156
7193,7157
7136,7162
7182,7157
7284,7158
7140,7149
7219,7149
7234,7155
7277,7150
7214,7163
7164,7157
7165,7148
7132,7154
7225,7149
7225,7166
7122,7157
7305,7155
7214,7152
7125,7151
7200,7143
7060,7153
7224,7150
7296,7147
7209,7151
7349,7144
7163,7158
7343,7152
7178,7141
7130,7149
7297,7142
7142,7157
7226,7159
7175,7149
7264,7140
7202,7155
7134,7146
7195,7168
7227,7158
7298,7148
7230,7155
7223,7150
7271,7145
7258,7156
7153,7152
7283,7143
7091,7146
7210,7158
7141,7149
7144,7151
7329,7160
7206,7157
7343,7158
7239,7161
7134,7159
7297,7155
7139,7161
7322,7169
7285,7138
7309,7153
7300,7145
7098,7154
7263,7151
7129,7158
7129,7159
7277,7160
7163,7161
7246,7156
7269,7161
7204,7160
7306,7149
7213,7154
7173,7156
7226,7147
7202,7158
7258,7151
7201,7156
7225,7151
7308,7145
7222,7163
7251,7160
7160,7159
7192,7158
7272,7171
7241,7155
7318,7146
7185,7153
7340,7154
7148,7150
7079,7160
7351,7157
7099,7145
7280,7158
7193,7143
7289,7149
7262,7143
7140,7163
7193,7156
7230,7166
7263,7156
7207,7149
7259,7156
7253,7155
7201,7152
7165,7166
7297,7153
7087,7154
7191,7159
7176,7157
7204,7154
7369,7146
7238,7156
7289,7168
7312,7160
7163,7158
7338,7158
7174,7145
7266,7152
7313,7155
7284,7163
7306,7148
7213,7161
7345,7161
7318,7164
7408,7170
7505,7171
7336,7191
7520,7183
7419,7192
7479,7205
7489,7203
7473,7225
7546,7222
7471,7238
7600,7243
7480,7257
7538,7255
7492,7276
7611,7281
7528,7277
7565,7276
7571,7283
7594,7296
7586,7308
7631,7317
7564,7332
7646,7338
7609,7351
7651,7345
7622,7367
7639,7372
7656,7377
7622,7384
7703,7403
7700,7384
7680,7406
7603,7440
7585,7421
7701,7420
7615,7441
7731,7455
7713,7460
7675,7468
7734,7476
7722,7486
7695,7493
7749,7499
7666,7505
7683,7514
7783,7527
7742,7538
7707,7531
7907,7544
7719,7546
7644,7567
7690,7562
7760,7577
7661,7595
7727,7595
7775,7603
7799,7614
7754,7612
7748,7613
7813,7649
7770,7629
7742,7652
7804,7653
7840,7668
7873,7674
7815,7683
7807,7694
7897,7706
7923,7703
7915,7718
7823,7726
7862,7719
7844,7738
7889,7763
7948,7742
7952,7779
7828,7768
7797,7770
7805,7790
7903,7789
7925,7800
7949,7801
7933,7812
7903,7829
7882,7852
7873,7829
7854,7846
7901,7848
7928,7863
7958,7865
7981,7873
8027,7898
8032,7886
8060,7888
8045,7907
8077,7917
8025,7946
8009,7921
7931,7930
7933,7937
7953,7933
7906,7955
7880,7931
7889,7959
7847,7961
7843,7963
7881,7949
7866,7967
7833,7936
7817,7933
7838,7958
7841,7944
7863,7964
7798,7949
7795,7939
7805,7953
7809,7945
7809,7949
7799,7968
7782,7941
7816,7943
7792,7953
7799,7951
7777,7962
7795,7953
7793,7943
7835,7959
7788,7978
7819,7964
7768,7961
7754,7947
7769,7961
7772,7958
7783,7954
7787,7951
7765,7946
7769,7949
7797,7953
7776,7954
7769,7944
7805,7945
7812,7945
7804,7948
7804,7959
7819,7945
7816,7947
7829,7954
7917,7959
8021,7967
8091,7961
8200,7971
8327,7974
8321,7985
8398,7992
8427,7996
8453,7986
8469,8006
8497,8024
8495,8031
8496,8036
8454,8054
8443,8051
8449,8049
8429,8074
8426,8077
8384,8087
8398,8081
8475,8094
8510,8101
8525,8098
8540,8117
8499,8107
8433,8121
8437,8138
8442,8138
8593,8159
8607,8163
8666,8180
8591,8194
8565,8198
8492,8208
8596,8200
8654,8213
8660,8230
8567,8221
8535,8237
8666,8241
8675,8257
8680,8253
8594,8274
8606,8266
8665,8276
8657,8291
8565,8307
8614,8307
8689,8317
8646,8329
8485,8308
8555,8337
8720,8358
8549,8364
8685,8368
8603,8373
8633,8393
8721,8393
8690,8387
8682,8401
8670,8412
8746,8406
8690,8431
8661,8440
8728,8440
8782,8456
8627,8465
8743,8468
8685,8479
8705,8493
8720,8485
8680,8504
8848,8498
8715,8503
8822,8519
8772,8533
8746,8543
8840,8548
8761,8555
8879,8574
8742,8568
8926,8590
8745,8585
8789,8596
8802,8605
8923,8617
8850,8623
8947,8639
8849,8643
8928,8651
8890,8655
8922,8658
8853,8670
8913,8680
8823,8688
8991,8689
9011,8706
8906,8709
8920,8707
8831,8726
8956,8727
8791,8741
8845,8751
8784,8755
8894,8742
8826,8739
8629,8756
8750,8743
8596,8750
8625,8754
8817,8759
8581,8742
8735,8747
8668,8753
8790,8759
8669,8752
8590,8754
8812,8754
8565,8764
8719,8764
8766,8743
8692,8761
8755,8744
8599,8761
8677,8762
8666,8756
8643,8762
8691,8750
8683,8761
8791,8759
8742,8753
8575,8761
8704,8756
8573,8750
8740,8766
8509,8751
8635,8765
8762,8760
8657,8751
8656,8756
8684,8748
8554,8752
8767,8752
8592,8761
8673,8758
8760,8748
8766,8756
8768,8748
8609,8765
8888,8758
8606,8754
8622,8758
8826,8755
8637,8747
8719,8766
8792,8753
8709,8751
8782,8756
8709,8764
8654,8758
8677,8753
8641,8768
8743,8754
8603,8751
8820,8766
8668,8760
8598,8745
8687,8753
8639,8758
8755,8765
8615,8745
8654,8764
8772,8777
8658,8748
8800,8757
8631,8753
8575,8762
8836,8747
8566,8752
8745,8765
8769,8756
8752,8751
8751,8762
8527,8761
8744,8753
8650,8756
8640,8751
8690,8754
8612,8748
8758,8753
8711,8761
8703,8767
8738,8760
8635,8760
8752,8757
8615,8754
8665,8764
8789,8763
8637,8753
8774,8760
8693,8760
8478,8750
8767,8759
8580,8764
8688,8771
8566,8760
8674,8761
8750,8746
8695,8752
8751,8754
8621,8755
8651,8753
8683,8762
8624,8760
8720,8776
8733,8751
8704,8763
8773,8745
8566,8762
8814,8751
8679,8755
8741,8755
8756,8758
8610,8757
8844,8749
8665,8746
8766,8765
8689,8756
8649,8764
8749,8763
8610,8761
8621,8756
8825,8762
8593,8782
8828,8754
8672,8757
8559,8762
8725,8751
8555,8756
8727,8763
8579,8748
8719,8762
8778,8765
8656,8757
8754,8745
8707,8770
8636,8755
8742,8755
8682,8755
8724,8760
8743,8735
8702,8758
8770,8758
8604,8754
8822,8748
8616,8762
8679,8756
8733,8756
8730,8747
8871,8756
8645,8757
8770,8742
8732,8759
8546,8755
8757,8765
8531,8752
8646,8757
8842,8762
8566,8754
8795,8754
8717,8751
8641,8765
8727,8754
8572,8755
8753,8750
8577,8744
8726,8755
8738,8755
8615,8756
8837,8755
8632,8753
8605,8762
8630,8758
8545,8759
8738,8751
8681,8749
8728,8754
8697,8751
8530,8762
8827,8762
8586,8753
8569,8760
8736,8751
8644,8755
8804,8772
8671,8757
8630,8762
8709,8762
8615,8764
8740,8757
8569,8759
8719,8759
8761,8757
8638,8757
8745,8744
8658,8754
8603,8760
8692,8755
8521,8740
8660,8758
8754,8757
8741,8766
8792,8758
8587,8768
8830,8753
8638,8753
8646,8770
8721,8755
8665,8748
8701,8765
8676,8750
8726,8753
8675,8759
8529,8747
8714,8754
8608,8745
8672,8756
8830,8754
8607,8760
8841,8761
8757,8757
8618,8755
8739,8757
8624,8746
8738,8750
8622,8758
8696,8757
8771,8764
8655,8760
8737,8750
8636,8761
8639,8765
8655,8749
8601,8748
8818,8750
8710,8754
8803,8751
8731,8752
8541,8755
8803,8761
8682,8763
8699,8752
8800,8756
8569,8753
8821,8748
8650,8756
8717,8748
8797,8753
8626,8774
8782,8758
8570,8762
8747,8764
8817,8753
8687,8758
8772,8758
8627,8761
8638,8759
8677,8747
8600,8765
8775,8746
8600,8761
8780,8755
8737,8752
8560,8753
8789,8745
8538,8745
8657,8758
8691,8753
8611,8763
8762,8761
8748,8758
8688,8763
8706,8756
8639,8759
8771,8753
8616,8762
8705,8757
8769,8748
8698,8750
8872,8760
8700,8761
8817,8753
8783,8752
8577,8762
8679,8746
8613,8761
8644,8758
8841,8755
8591,8761
8735,8752
8688,8765
8635,8768
8692,8754
8590,8762
8776,8758
8646,8758
8769,8749
8642,8756
8573,8759
8731,8751
8580,8757
8658,8765
8562,8747
8626,8760
8741,8755
8608,8758
8725,8757
8668,8751
8593,8753
8781,8752
8640,8757
8698,8760
8779,8757
8697,8753
8802,8758
8630,8743
8735,8758
8663,8757
8631,8749
8793,8758
8556,8756
8728,8756
8772,8765
8677,8753
8755,8760
8607,8743
8708,8756
8571,8759
8623,8754
8814,8755
8610,8758
8780,8753
8728,8740
8587,8743
8796,8758
8632,8755
8679,8758
8652,8760
8753,8761
8822,8764
8619,8760
8753,8757
8697,8755
8623,8760
8693,8744
8519,8745
8715,8751
8834,8749
8677,8761
8838,8753
8609,8767
8837,8756
8662,8753
8633,8758
8865,8759
8563,8762
8807,8773
8705,8752
8756,8752
8756,8751
8588,8753
8675,8749
8599,8750
8632,8759
8808,8755
8633,8762
8730,8756
8717,8759
8564,8767
8815,8745
8606,8768
8702,8771
8643,8756
8703,8767
8737,8762
8658,8755
8680,8763
8716,8751
8638,8764
8789,8763
8667,8759
8680,8752
8703,8751
8694,8751
8673,8747
8631,8752
8705,8766
8618,8747
8689,8761
8840,8756
8627,8749
8796,8757
8727,8752
8739,8761
8729,8759
8541,8748
8540,8746
8530,8742
8594,8748
8647,8741
8530,8742
8688,8734
8424,8721
8373,8714
8433,8717
8315,8697
8495,8693
8312,8680
8567,8678
8395,8667
8349,8657
8382,8653
8412,8646
8323,8627
8378,8635
8335,8612
8315,8596
8324,8605
8308,8594
8234,8593
8299,8581
8331,8567
8267,8559
8235,8559
8342,8548
8273,8542
8286,8552
8195,8527
8267,8516
8280,8519
8301,8490
8306,8497
8318,8480
8313,8485
8329,8476
8263,8466
8287,8445
8286,8445
8224,8442
8313,8428
8272,8419
8250,8409
8242,8399
8228,8396
8285,8381
8275,8383
8260,8368
8217,8365
8269,8364
8063,8344
8182,8329
8380,8339
8386,8314
8319,8327
7972,8299
8292,8310
8202,8302
8073,8276
8012,8267
8187,8272
8139,8253
8086,8234
8045,8257
8127,8235
8187,8229
8079,8198
8017,8205
7986,8193
8112,8196
8121,8181
8071,8188
8064,8166
7947,8168
7944,8143
8058,8140
8138,8163
8101,8116
8061,8103
7967,8131
8019,8102
7942,8107
8003,8088
8064,8080
8062,8076
8089,8066
8081,8053
8072,8050
8035,8052
8002,8010
7962,8037
7952,8028
7958,8027
7909,8006
7950,7998
7945,7993
7940,7976
8046,7969
7991,7953
8069,7967
7976,7947
8029,7974
8075,7944
8053,7958
8106,7977
8100,7946
8100,7958
8103,7973
8166,7973
8130,7957
8110,7953
8147,7958
8162,7957
8183,7963
8164,7952
8177,7950
8147,7956
8146,7961
8172,7965
8174,7960
8133,7961
8175,7946
8193,7958
8160,7950
8167,7930
8172,7969
8192,7944
8170,7971
8177,7956
8203,7941
8166,7959
8151,7960
8147,7959
8218,7985
8182,7968
8179,7963
8165,7967
8151,7937
8184,7961
8145,7970
8154,7963
8154,7967
8173,7941
8143,7946
8144,7935
8135,7945
8121,7955
8026,7949
7857,7942
7804,7932
7700,7933
7555,7937
7638,7913
7461,7925
7465,7918
7493,7925
7412,7894
7437,7901
7423,7876
7423,7882
7440,7867
7406,7861
7473,7860
7481,7837
7478,7843
7505,7825
7432,7840
7389,7816
7366,7807
7338,7801
7322,7798
7303,7774
7434,7774
7383,7761
7405,7765
7369,7756
7331,7746
7307,7728
7291,7709
7366,7721
7407,7717
7363,7695
7333,7700
7310,7691
7361,7680
7447,7672
7282,7657
7275,7646
7282,7641
7354,7647
7336,7639
7214,7635
7284,7614
7228,7606
7463,7594
7170,7609
7215,7582
7282,7582
7128,7564
7171,7562
7202,7550
7225,7539
7096,7535
7183,7529
7225,7516
7150,7512
7146,7501
7220,7503
7175,7488
7207,7492
7212,7473
7097,7465
7188,7459
7182,7444
7129,7431
7252,7432
7107,7418
7171,7418
6994,7414
7022,7402
7222,7398
7058,7389
7136,7379
7131,7371
7083,7366
7155,7340
6995,7352
7198,7335
7109,7322
7156,7314
7076,7302
6992,7322
7005,7295
7130,7298
6961,7273
7054,7277
7030,7259
7018,7260
6956,7254
6980,7238
7091,7233
7010,7225
6966,7209
6928,7207
6939,7200
6920,7198
7048,7185
7002,7180
7003,7184
7009,7173
7146,7159
7015,7164
6950,7164
7166,7166
7099,7161
7226,7166
7185,7156
7265,7175
7304,7156
7059,7162
7217,7168
7153,7144
7182,7162
7243,7154
7050,7155
7375,7160
7234,7138
7136,7165
7253,7153
7150,7152
7273,7152
7411,7149
7193,7150
7391,7150
7205,7161
7312,7169
7232,7155
7126,7169
7285,7148
7142,7159
7210,7151
7274,7150
7236,7152
7282,7157
7220,7155
7179,7156
7249,7149
7175,7163
7300,7152
7158,7150
7368,7155
7272,7156
7068,7160
7170,7162
7089,7161
7189,7151
7134,7154
7154,7158
7266,7169
7266,7146
7216,7152
7247,7151
7112,7148
7179,7157
7076,7158
7227,7162
7272,7152
7182,7151
7277,7146
7089,7153
7363,7155
7141,7162
7153,7157
7284,7142
7100,7156
7222,7155
7357,7158
7234,7158
7314,7152
7097,7146
7157,7158
7174,7155
7212,7165
7214,7145
7168,7156
7384,7156
7216,7144
7141,7154
7250,7158
7216,7149
7274,7155
7161,7151
7217,7156
7297,7158
7250,7162
7336,7153
7157,7151
7097,7144
7235,7162
7139,7155
7261,7152
7324,7162
7222,7160
7335,7154
7132,7152
7364,7151
7252,7146
7176,7164
7369,7153
7130,7155
7313,7145
7254,7148
7319,7148
7183,7154
7070,7146
7188,7153
7124,7161
7102,7160
7255,7168
7150,7160
7239,7148
7256,7151
7148,7160
7256,7161
7149,7153
7232,7153
7131,7145
7200,7155
7258,7148
7195,7155
7233,7162
7108,7150
7136,7159
7148,7154
7073,7150
7295,7157
7268,7153
7258,7152
7319,7153
7095,7145
7347,7159
7127,7151
7219,7161
7286,7151
7230,7156
7337,7145
7200,7151
7254,7142
7281,7157
7202,7149
7234,7152
7242,7160
7227,7156
7177,7150
7197,7153
7346,7145
7185,7145
7138,7164
7203,7150
7137,7149
7265,7150
7099,7146
7194,7159
7311,7149
7226,7161
7243,7163
7143,7143
7186,7155
7153,7161
7137,7148
7291,7162
7207,7148
7285,7150
7155,7157
7036,7160
7238,7158
7133,7160
7182,7155
7219,7153
7192,7150
7257,7155
7226,7155
7274,7151
7219,7160
7088,7149
7213,7148
7112,7150
7197,7159
7233,7149
7167,7138
7202,7147
7297,7154
7151,7162
7186,7153
7142,7155
7237,7153
7199,7150
7265,7164
7224,7155
7080,7155
7263,7157
7109,7155
7239,7151
7156,7157
7172,7155
7216,7170
7201,7152
7251,7156
7249,7162
7142,7145
7250,7150
7329,7158
7171,7150
7203,7159
7159,7160
7353,7162
7198,7157
7305,7166
7175,7151
7224,7152
7290,7164
7098,7143
7219,7143
7318,7157
7200,7154
7318,7159
7277,7145
7162,7167
7235,7153
7125,7151
7332,7161
7263,7144
7296,7156
7255,7145
7107,7174
7276,7158
7161,7159
7181,7159
7245,7151
7171,7161
7232,7160
7196,7145
7272,7162
7223,7153
7121,7145
7289,7153
7168,7149
7197,7148
7248,7155
7120,7154
7307,7158
7277,7158
7135,7163
7180,7152
7189,7156
7301,7163
7132,7153
7347,7160
7248,7150
7100,7150
7271,7151
7033,7152
7227,7153
7063,7156
7037,7159
7230,7149
7200,7146
7271,7154
7218,7160
7142,7150
7278,7151
7225,7151
7198,7152
7250,7147
7136,7158
7362,7151
7266,7156
7254,7163
7243,7164
7154,7150
7181,7156
7153,7158
7195,7164
7291,7142
7175,7164
7300,7162
7164,7149
7109,7159
7243,7145
7199,7167
7310,7160
7144,7153
7258,7157
7239,7163
7120,7153
7242,7150
7109,7147
7178,7165
7161,7151
7144,7158
7172,7155
7203,7153
7178,7145
7153,7149
7131,7161
7249,7142
7139,7151
7148,7156
7354,7160
7176,7145
7427,7165
7244,7159
7348,7139
7267,7156
7080,7139
7279,7157
7087,7160
7178,7165
7270,7157
7192,7166
7269,7166
7110,7159
7208,7151
7118,7155
7124,7161
7310,7154
7146,7152
7327,7154
7272,7152
7189,7145
7241,7154
7222,7157
7194,7164
7171,7156
7153,7151
7302,7161
7234,7145
7291,7156
7266,7144
7108,7158
7369,7151
7172,7155
7196,7150
7298,7145
7186,7149
7365,7157
7225,7155
7319,7153
7243,7149
7187,7154
7393,7155
7104,7157
7312,7150
7223,7156
7231,7158
7254,7160
7075,7143
7192,7159
7148,7142
7153,7161
7186,7155
7209,7149
7246,7151
7229,7155
7191,7160
7286,7153
7230,7149
7151,7157
7183,7147
7153,7155
7324,7158
7149,7145
7349,7163
7195,7153
7105,7157
7270,7155
7103,7162
7156,7170
7288,7153
7196,7160
7382,7145
7188,7164
7328,7161
7148,7153
7162,7161
7367,7165
7130,7156
7317,7164
7243,7147
7190,7157
7250,7148
7195,7152
7296,7152
7170,7158
7209,7164
7288,7149
7227,7153
7288,7146
7240,7157
7088,7168
7376,7150
7148,7150
7180,7163
7158,7156
7156,7164
7324,7157
7320,7152
7293,7157
7207,7149
7163,7157
7277,7136
7158,7145
7388,7158
7315,7162
7352,7172
7440,7174
7303,7175
7410,7183
7356,7189
7450,7190
7491,7187
7468,7198
7472,7197
7445,7226
7516,7235
7466,7233
7580,7252
7516,7255
7534,7265
7470,7261
7533,7272
7487,7276
7642,7287
7559,7309
7541,7302
7567,7324
7627,7328
7563,7334
7635,7333
7577,7350
7667,7354
7575,7365
7598,7379
7581,7377
7686,7391
7752,7392
7545,7408
7691,7412
7604,7426
7620,7429
7660,7440
7714,7448
7683,7457
7638,7462
7683,7463
7745,7479
7707,7489
7721,7491
7733,7487
7707,7512
7760,7520
7737,7515
7604,7529
7723,7549
7816,7548
7791,7561
7634,7560
7737,7571
7667,7600
7730,7593
7789,7606
7813,7605
7703,7617
7785,7621
7807,7625
7847,7630
7711,7640
7748,7658
7828,7660
7810,7679
7843,7679
7748,7679
7818,7695
7886,7688
7919,7685
7879,7707
7786,7721
7856,7730
7851,7730
7955,7749
7956,7741
7881,7763
7795,7768
7841,7767
7863,7799
7919,7798
7941,7805
7989,7835
7897,7830
7914,7831
7930,7830
7906,7842
7889,7849
7960,7877
7973,7875
7966,7866
7994,7895
8044,7886
8011,7888
8093,7910
8029,7909
8034,7945
8006,7934
7988,7921
7954,7937
7943,7949
7935,7943
7917,7948
7932,7973
7855,7971
7884,7956
7897,7933
7849,7969
7872,7942
7846,7951
7812,7959
7818,7923
7822,7933
7806,7966
7848,7955
7825,7957
7856,7956
7794,7940
7791,7954
7811,7946
7810,7972
7819,7956
7791,7943
7804,7967
7788,7969
7796,7955
7760,7957
7780,7966
7787,7955
7802,7949
7809,7953
7792,7963
7779,7947
7786,7952
7792,7937
7780,7962
7767,7949
7786,7945
7771,7969
7787,7951
7776,7952
7842,7947
7805,7959
7806,7950
7802,7975
7861,7970
7822,7946
7834,7956
7971,7965
8073,7949
8104,7967
8216,7972
8340,7986
8342,7967
8412,7973
8428,7983
8471,7996
8463,8006
8477,8028
8461,8025
8465,8032
8468,8025
8446,8060
8441,8073
8396,8066
8401,8069
8387,8080
8426,8082
8476,8096
8536,8095
8591,8133
8565,8118
8578,8121
8464,8141
8442,8155
8434,8160
8630,8168
8685,8164
8640,8162
8559,8173
8498,8192
8561,8208
8588,8203
8650,8204
8664,8225
8596,8234
8600,8239
8675,8241
8658,8235
8628,8256
8520,8272
8672,8274
8690,8290
8691,8289
8539,8305
8688,8323
8695,8324
8589,8340
8466,8344
8652,8341
8762,8357
8526,8366
8550,8362
8782,8388
8662,8390
8671,8397
8687,8399
8723,8409
8656,8420
8754,8428
8716,8431
8660,8444
8758,8439
8620,8459
8699,8462
8787,8474
8677,8483
8723,8488
8697,8502
8842,8501
8864,8511
8706,8515
8887,8526
8724,8540
8915,8542
8726,8556
8837,8563
8812,8573
8761,8582
8915,8588
8796,8597
8880,8598
8797,8606
8868,8622
8860,8623
8910,8636
8864,8638
8874,8648
8839,8664
8940,8665
8821,8660
8899,8675
8787,8686
8845,8705
8980,8703
8861,8724
9031,8727
8895,8729
8928,8724
8820,8734
8682,8744
8857,8737
8623,8746
8866,8752
8710,8746
8770,8761
8790,8749
8597,8758
8662,8755
8610,8757
8645,8761
8817,8764
8657,8748
8801,8759
8765,8751
8629,8756
8763,8751
8644,8758
8709,8755
8596,8754
8734,8752
8720,8745
8633,8748
8719,8761
8560,8754
8611,8761
8639,8751
8603,8762
8719,8749
8681,8740
8720,8760
8707,8760
8494,8749
8692,8754
8600,8748
8698,8756
8693,8764
8666,8755
8694,8757
8631,8753
8715,8749
8686,8758
8584,8760
8772,8754
8539,8754
8737,8753
8862,8759
8630,8754
8830,8759
8637,8764
8650,8760
8650,8753
8530,8756
8728,8749
8644,8762
8615,8752
8778,8749
8649,8758
8761,8756
8638,8764
8637,8758
8616,8755
8679,8758
8764,8759
8600,8749
8786,8755
8695,8772
8608,8763
8702,8752
8586,8762
8676,8766
8820,8748
8632,8758
8794,8762
8734,8763
8786,8755
8752,8758
8640,8759
8741,8756
8615,8759
8755,8762
8691,8753
8679,8760
8745,8756
8599,8772
8604,8755
8585,8758
8607,8756
8796,8760
8590,8747
8737,8761
8750,8772
8512,8756
8778,8766
8572,8751
8630,8779
8685,8745
8646,8752
8751,8761
8673,8774
8719,8753
8687,8755
8591,8759
8706,8744
8583,8764
8757,8763
8836,8752
8665,8759
8843,8753
8668,8761
8788,8763
8639,8762
8606,8758
8727,8767
8601,8742
8730,8747
8725,8748
8781,8762
8778,8763
8522,8757
8679,8751
8541,8756
8639,8754
8799,8760
8616,8751
8758,8770
8692,8754
8593,8762
8749,8766
8599,8760
8700,8765
8616,8755
8712,8763
8756,8756
8685,8759
8864,8752
8783,8750
8604,8760
8754,8762
8619,8754
8723,8759
8785,8754
8684,8751
8713,8774
8743,8754
8613,8754
8656,8756
8729,8751
8722,8766
8636,8753
8743,8751
8706,8760
8760,8750
8679,8756
8594,8758
8723,8754
8559,8758
8606,8756
8816,8741
8657,8762
8806,8757
8700,8746
8540,8748
8712,8749
8633,8759
8699,8759
8790,8756
8745,8755
8835,8750
8614,8761
8760,8778
8687,8760
8599,8756
8735,8764
8571,8751
8730,8752
8846,8759
8609,8756
8779,8751
8636,8767
8694,8763
8574,8756
8592,8769
8783,8756
8588,8754
8732,8758
8720,8766
8557,8750
8712,8754
8614,8765
8703,8757
8623,8758
8676,8760
8753,8759
8640,8751
8851,8768
8704,8754
8525,8752
8735,8763
8575,8752
8757,8752
8770,8756
8695,8752
8770,8760
8671,8766
8760,8759
8689,8757
8642,8770
8762,8767
8611,8755
8798,8756
8704,8765
8735,8757
8704,8760
8568,8760
8747,8760
8535,8762
8611,8762
8745,8763
8602,8756
8791,8755
8705,8751
8567,8757
8740,8755
8585,8742
8661,8760
8634,8751
8738,8765
8763,8752
8578,8748
8819,8758
8689,8752
8621,8753
8702,8764
8566,8758
8790,8746
8762,8755
8722,8766
8811,8761
8633,8761
8764,8764
8614,8756
8658,8764
8810,8757
8616,8755
8804,8761
8749,8746
8768,8763
8739,8755
8546,8759
8665,8766
8593,8748
8633,8759
8720,8753
8620,8760
8783,8758
8700,8754
8573,8764
8714,8754
8602,8753
8748,8760
8591,8750
8696,8750
8808,8746
8660,8758
8821,8763
8722,8763
8632,8760
8742,8757
8636,8757
8733,8759
8768,8758
8753,8758
8724,8745
8585,8767
8706,8770
8597,8752
8694,8756
8765,8754
8612,8763
8810,8755
8722,8754
8738,8759
8724,8756
8542,8753
8735,8762
8624,8751
8689,8730
8800,8762
8656,8760
8809,8769
8662,8764
8665,8757
8660,8761
8584,8750
8714,8765
8635,8752
8663,8762
8781,8756
8689,8759
8773,8747
8670,8757
8676,8756
8607,8761
8591,8760
8750,8755
8727,8759
8770,8754
8689,8763
8546,8762
8747,8755
8629,8763
8662,8757
8682,8756
8590,8753
8710,8766
8674,8754
8790,8764
8680,8747
8627,8757
8785,8763
8580,8765
8681,8764
8775,8752
8697,8758
8849,8772
8637,8758
8539,8766
8712,8749
8562,8763
8701,8754
8638,8748
8750,8755
8766,8757
8584,8764
8740,8767
8681,8754
8702,8776
8663,8756
8608,8759
8772,8764
8699,8753
8753,8753
8699,8748
8621,8756
8736,8764
8561,8759
8689,8760
8766,8754
8647,8758
8818,8773
8647,8746
8819,8755
8682,8751
8642,8756
8717,8757
8636,8757
8713,8764
8800,8750
8745,8756
8839,8760
8572,8758
8618,8755
8654,8756
8614,8757
8757,8744
8588,8753
8809,8767
8731,8754
8574,8761
8785,8760
8633,8759
8633,8754
8754,8757
8525,8742
8784,8744
8807,8756
8714,8753
8743,8754
8630,8753
8688,8759
8655,8751
8650,8768
8700,8762
8680,8761
8705,8741
8653,8756
8621,8767
8656,8759
8672,8759
8740,8756
8664,8742
8786,8759
8743,8755
8611,8759
8771,8765
8634,8758
8681,8759
8613,8762
8593,8762
8748,8758
8722,8766
8697,8753
8615,8761
8457,8750
8615,8758
8457,8740
8590,8735
8653,8720
8490,8733
8621,8721
8337,8704
8563,8704
8375,8689
8371,8688
8542,8680
8425,8662
8543,8670
8437,8656
8357,8635
8411,8624
8383,8648
8309,8611
8376,8615
8277,8615
8313,8606
8305,8590
8278,8589
8281,8578
8365,8566
8273,8567
8271,8554
8259,8535
8258,8533
8366,8530
8150,8526
8245,8508
8294,8525
8225,8482
8256,8481
8242,8483
8361,8451
8245,8465
8281,8444
8370,8446
8233,8447
8301,8445
8280,8414
8267,8413
8300,8402
8244,8403
8223,8393
8242,8390
8293,8375
8204,8372
8158,8367
8242,8353
8183,8358
8181,8342
8384,8335
8319,8311
8195,8327
8109,8311
8177,8294
8118,8282
8080,8296
8140,8261
8165,8264
8140,8268
8040,8250
8104,8251
8137,8222
8127,8210
8072,8216
7974,8221
8051,8202
8167,8185
8147,8183
8083,8170
8041,8180
8012,8143
8046,8169
8108,8136
8172,8144
8020,8117
8036,8112
7983,8117
7968,8113
8005,8091
8032,8116
8027,8076
8093,8081
8074,8057
8072,8049
8032,8053
7995,8043
7943,8045
7957,8022
7946,8023
7926,8010
7898,8005
7904,8001
7950,7985
7895,7990
7959,7967
8036,7997
8009,7969
8041,7976
8057,7932
8097,7958
8107,7970
8090,7947
8103,7953
8114,7973
8099,7959
8115,7957
8136,7954
8116,7968
8163,7957
8130,7958
8154,7966
8153,7952
8154,7961
8142,7967
8146,7951
8179,7958
8158,7948
8174,7952
8157,7961
8170,7966
8166,7941
8157,7956
8160,7955
8154,7979
8178,7945
8169,7954
8157,7937
8168,7981
8161,7960
8162,7955
8144,7968
8135,7964
8142,7964
8182,7962
8153,7959
8174,7954
8158,7949
8164,7950
8140,7950
8129,7961
8117,7953
8133,7961
8117,7972
8086,7960
7935,7939
7830,7949
7749,7969
7661,7946
7631,7924
7577,7924
7520,7916
7415,7898
7404,7895
7410,7892
7412,7876
7412,7875
7430,7872
7444,7876
7408,7849
7451,7852
7438,7839
7461,7834
7471,7820
7435,7811
7387,7817
7354,7816
7343,7788
7361,7778
7402,7776
7400,7769
7409,7760
7392,7744
7305,7755
7262,7767
7303,7723
7393,7719
7433,7715
7400,7705
7340,7707
7291,7694
7340,7682
7378,7670
7355,7668
7286,7662
7233,7650
7314,7649
7364,7641
7262,7631
7296,7627
7370,7602
7400,7615
7408,7597
7086,7582
7290,7579
7192,7586
7104,7580
7256,7552
7181,7540
7252,7542
7139,7532
7272,7525
7183,7505
7098,7513
7188,7494
7183,7490
7092,7491
7183,7471
7141,7461
7166,7464
7226,7452
7129,7459
7205,7440
7116,7432
7111,7424
7175,7421
6996,7410
7127,7383
7171,7384
7101,7383
7195,7365
7013,7360
7211,7353
6992,7355
7061,7336
7136,7335
7121,7325
7072,7309
7059,7305
7022,7297
7099,7285
7067,7281
7049,7281
7006,7274
7029,7252
7042,7245
7053,7239
7059,7246
6972,7234
6998,7225
6977,7214
6957,7212
6957,7197
6929,7188
7000,7184
7004,7171
7087,7175
7036,7166
6989,7178
7250,7173
7161,7162
7075,7159
7213,7162
7149,7159
7263,7159
7228,7159
7259,7147
7217,7148
7120,7154
7227,7151
7047,7151
7157,7174
7284,7164
7202,7151
7301,7156
7220,7149
7320,7180
7290,7150
7162,7159
7228,7152
7166,7147
7217,7163
7325,7153
7229,7155
7292,7145
7276,7160
7168,7168
7309,7163
7224,7150
7284,7167
7234,7154
7245,7164
7302,7150
7188,7155
7338,7155
7243,7167
7176,7153
7184,7160
7183,7147
7304,7154
7164,7159
7208,7133
7165,7155
7161,7156
7200,7153
7130,7160
7192,7157
7254,7152
7214,7153
7253,7154
7116,7157
7277,7150
7124,7148
7099,7153
7278,7147
7025,7157
7217,7152
7359,7164
7196,7153
7359,7153
7169,7141
7154,7149
7255,7155
7114,7155
7311,7151
7180,7150
7289,7154
7282,7154
7184,7158
7260,7159
7107,7151
7227,7157
7124,7161
7199,7147
7271,7147
7199,7160
7255,7161
7247,7153
7161,7154
7346,7158
7162,7151
7173,7151
7346,7155
7236,7150
7315,7156
7217,7161
7309,7152
7262,7156
7192,7141
7305,7156
7156,7146
7277,7155
7310,7146
7213,7145
7351,7159
7178,7155
7228,7162
7098,7151
7126,7158
7333,7157
7102,7147
7237,7157
7183,7151
7080,7151
7237,7150
7145,7142
7142,7154
7250,7156
7218,7155
7207,7153
7191,7154
7208,7161
7264,7146
7093,7154
7231,7158
7083,7146
7146,7158
7258,7164
7261,7151
7271,7156
7144,7154
7321,7158
7227,7148
7134,7154
7328,7154
7115,7151
7310,7163
7260,7155
7241,7151
7222,7152
7093,7154
7242,7149
7070,7163
7123,7153
7285,7160
7151,7152
7248,7170
7185,7143
7214,7161
7203,7155
7148,7159
7167,7147
7143,7160
7216,7153
7373,7152
7198,7150
7252,7158
7329,7150
7133,7154
7267,7155
7151,7157
7197,7158
7240,7151
7222,7155
7278,7165
7123,7154
7312,7155
7130,7152
7195,7152
7361,7155
7129,7165
7276,7161
7199,7158
7244,7156
7234,7158
7146,7155
7156,7164
7163,7153
7137,7159
7234,7161
7163,7153
7193,7159
7202,7156
7130,7154
7214,7146
7115,7152
7234,7151
7196,7163
7228,7146
7300,7150
7124,7155
7329,7161
7258,7147
7187,7155
7280,7154
7098,7157
7274,7157
7334,7160
7229,7163
7311,7148
7075,7157
7196,7148
7106,7145
7154,7157
7278,7155
7130,7144
7230,7164
7169,7156
7291,7164
7195,7154
7253,7149
7226,7161
7137,7149
7284,7152
7282,7157
7071,7163
7341,7161
7213,7154
7073,7150
7338,7155
7062,7152
7185,7169
7292,7149
7225,7153
7319,7160
7125,7155
7315,7155
7172,7146
7233,7153
7346,7157
7177,7159
7323,7147
7274,7154
7271,7162
7281,7155
7117,7157
7215,7155
7165,7153
7198,7145
7269,7148
7176,7163
7199,7153
7226,7159
7176,7148
7229,7154
7282,7149
7173,7158
7236,7146
7181,7160
7211,7165
7138,7154
7233,7160
7149,7154
7135,7158
7189,7151
7094,7154
7275,7155
7266,7161
7360,7162
7249,7172
7059,7160
7207,7162
7121,7135
7194,7155
7299,7158
7137,7159
7241,7149
7242,7161
7128,7153
7197,7150
7267,7161
7180,7161
7168,7156
7243,7159
7291,7159
7164,7155
7287,7154
7222,7155
7104,7157
7301,7149
7062,7149
7242,7159
7097,7145
7169,7155
7381,7158
7224,7157
7323,7147
7242,7146
7210,7156
7209,7144
7168,7148
7188,7153
7153,7154
7227,7150
7219,7148
7075,7152
7177,7152
7195,7163
7274,7151
7212,7163
7267,7155
7222,7158
7231,7151
7301,7155
7246,7152
7128,7165
7206,7151
7121,7156
7134,7152
7336,7158
7144,7149
7276,7158
7181,7157
7068,7156
7254,7155
7080,7151
7254,7146
7113,7153
7309,7157
7313,7150
7062,7152
7246,7154
7163,7148
7171,7158
7171,7147
7137,7154
7249,7147
7298,7142
7155,7158
7267,7156
7202,7148
7260,7168
7216,7146
7262,7153
7269,7148
7122,7152
7301,7158
7268,7154
7329,7145
7160,7152
7107,7157
7292,7150
7107,7150
7270,7141
7361,7154
7154,7160
7304,7150
7205,7156
7124,7160
7204,7151
7156,7158
7252,7147
7138,7157
7328,7148
7233,7149
7137,7144
7242,7172
7270,7150
7260,7155
7220,7160
7277,7168
7195,7161
7250,7145
7268,7151
7274,7163
7046,7153
7328,7162
7116,7141
7166,7148
7346,7152
7147,7154
7243,7160
7134,7147
7362,7155
7309,7155
7177,7155
7338,7148
7087,7148
7322,7160
7247,7157
7286,7163
7239,7162
7081,7142
7186,7145
7163,7147
7122,7159
7272,7149
7108,7152
7305,7159
7273,7138
7165,7159
7244,7152
7168,7159
7202,7155
7224,7160
7109,7156
7300,7176
7345,7155
7242,7153
7301,7146
7161,7165
7270,7169
7102,7156
7232,7164
7348,7153
7192,7170
7355,7155
7164,7150
7421,7160
7241,7156
7233,7161
7345,7164
7354,7178
7438,7174
7361,7173
7458,7193
7481,7192
7423,7207
7455,7201
7507,7211
7497,7223
7523,7235
7506,7236
7567,7242
7527,7247
7556,7252
7497,7262
7574,7280
7529,7283
7593,7289
7557,7284
7644,7284
7553,7314
7579,7325
7574,7329
7679,7335
7660,7340
7635,7355
7592,7378
7653,7362
7602,7373
7542,7391
7731,7386
7633,7386
7627,7409
7616,7421
7634,7431
7700,7448
7612,7438
7701,7451
7696,7455
7726,7461
7755,7467
7642,7475
7662,7485
7730,7495
7698,7504
7712,7514
7704,7516
7745,7526
7810,7547
7725,7556
7668,7559
7674,7559
7722,7590
7819,7575
7683,7581
7755,7582
7825,7589
7756,7607
7717,7620
7793,7629
7853,7630
7744,7640
7750,7650
7790,7653
7856,7664
7853,7676
7745,7679
7789,7681
7878,7695
7903,7699
7916,7714
7809,7711
7837,7730
7865,7742
7888,7745
7900,7735
7888,7758
7835,7762
7816,7783
7874,7783
7968,7792
7930,7789
7976,7812
7967,7815
7908,7830
7904,7813
7869,7836
7886,7848
7872,7847
7940,7856
7964,7860
7990,7877
8013,7874
8000,7881
8060,7905
8020,7913
8028,7915
8023,7909
7989,7947
7976,7948
7970,7943
7977,7948
7924,7952
7879,7948
7910,7938
7860,7970
7873,7931
7878,7949
7840,7967
7849,7969
7859,7931
7813,7954
7861,7946
7831,7950
7808,7959
7803,7952
7840,7959
7834,7959
7798,7953
7830,7973
7803,7945
7819,7963
7795,7967
7819,7957
7793,7949
7773,7951
7817,7958
7775,7951
7801,7956
7798,7955
7808,7954
7738,7984
7788,7948
7773,7962
7775,7968
7776,7956
7807,7937
7774,7952
7779,7961
7824,7949
7812,7967
7791,7948
7799,7940
7799,7977
7819,7956
7829,7963
7843,7965
7841,7957
7917,7946
8006,7956
8133,7966
8190,7959
8339,7946
8327,7966
8386,7963
8402,7974
8412,8020
8428,7996
8473,8007
8484,8031
8492,8038
8489,8035
8482,8051
8452,8043
8415,8060
8416,8066
8408,8067
8426,8082
8454,8101
8498,8100
8514,8109
8567,8114
8497,8125
8472,8135
8431,8135
8424,8143
8494,8160
8591,8160
8645,8176
8548,8181
8527,8191
8523,8213
8526,8195
8602,8220
8621,8215
8603,8214
8550,8252
8631,8241
8701,8256
8646,8256
8609,8277
8563,8274
8696,8277
8723,8288
8602,8297
8596,8305
8686,8326
8640,8308
8475,8339
8590,8337
8654,8349
8757,8366
8702,8348
8548,8377
8649,8379
8639,8388
8760,8384
8764,8410
8618,8419
8690,8427
8748,8419
8655,8441
8736,8440
8636,8456
8673,8462
8796,8460
8666,8489
8687,8491
8776,8489
8703,8493
8901,8499
8719,8519
8771,8524
8845,8525
8714,8545
8849,8548
8697,8563
8867,8568
8767,8589
8845,8586
8797,8592
8770,8595
8838,8601
8858,8608
8847,8627
8888,8634
8908,8637
8860,8651
8952,8665
8904,8653
8891,8666
8977,8679
8890,8688
8966,8692
8883,8699
8983,8708
8883,8707
8828,8737
8915,8723
8796,8736
8873,8744
8695,8752
8930,8751
8650,8755
8621,8755
8770,8752
8673,8776
8814,8752
8746,8751
8756,8740
8733,8736
8579,8757
8705,8753
8552,8752
8669,8770
8751,8762
8719,8756
8769,8757
8598,8757
8565,8752
8674,8755
8612,8765
8716,8755
8700,8758
8667,8756
8809,8753
8649,8753
8748,8755
8698,8750
8588,8756
8761,8761
8528,8767
8781,8756
8660,8763
8720,8768
8644,8749
8614,8753
8673,8756
8586,8753
8644,8763
8758,8755
8590,8752
8812,8755
8661,8764
8582,8750
8741,8754
8576,8761
8710,8762
8581,8757
8730,8761
8787,8752
8618,8754
8722,8758
8689,8766
8671,8753
8714,8764
8696,8763
8724,8748
8698,8760
8773,8758
8724,8754
8601,8762
8738,8751
8572,8749
8665,8757
8815,8762
8672,8758
8795,8749
8669,8767
8776,8751
8729,8756
8614,8755
8747,8756
8576,8752
8696,8758
8819,8755
8723,8755
8816,8763
8623,8760
8647,8761
8709,8753
8555,8761
8709,8764
8548,8762
8675,8758
8748,8751
8554,8763
8781,8754
8703,8761
8621,8753
8605,8752
8567,8762
8833,8751
8727,8751
8697,8759
8718,8751
8600,8755
8716,8756
8579,8771
8623,8761
8690,8756
8622,8751
8760,8762
8630,8755
8766,8759
8691,8752
8595,8753
8743,8754
8598,8755
8730,8757
8749,8776
8649,8746
8817,8745
8685,8739
8635,8757
8695,8746
8631,8757
8747,8762
8623,8752
8768,8761
8742,8750
8565,8753
8802,8768
8570,8755
8719,8756
8555,8760
8669,8753
8858,8748
8684,8764
8780,8757
8765,8756
8578,8765
8825,8759
8561,8751
8549,8759
8845,8744
8602,8756
8754,8753
8676,8765
8781,8759
8721,8773
8596,8761
8714,8743
8639,8755
8685,8765
8805,8753
8724,8755
8784,8752
8663,8749
8636,8762
8660,8755
8670,8758
8847,8760
8556,8765
8829,8757
8739,8747
8609,8758
8793,8764
8550,8750
8659,8767
8620,8755
8673,8751
8809,8773
8704,8754
8733,8770
8704,8763
8570,8765
8738,8762
8560,8763
8755,8782
8795,8755
8658,8766
8808,8766
8629,8744
8760,8764
8710,8756
8566,8761
8678,8754
8650,8750
8684,8760
8750,8750
8652,8760
8802,8769
8632,8757
8661,8753
8591,8757
8685,8755
8757,8758
8583,8754
8689,8761
8677,8753
8577,8760
8770,8761
8575,8752
8676,8766
8594,8754
8674,8755
8792,8755
8648,8762
8770,8763
8720,8756
8639,8760
8710,8767
8614,8758
8700,8762
8721,8756
8716,8763
8753,8759
8654,8758
8834,8758
8654,8750
8678,8752
8816,8749
8590,8758
8724,8754
8696,8751
8746,8755
8738,8752
8628,8757
8623,8754
8556,8756
8559,8761
8774,8749
8561,8754
8700,8756
8745,8756
8645,8749
8729,8747
8654,8753
8716,8756
8588,8762
8731,8754
8764,8751
8628,8757
8789,8765
8688,8761
8598,8757
8789,8753
8554,8760
8759,8757
8770,8754
8688,8755
8800,8756
8625,8762
8826,8762
8606,8754
8618,8762
8689,8753
8710,8756
8722,8760
8645,8764
8755,8761
8788,8747
8542,8761
8656,8763
8550,8761
8648,8744
8864,8771
8581,8753
8813,8757
8698,8760
8595,8752
8748,8757
8635,8764
8660,8748
8659,8752
8680,8757
8763,8756
8652,8759
8793,8768
8681,8753
8577,8757
8717,8758
8643,8749
8797,8751
8706,8742
8767,8761
8762,8756
8579,8755
8759,8754
8552,8759
8590,8765
8809,8762
8601,8756
8765,8754
8706,8761
8766,8765
8782,8760
8587,8755
8718,8762
8670,8752
8689,8749
8756,8753
8596,8750
8719,8761
8654,8759
8617,8751
8645,8750
8555,8768
8727,8757
8608,8746
8695,8750
8771,8765
8608,8771
8840,8757
8615,8760
8652,8760
8687,8762
8648,8758
8772,8760
8698,8760
8782,8759
8699,8746
8568,8759
8701,8767
8582,8755
8745,8753
8900,8739
8659,8751
8823,8753
8749,8767
8597,8759
8742,8751
8590,8756
8590,8755
8621,8757
8641,8748
8791,8749
8653,8740
8758,8754
8682,8756
8600,8757
8711,8758
8603,8751
8783,8761
8725,8743
8728,8766
8785,8756
8603,8757
8725,8765
8579,8744
8602,8759
8760,8750
8633,8756
8772,8756
8695,8757
8778,8754
8835,8755
8688,8752
8704,8754
8623,8750
8708,8761
8771,8772
8634,8766
8642,8762
8692,8755
8672,8756
8705,8750
8617,8761
8735,8762
8649,8750
8742,8758
8779,8751
8557,8758
8851,8766
8562,8759
8554,8756
8635,8755
8611,8759
8806,8767
8739,8760
8675,8762
8772,8744
8563,8756
8687,8760
8680,8759
8671,8762
8766,8759
8617,8767
8770,8762
8705,8744
8804,8760
8744,8759
8588,8769
8694,8758
8630,8757
8698,8755
8818,8751
8609,8765
8738,8757
8678,8763
8650,8758
8631,8769
8603,8762
8784,8769
8576,8757
8692,8761
8666,8752
8601,8753
8728,8755
8620,8760
8666,8756
8635,8748
8618,8760
8675,8761
8607,8746
8630,8747
8489,8739
8300,8734
8609,8727
8294,8723
8516,8704
8559,8707
8389,8702
8506,8692
8283,8704
8506,8674
8260,8664
8328,8667
8377,8662
8426,8642
8328,8632
8350,8635
8311,8614
8333,8622
8280,8605
8289,8604
8232,8584
8324,8583
8264,8574
8273,8577
8245,8555
8301,8554
8319,8534
8210,8533
8273,8519
8128,8524
8213,8502
8326,8507
8334,8506
8222,8490
8205,8480
8387,8471
8242,8458
8298,8452
8378,8444
8204,8426
8334,8422
8293,8396
8280,8410
8279,8418
8258,8405
8217,8388
8305,8389
8248,8366
8258,8374
8235,8358
8135,8350
8190,8352
8322,8337
8422,8326
8196,8315
8073,8304
8220,8308
8138,8274
8157,8282
8074,8284
8091,8266
8133,8248
8116,8243
8028,8252
8114,8218
8120,8224
8063,8228
8049,8219
8025,8203
8054,8188
8141,8185
8078,8200
8092,8173
8039,8166
7937,8182
8083,8142
8135,8145
8159,8138
8046,8144
8047,8126
7971,8116
8011,8094
7945,8088
8035,8077
8047,8070
8102,8070
8078,8052
8060,8076
8037,8050
8012,8021
7961,8041
7953,8031
7937,8020
7896,8008
7842,7997
7892,7989
7913,7987
7984,7971
8004,7968
8040,7961
8007,7978
8016,7953
8079,7945
8054,7950
8107,7945
8067,7965
8073,7965
8106,7942
8091,7943
8102,7971
8088,7963
8161,7972
8140,7974
8127,7957
8176,7948
8134,7956
8145,7965
8134,7947
8152,7951
8143,7961
8187,7976
8159,7954
8157,7966
8138,7944
8157,7958
8143,7931
8148,7957
8191,7961
8165,7975
8200,7962
8156,7960
8165,7965
8178,7953
8179,7955
8173,7939
8137,7965
8163,7958
8143,7928
8149,7956
8155,7961
8147,7956
8137,7944
8154,7948
8148,7976
8119,7973
8111,7943
8102,7939
8098,7954
7879,7960
7845,7958
7708,7950
7601,7918
7612,7924
7493,7938
7545,7912
7528,7911
7444,7902
7475,7901
7425,7881
7438,7880
7402,7859
7414,7870
7439,7855
7451,7858
7452,7848
7473,7827
7458,7824
7415,7825
7382,7816
7325,7797
7343,7786
7326,7785
7438,7779
7393,7764
7391,7756
7412,7766
7331,7750
7302,7736
7337,7732
7353,7721
7420,7717
7357,7707
7298,7699
7291,7692
7315,7683
7404,7660
7319,7666
7265,7667
7279,7653
7316,7642
7318,7642
7241,7623
7185,7612
7221,7610
7459,7607
7184,7593
7145,7579
7281,7574
7236,7583
7109,7568
7240,7539
7243,7553
7181,7546
7176,7526
7222,7521
7177,7516
7130,7509
7206,7486
7159,7501
7140,7477
7186,7472
7133,7471
7159,7450
7196,7441
7091,7450
7214,7429
7160,7422
7202,7415
7127,7411
7032,7411
7260,7402
7079,7386
7150,7383
7211,7375
7101,7367
7196,7352
7034,7352
7153,7341
7061,7337
7172,7331
7080,7315
7107,7317
6981,7316
7083,7293
6973,7293
7072,7272
6937,7270
7014,7249
7025,7255
7093,7237
7044,7244
6918,7218
6956,7216
6932,7213
6897,7194
6965,7199
7009,7205
6994,7172
7035,7178
7121,7169
7172,7166
7026,7159
7062,7169
7180,7165
7087,7157
7243,7152
7159,7157
7145,7148
7122,7149
7125,7156
7354,7162
7126,7155
7351,7169
7179,7161
7041,7162
7195,7152
7119,7147
7189,7167
7166,7157
7105,7152
7306,7142
7374,7152
7276,7157
7287,7159
7189,7156
7237,7145
7193,7160
7188,7156
7344,7144
7201,7160
7348,7160
7222,7159
7309,7157
7328,7150
7161,7152
7264,7162
7114,7154
7217,7170
7311,7159
7182,7156
7262,7143
7223,7149
7193,7159
7124,7146
7114,7156
7303,7163
7128,7160
7224,7150
7197,7159
7170,7155
7279,7158
7146,7153
7168,7147
7057,7150
7116,7152
7303,7157
7157,7147
7272,7166
7222,7151
7068,7165
7351,7148
7140,7169
7217,7156
7323,7160
7171,7150
7325,7159
7260,7164
7367,7162
7288,7155
7107,7156
7376,7156
7115,7157
7322,7153
7233,7148
7182,7156
7246,7155
7171,7154
7181,7151
7193,7168
7136,7142
7268,7158
7207,7140
7208,7161
7277,7164
7191,7158
7303,7154
7135,7154
7221,7155
7108,7148
7236,7156
7332,7164
7142,7157
7322,7157
7218,7155
7098,7165
7267,7147
7122,7150
7261,7153
7307,7156
7257,7159
7313,7153
7130,7148
7319,7146
7063,7156
7113,7146
7325,7156
7070,7152
7236,7164
7232,7167
7164,7152
7181,7152
7188,7157
7238,7157
7138,7147
7167,7161
7326,7160
7162,7159
7294,7149
7181,7155
7089,7152
7311,7149
7103,7163
7160,7155
7141,7153
7197,7150
7306,7167
7191,7155
7267,7158
7160,7148
7167,7153
7171,7154
7166,7157
7323,7154
7177,7145
7279,7156
7301,7150
7108,7149
7369,7148
7220,7162
7167,7155
7305,7149
7134,7160
7239,7159
7254,7148
7204,7167
7284,7158
7074,7147
7154,7155
7180,7145
7190,7160
7242,7151
7184,7152
7261,7146
7198,7152
7123,7161
7278,7163
7124,7157
7251,7161
7102,7162
7230,7151
7328,7149
7125,7155
7330,7158
7131,7165
7127,7164
7112,7152
7141,7151
7285,7170
7234,7152
7188,7156
7230,7152
7251,7148
7164,7144
7191,7172
7140,7162
7273,7137
7201,7156
7245,7163
7140,7161
7110,7157
7234,7156
7100,7151
7187,7157
7109,7138
7128,7164
7329,7174
7259,7143
7319,7158
7248,7153
7092,7154
7323,7155
7166,7155
7288,7165
7165,7155
7260,7148
7240,7171
7137,7151
7287,7160
7165,7146
7227,7157
7287,7148
7263,7158
7289,7145
7231,7157
7256,7151
7283,7150
7159,7151
7211,7150
7150,7154
7197,7158
7292,7152
7128,7151
7264,7167
7224,7166
7110,7160
7288,7156
7129,7153
7248,7154
7095,7149
7230,7147
7353,7151
7084,7165
7395,7147
7133,7151
7090,7157
7183,7157
7150,7150
7262,7152
7246,7158
7228,7157
7270,7145
7304,7151
7232,7158
7207,7158
7160,7147
7306,7159
7226,7150
7256,7151
7174,7152
7193,7152
7172,7154
7147,7153
7254,7156
7111,7157
7149,7146
7250,7157
7203,7147
7352,7152
7172,7150
7092,7162
7212,7152
7133,7159
7288,7163
7098,7159
7263,7149
7180,7139
7051,7151
7284,7156
7114,7160
7185,7153
7225,7153
7257,7155
7260,7154
7192,7149
7228,7159
7308,7156
7197,7157
7281,7152
7123,7153
7136,7151
7329,7163
7102,7153
7274,7157
7259,7158
7276,7158
7253,7147
7131,7161
7208,7160
7118,7157
7247,7163
7279,7150
7264,7160
7301,7157
7127,7156
7140,7149
7177,7157
7133,7148
7248,7150
7118,7155
7208,7156
7204,7148
7200,7142
7247,7153
7194,7160
7112,7162
7191,7151
7186,7153
7251,7160
7285,7164
7218,7163
7323,7154
7177,7161
7268,7151
7122,7154
7175,7145
7316,7153
7182,7153
7402,7152
7256,7158
7354,7163
7227,7155
7051,7149
7291,7151
7064,7175
7205,7160
7229,7152
7189,7160
7287,7155
7171,7156
7152,7151
7240,7158
7253,7143
7243,7166
7199,7169
7235,7148
7282,7154
7247,7152
7291,7154
7126,7166
7194,7150
7131,7160
7176,7160
7370,7158
7301,7149
7285,7161
7267,7166
7100,7157
7321,7156
7173,7144
7256,7151
7376,7149
7208,7162
7335,7146
7127,7157
7281,7154
7173,7148
7092,7155
7302,7164
7149,7158
7186,7158
7195,7153
7298,7161
7277,7154
7154,7149
7109,7171
7220,7154
7198,7160
7253,7162
7077,7150
7214,7151
7354,7150
7198,7163
7260,7160
7133,7153
7207,7163
7165,7160
7194,7160
7274,7151
7208,7145
7344,7156
7181,7151
7143,7145
7210,7152
7095,7157
7260,7162
7244,7162
7238,7154
7325,7163
7179,7147
7295,7161
7248,7157
7215,7157
7221,7151
7199,7154
7179,7154
7277,7142
7253,7156
7342,7155
7157,7137
7174,7157
7266,7162
7201,7161
7368,7154
7141,7161
7282,7149
7346,7155
7186,7147
7367,7148
7195,7154
7261,7156
7193,7155
7256,7158
7376,7153
7245,7167
7359,7163
7341,7173
7391,7173
7333,7174
7359,7191
7503,7200
7439,7190
7503,7200
7474,7200
7430,7225
7526,7233
7460,7231
7606,7234
7507,7242
7529,7259
7446,7261
7563,7262
7569,7282
7606,7287
7566,7294
7605,7308
7581,7310
7639,7318
7538,7330
7613,7335
7568,7345
7620,7356
7615,7358
7652,7373
7642,7385
7628,7384
7722,7402
7678,7398
7703,7413
7619,7420
7585,7420
7652,7441
7652,7446
7716,7456
7733,7454
7670,7458
7726,7464
7698,7497
7665,7490
7722,7512
7665,7510
7687,7506
7844,7521
7654,7516
7781,7546
7917,7537
7761,7560
7683,7575
7710,7574
7730,7577
7683,7576
7745,7602
7815,7601
7771,7613
7713,7622
7783,7623
7814,7637
7730,7645
7761,7656
7816,7669
7841,7675
7867,7667
7766,7689
7851,7688
7879,7685
7899,7717
7880,7708
7825,7740
7781,7727
7892,7711
7929,7735
7972,7740
7914,7755
7832,7774
7847,7775
7870,7790
7943,7792
7912,7807
7973,7794
7913,7810
7911,7857
7962,7851
7891,7844
7880,7867
7948,7845
7954,7869
7978,7850
8015,7872
8024,7898
8036,7880
8026,7898
8060,7923
8037,7910
8042,7931
7928,7930
7944,7912
7977,7971
7939,7927
7892,7952
7919,7933
7866,7937
7893,7947
7870,7943
7841,7959
7852,7935
7812,7970
7828,7943
7828,7957
7813,7952
7810,7946
7822,7953
7805,7941
7787,7964
7823,7961
7824,7956
7805,7933
7807,7969
7824,7958
7796,7945
7794,7947
7777,7961
7779,7927
7807,7933
7801,7961
7795,7962
7791,7950
7810,7942
7764,7945
7776,7971
7799,7963
7790,7938
7796,7955
7785,7949
7780,7954
7778,7948
7779,7954
7786,7958
7787,7959
7797,7943
7817,7951
7788,7972
7784,7942
7834,7952
7848,7971
7923,7966
7997,7961
8066,7951
8212,7969
8354,7968
8311,7977
8411,7976
8412,8006
8443,8011
8453,8015
8486,8026
8451,8028
8481,8028
8447,8030
8453,8037
8456,8055
8417,8052
8387,8063
8401,8087
8410,8102
8507,8097
8535,8109
8576,8100
8521,8135
8555,8131
8434,8130
8430,8143
8457,8145
8606,8158
8658,8166
8632,8160
8575,8168
8501,8196
8550,8200
8568,8196
8613,8216
8643,8214
8572,8237
8552,8242
8660,8242
8691,8254
8667,8267
8556,8259
8641,8278
8655,8278
8666,8294
8563,8312
8591,8308
8688,8318
8628,8327
8466,8348
8574,8329
8753,8355
8494,8363
8700,8361
8671,8363
8718,8390
8651,8382
8760,8405
8700,8405
8638,8414
8645,8428
8765,8439
8694,8436
8780,8445
8721,8452
8629,8471
8801,8475
8746,8477
8790,8481
8678,8489
8686,8492
8867,8502
8684,8526
8834,8531
8899,8540
8824,8543
8828,8542
8826,8568
8862,8567
8762,8577
8872,8569
8827,8578
8854,8601
8786,8611
8939,8624
8844,8617
8901,8627
8845,8632
8856,8621
8834,8657
8919,8660
8852,8662
8930,8677
8816,8682
8949,8698
8885,8702
8958,8713
8966,8700
8820,8732
9013,8733
8772,8734
8831,8733
8671,8729
8807,8749
8912,8747
8648,8764
8784,8750
8616,8731
8601,8750
8721,8750
8564,8760
8720,8760
8761,8758
8743,8761
8678,8749
8585,8763
8727,8760
8587,8764
8667,8746
8768,8760
8640,8769
8782,8742
8660,8763
8738,8755
8717,8745
8620,8745
8663,8764
8689,8756
8703,8768
8751,8757
8629,8779
8722,8763
8560,8764
8636,8763
8493,8761
8590,8754
8803,8763
8561,8755
8736,8757
8714,8754
8548,8763
8747,8752
8593,8756
8732,8757
8570,8757
8646,8753
8815,8744
8711,8748
8783,8760
8678,8753
8603,8762
8751,8749
8627,8758
8688,8763
8808,8745
8670,8749
8730,8772
8699,8757
8810,8772
8809,8760
8619,8743
8681,8754
8636,8750
8772,8770
8760,8748
8697,8750
8752,8751
8632,8768
8642,8761
8674,8746
8616,8751
8739,8760
8590,8761
8759,8751
8670,8752
8609,8756
8788,8747
8620,8750
8689,8751
8608,8761
8713,8763
8801,8759
8591,8755
8776,8753
8755,8756
8541,8759
8761,8757
8610,8748
8679,8767
8780,8748
8656,8759
8802,8762
8647,8736
8813,8764
8641,8758
8600,8752
8738,8752
8680,8756
8746,8761
8716,8759
8669,8750
8773,8762
8567,8765
8664,8749
8613,8747
8567,8756
8822,8759
8576,8758
8724,8760
8710,8754
8690,8760
8724,8748
8604,8762
8686,8749
8636,8747
8675,8758
8781,8750
8570,8765
8875,8757
8708,8769
8555,8768
8669,8748
8578,8758
8817,8758
8758,8747
8751,8761
8747,8773
8592,8766
8827,8765
8634,8752
8616,8757
8780,8758
8612,8762
8776,8755
8715,8765
8628,8756
8783,8755
8638,8754
8676,8764
8600,8753
8670,8751
8768,8754
8698,8750
8777,8767
8715,8759
8577,8755
8763,8759
8620,8760
8682,8755
8661,8763
8684,8767
8759,8761
8607,8752
8784,8757
8609,8764
8678,8773
8646,8752
8724,8759
8781,8759
8729,8751
8736,8752
8781,8768
8583,8748
8784,8756
8580,8757
8611,8760
8839,8752
8536,8752
8830,8746
8750,8756
8759,8756
8744,8762
8584,8751
8667,8751
8607,8769
8663,8760
8717,8754
8650,8759
8726,8756
8671,8746
8575,8771
8690,8757
8538,8759
8670,8767
8589,8754
8685,8757
8714,8757
8575,8750
8790,8758
8667,8758
8541,8756
8695,8751
8538,8766
8811,8752
8755,8754
8627,8749
8786,8756
8654,8764
8766,8762
8631,8758
8662,8752
8792,8753
8637,8758
8739,8760
8611,8745
8559,8756
8710,8759
8502,8769
8626,8758
8637,8736
8678,8753
8800,8748
8617,8756
8811,8765
8652,8768
8603,8761
8640,8752
8591,8756
8676,8757
8762,8755
8662,8748
8747,8745
8579,8754
8767,8755
8644,8755
8640,8751
8798,8759
8610,8759
8799,8758
8763,8765
8789,8757
8771,8760
8637,8751
8704,8752
8622,8756
8619,8757
8807,8757
8634,8762
8719,8747
8678,8755
8565,8753
8707,8751
8569,8760
8750,8758
8631,8753
8764,8763
8739,8755
8571,8756
8796,8771
8647,8758
8618,8758
8655,8756
8573,8760
8750,8750
8726,8756
8718,8755
8873,8751
8628,8759
8822,8763
8678,8761
8681,8757
8793,8753
8666,8760
8772,8755
8718,8765
8761,8755
8710,8766
8658,8762
8738,8769
8586,8751
8716,8753
8776,8762
8683,8750
8826,8760
8631,8757
8642,8764
8650,8763
8569,8754
8730,8761
8570,8753
8754,8762
8782,8752
8626,8754
8802,8754
8645,8756
8638,8755
8645,8750
8681,8756
8851,8759
8704,8757
8820,8758
8767,8756
8573,8756
8796,8767
8584,8748
8618,8748
8833,8755
8555,8763
8734,8757
8735,8765
8750,8761
8751,8736
8590,8767
8709,8755
8561,8763
8716,8773
8696,8749
8657,8746
8773,8758
8618,8747
8614,8758
8596,8750
8589,8766
8739,8760
8622,8757
8713,8763
8765,8766
8550,8758
8805,8749
8620,8758
8660,8755
8651,8755
8639,8754
8767,8759
8698,8765
8683,8762
8757,8747
8706,8760
8728,8744
8640,8761
8678,8764
8782,8760
8625,8757
8780,8757
8664,8747
8834,8765
8651,8758
8563,8753
8783,8753
8588,8765
8719,8764
8760,8754
8660,8749
8808,8760
8617,8752
8624,8765
8720,8759
8628,8741
8751,8744
8673,8754
8740,8748
8721,8759
8648,8756
8767,8757
8611,8749
8691,8754
8599,8750
8652,8752
8811,8757
8703,8761
8814,8758
8747,8765
8591,8756
8734,8761
8605,8767
8727,8749
8775,8757
8661,8765
8767,8745
8580,8762
8793,8754
8692,8766
8577,8744
8696,8760
8665,8748
8653,8755
8712,8755
8773,8752
8809,8769
8611,8764
8643,8750
8694,8760
8677,8751
8724,8750
8663,8762
8678,8765
8891,8765
8696,8756
8784,8753
8669,8750
8682,8751
8673,8747
8666,8755
8788,8759
8693,8758
8761,8761
8638,8756
8670,8752
8657,8757
8565,8770
8736,8756
8760,8753
8701,8753
8756,8752
8530,8752
8751,8760
8565,8744
8586,8742
8722,8739
8405,8743
8680,8732
8472,8717
8597,8721
8499,8710
8307,8705
8449,8700
8257,8671
8522,8676
8501,8666
8433,8666
8389,8649
8388,8653
8341,8631
8397,8645
8406,8624
8371,8608
8214,8596
8313,8601
8292,8594
8260,8578
8286,8551
8290,8560
8287,8554
8231,8558
8268,8572
8329,8538
8218,8527
8177,8513
8256,8511
8293,8509
8273,8484
8278,8487
8300,8476
8287,8467
8260,8460
8349,8456
8276,8439
8234,8440
8336,8418
8242,8429
8258,8404
8281,8409
8234,8391
8294,8387
8286,8377
8213,8386
8204,8377
8321,8350
8143,8353
8165,8340
8408,8339
8411,8311
8286,8328
7992,8298
8267,8309
8134,8288
8055,8281
8097,8283
8126,8273
8147,8257
8063,8260
8048,8235
8103,8213
8179,8222
8079,8215
8086,8218
8037,8189
8089,8190
8163,8180
8099,8183
8046,8175
7976,8174
8026,8165
8081,8169
8166,8141
8073,8150
7996,8120
7972,8115
8007,8118
7984,8128
8009,8088
8078,8080
8067,8075
8135,8072
8079,8066
8040,8022
8050,8041
8018,8027
7947,8042
7915,8033
7958,8003
7910,8007
7923,8020
7994,8000
7870,7973
7993,7988
8007,7954
8024,7945
8037,7959
8044,7962
8037,7971
8067,7982
8102,7950
8108,7971
8088,7950
8104,7952
8143,7964
8128,7991
8130,7974
8136,7954
8145,7958
8142,7970
8165,7963
8148,7953
8169,7958
8179,7955
8153,7955
8149,7932
8161,7935
8167,7964
8156,7962
8156,7950
8152,7970
8159,7948
8150,7950
8138,7942
8160,7962
8149,7970
8177,7962
8168,7941
8172,7944
8121,7950
8158,7958
8153,7961
8106,7944
8153,7980
8134,7965
8142,7965
8154,7948
8123,7950
8128,7958
8148,7964
8144,7973
8146,7963
8111,7951
8033,7950
7964,7942
7834,7943
7677,7926
7560,7946
7645,7938
7476,7923
7451,7912
7519,7913
7444,7895
7421,7893
7448,7876
7427,7878
7427,7855
7419,7861
7440,7855
7504,7843
7496,7827
7438,7843
7458,7808
7390,7807
7359,7812
7318,7800
7311,7787
7327,7778
7406,7771
7399,7766
7411,7756
7344,7753
7274,7728
7314,7728
7358,7731
7404,7718
7380,7718
7360,7702
7308,7705
7308,7682
7359,7685
7390,7674
7295,7669
7262,7658
7293,7651
7399,7644
7284,7629
7271,7620
7337,7610
7265,7617
7478,7594
7092,7602
7255,7589
7303,7574
7107,7575
7197,7566
7196,7544
7209,7554
7061,7545
7233,7528
7233,7519
7143,7511
7178,7511
7178,7494
7124,7491
7186,7479
7144,7488
7066,7446
7148,7457
7134,7447
7167,7445
7243,7428
7134,7424
7170,7413
7199,7417
7059,7397
7231,7388
7100,7388
7156,7371
7045,7363
7196,7358
7216,7356
7041,7324
7204,7326
7118,7330
7169,7317
7045,7317
7061,7300
6989,7292
7092,7277
6983,7278
7035,7262
7012,7267
7040,7253
6920,7248
7122,7239
7043,7225
7091,7222
6988,7215
6979,7206
6981,7207
6907,7189
6960,7187
6988,7180
7058,7177
7034,7164
7145,7167
7120,7162
7004,7166
7160,7159
7116,7157
7134,7165
7236,7162
7193,7156
7331,7159
7094,7158
7383,7158
7158,7141
7081,7160
7261,7148
7067,7171
7350,7150
7304,7140
7211,7162
7330,7141
7216,7148
7231,7165
7249,7154
7114,7165
7348,7156
7155,7164
7291,7160
7291,7156
7140,7154
7358,7160
7128,7146
7189,7160
7177,7156
7143,7149
7295,7156
7241,7156
7268,7160
7327,7144
7211,7153
7292,7152
7170,7167
7276,7164
7296,7149
7278,7157
7238,7154
7079,7162
7234,7160
7178,7155
7134,7155
7214,7153
7152,7154
7221,7147
7299,7156
7157,7170
7249,7157
7083,7152
7197,7146
7103,7153
7132,7164
7286,7155
7109,7150
7329,7153
7209,7152
7059,7152
7355,7153
7131,7159
7136,7157
7185,7151
7175,7154
7346,7160
7194,7156
7348,7167
7237,7164
7117,7154
7198,7149
7115,7148
7377,7155
7316,7159
7244,7153
7274,7155
7276,7156
7234,7152
7287,7150
7211,7149
7226,7162
7198,7150
7346,7153
7211,7144
7267,7154
7263,7149
7150,7151
7257,7160
7118,7152
7131,7155
7364,7143
7175,7154
7341,7152
7280,7150
7164,7159
7257,7151
7072,7159
7260,7159
7196,7154
7273,7150
7224,7166
7078,7146
7298,7159
7179,7163
7126,7149
7214,7158
7163,7154
7268,7164
7295,7157
7205,7153
7238,7166
7183,7145
7144,7144
7129,7154
7053,7159
7243,7148
7127,7154
7192,7153
7237,7155
7131,7153
7239,7160
7076,7150
7245,7160
7176,7145
7270,7152
7405,7155
7131,7163
7387,7152
7179,7135
7122,7148
7168,7157
7085,7151
7245,7163
7278,7164
7206,7146
7256,7150
7183,7148
7243,7145
7299,7165
7168,7147
7195,7159
7075,7141
7324,7155
7227,7157
7230,7152
7275,7157
7215,7154
7230,7150
7130,7146
7188,7157
7268,7159
7124,7154
7296,7159
7201,7156
7120,7153
7284,7152
7070,7158
7227,7173
7176,7154
7255,7152
7212,7162
7080,7159
7284,7149
7151,7152
7168,7147
7145,7159
7195,7142
7224,7157
7191,7152
7255,7152
7213,7152
7097,7150
7283,7158
7091,7145
7158,7159
7253,7160
7077,7156
7259,7152
7324,7159
7228,7157
7284,7153
7171,7158
7246,7152
7229,7157
7196,7153
7356,7157
7146,7145
7283,7155
7142,7152
7182,7156
7145,7150
7152,7151
7226,7153
7123,7153
7229,7164
7251,7157
7158,7156
7255,7164
7271,7145
7165,7151
7247,7153
7116,7163
7383,7161
7231,7160
7241,7157
7205,7149
7202,7157
7307,7176
7284,7155
7152,7157
7270,7164
7157,7156
7258,7149
7215,7146
7349,7157
7331,7153
7068,7156
7302,7148
7091,7154
7238,7157
7260,7162
7172,7160
7274,7154
7163,7154
7153,7159
7221,7156
7191,7153
7205,7152
7328,7156
7237,7156
7208,7157
7141,7151
7286,7151
7187,7158
7234,7154
7228,7155
7171,7164
7306,7164
7294,7155
7239,7156
7221,7149
7187,7149
7200,7145
7143,7150
7234,7154
7277,7155
7191,7145
7308,7156
7113,7164
7359,7158
7132,7145
7040,7156
7267,7158
7063,7144
7267,7150
7216,7150
7187,7156
7268,7148
7129,7154
7211,7152
7229,7150
7104,7154
7335,7154
7193,7148
7251,7149
7300,7148
7093,7156
7378,7156
7268,7146
7142,7152
7214,7149
7162,7160
7286,7161
7254,7148
7323,7145
7299,7160
7096,7150
7289,7163
7124,7176
7252,7162
7253,7155
7175,7144
7226,7153
7156,7151
7305,7160
7203,7149
7133,7159
7136,7152
7261,7154
7202,7158
7181,7156
7207,7151
7278,7157
7207,7152
7165,7158
7144,7161
7164,7157
7358,7154
7087,7157
7286,7144
7281,7149
7114,7155
7358,7167
7140,7156
7107,7151
7253,7159
7147,7153
7312,7161
7206,7150
7308,7153
7174,7157
7094,7157
7183,7156
7064,7155
7209,7155
7248,7146
7231,7147
7190,7157
7192,7160
7210,7150
7182,7143
7203,7155
7297,7154
7260,7156
7232,7163
7343,7159
7258,7168
7357,7146
7155,7145
7171,7163
7224,7167
7156,7159
7335,7145
7103,7151
7246,7152
7328,7153
7142,7161
7265,7159
7115,7155
7294,7160
7083,7142
7214,7160
7306,7155
7092,7152
7356,7154
7202,7162
7137,7157
7285,7163
7183,7160
7264,7160
7157,7154
7189,7149
7271,7157
7271,7164
7306,7157
7227,7152
7132,7160
7256,7161
7217,7159
7313,7158
7178,7161
7252,7148
7332,7163
7070,7150
7157,7154
7203,7154
7147,7150
7413,7160
7212,7147
7339,7145
7176,7157
7129,7152
7176,7148
7084,7155
7237,7146
7283,7152
7180,7156
7195,7148
7245,7142
7231,7145
7222,7163
7075,7152
7276,7153
7199,7151
7235,7162
7292,7153
7208,7158
7340,7153
7182,7155
7076,7153
7234,7149
7104,7167
7291,7143
7150,7167
7211,7145
7256,7125
7170,7155
7325,7152
7201,7149
7387,7168
7254,7162
7383,7173
7445,7172
7277,7172
7480,7179
7384,7183
7396,7184
7442,7203
7515,7217
7472,7211
7484,7233
7473,7231
7498,7235
7570,7240
7483,7257
7562,7253
7540,7272
7545,7275
7588,7294
7589,7284
7578,7298
7650,7320
7595,7314
7593,7329
7618,7316
7671,7346
7619,7344
7604,7355
7562,7368
7609,7371
7609,7380
7719,7391
7686,7395
7636,7397
7680,7413
7589,7418
7686,7426
7645,7440
7649,7436
7682,7439
7667,7462
7764,7480
7754,7478
7671,7481
7724,7493
7696,7508
7692,7508
7773,7509
7661,7521
7719,7536
7687,7541
7752,7548
7796,7570
7646,7569
7787,7573
7695,7574
7694,7590
7837,7606
7775,7595
7730,7609
7790,7613
7864,7628
7787,7650
7753,7650
7741,7652
7859,7675
7816,7667
7827,7664
7730,7691
7850,7673
7860,7698
7913,7698
7837,7700
7797,7718
7846,7744
7899,7737
7935,7739
7922,7762
7883,7763
7765,7773
7845,7785
7832,7785
7887,7786
7968,7777
7960,7823
7896,7817
7960,7832
7900,7852
7886,7841
7900,7843
7939,7855
7975,7869
7977,7865
8001,7876
8025,7890
8038,7901
8039,7919
8011,7890
8041,7921
8010,7898
7979,7932
7960,7941
7859,7944
7958,7961
7880,7955
7902,7950
7832,7942
7887,7943
7849,7949
7823,7958
7844,7947
7813,7967
7843,7950
7817,7958
7847,7966
7808,7955
7836,7974
7797,7958
7821,7940
7823,7962
7817,7946
7818,7942
7826,7967
7801,7951
7809,7957
7799,7961
7785,7950
7790,7954
7814,7949
7801,7964
7807,7954
7788,7942
7769,7937
7753,7942
7788,7955
7791,7950
7777,7966
7744,7943
7785,7951
7779,7976
7770,7941
7760,7962
7764,7941
7788,7954
7783,7955
7808,7972
7804,7952
7805,7951
7813,7955
7872,7965
7953,7974
8043,7969
8181,7965
8276,7974
8340,7968
8395,7976
8411,7990
8462,7998
8414,7999
8470,8002
8467,8017
8503,8028
8456,8040
8464,8032
8429,8041
8447,8057
8409,8075
8402,8063
8406,8088
8428,8103
8478,8097
8530,8097
8557,8097
8557,8100
8550,8126
8465,8132
8465,8142
8451,8149
8642,8161
8595,8166
8637,8181
8551,8181
8559,8197
8547,8192
8653,8209
8585,8209
8696,8225
8548,8245
8625,8238
8676,8249
8670,8258
8583,8271
8553,8267
8583,8288
8723,8280
8662,8308
8566,8309
8604,8313
8672,8325
8564,8326
8499,8341
8677,8343
8805,8364
8606,8364
8699,8375
8775,8375
8627,8389
8735,8391
8726,8410
8691,8416
8675,8415
8734,8435
8665,8435
8665,8440
8730,8446
8634,8454
8764,8460
8811,8467
8706,8482
8719,8482
8735,8485
8629,8506
8857,8507
8772,8524
8815,8538
8768,8533
8852,8545
8730,8558
8737,8559
8805,8563
8748,8578
8895,8594
8741,8579
8897,8601
8794,8615
8886,8627
8830,8629
8883,8642
8883,8639
8932,8651
8847,8650
8891,8672
8905,8686
8945,8680
8886,8678
8858,8703
8937,8714
8954,8709
9008,8722
8801,8719
8851,8735
8822,8735
8742,8744
8825,8749
8643,8748
8788,8753
8615,8752
8849,8767
8843,8761
8628,8748
8824,8761
8671,8754
8644,8774
8642,8749
8642,8757
8794,8757
8699,8751
8793,8757
8806,8745
8561,8750
8742,8751
8560,8755
8742,8757
8737,8754
8650,8766
8680,8757
8635,8752
8732,8757
8639,8760
8613,8763
8680,8750
8591,8751
8731,8756
8693,8736
8710,8759
8732,8755
8517,8756
8641,8769
8645,8757
8564,8759
8691,8761
8511,8737
8748,8766
8896,8757
8542,8760
8876,8766
8699,8760
8684,8750
8690,8754
8573,8762
8863,8750
8684,8769
8830,8763
8683,8753
8590,8753
8823,8765
8605,8763
8592,8752
8765,8755
8650,8759
8802,8763
8670,8766
8762,8763
8686,8758
8584,8758
8719,8758
8598,8763
8739,8767
8702,8755
8780,8760
8744,8748
8583,8743
8635,8749
8609,8756
8624,8768
8779,8763
8566,8753
8828,8757
8859,8745
8605,8755
8857,8754
8572,8755
8646,8758
8570,8772
8599,8754
8695,8757
8708,8756
8706,8762
8660,8761
8634,8758
8727,8752
8489,8754
8673,8763
8819,8751
8677,8765
8803,8752
8581,8750
8786,8763
8675,8757
8587,8752
8699,8756
8554,8751
8713,8754
8779,8750
8717,8754
8795,8761
8653,8753
8679,8763
8695,8755
8702,8758
8801,8759
8659,8761
8761,8755
8705,8754
8610,8764
8733,8760
8629,8766
8699,8748
8629,8753
8702,8774
8817,8757
8623,8749
8822,8761
8659,8753
8601,8766
8654,8760
8521,8751
8636,8759
8793,8743
8767,8766
8756,8756
8664,8754
8754,8759
8647,8755
8669,8751
8741,8750
8576,8755
8845,8741
8803,8755
8741,8759
8802,8751
8679,8751
8581,8752
8675,8755
8661,8760
8680,8756
8613,8756
8685,8748
8751,8746
8703,8771
8729,8763
8595,8752
8738,8757
8593,8753
8692,8764
8738,8764
8563,8754
8764,8748
8586,8759
8585,8756
8713,8760
8562,8763
8709,8762
8741,8754
8723,8763
8740,8754
8621,8746
8583,8755
8683,8760
8645,8761
8822,8750
8626,8770
8740,8761
8784,8762
8571,8764
8697,8758
8614,8759
8667,8761
8615,8759
8615,8756
8788,8757
8666,8756
8726,8758
8656,8738
8595,8760
8653,8757
8503,8766
8836,8758
8830,8741
8631,8759
8792,8752
8664,8758
8746,8757
8660,8742
8572,8751
8688,8753
8641,8760
8772,8762
8719,8754
8779,8768
8751,8762
8616,8753
8698,8756
8644,8750
8607,8751
8754,8759
8593,8763
8815,8768
8816,8757
8647,8762
8747,8751
8605,8761
8760,8763
8590,8761
8679,8764
8777,8755
8567,8748
8765,8750
8613,8756
8570,8743
8715,8744
8592,8761
8785,8768
8762,8759
8706,8766
8717,8758
8623,8758
8748,8752
8635,8750
8698,8759
8775,8751
8618,8757
8772,8764
8750,8773
8772,8748
8729,8758
8641,8755
8725,8770
8659,8749
8691,8764
8801,8751
8648,8760
8801,8756
8694,8758
8673,8759
8662,8745
8552,8758
8798,8756
8540,8760
8721,8757
8751,8768
8573,8758
8841,8742
8665,8758
8548,8751
8716,8762
8583,8755
8754,8758
8735,8758
8778,8767
8757,8754
8630,8760
8782,8761
8682,8759
8659,8748
8748,8751
8704,8749
8806,8749
8739,8759
8781,8762
8760,8749
8612,8754
8694,8758
8606,8755
8707,8761
8765,8763
8672,8758
8763,8760
8689,8753
8655,8748
8688,8757
8600,8756
8751,8752
8562,8766
8671,8754
8707,8770
8607,8758
8845,8749
8609,8757
8637,8750
8666,8759
8617,8763
8811,8748
8744,8760
8727,8764
8753,8755
8647,8753
8825,8756
8701,8753
8653,8744
8765,8755
8607,8764
8846,8765
8705,8754
8782,8755
8737,8753
8555,8757
8733,8765
8581,8756
8693,8751
8741,8763
8668,8762
8833,8755
8688,8755
8604,8752
8636,8754
8658,8755
8788,8752
8611,8755
8721,8767
8731,8753
8621,8759
8736,8765
8655,8749
8685,8757
8631,8762
8663,8752
8821,8769
8677,8752
8790,8754
8785,8753
8569,8767
8789,8762
8598,8763
8723,8748
8853,8756
8650,8754
8900,8748
8694,8752
8611,8766
8743,8752
8542,8757
8692,8756
8577,8759
8743,8764
8709,8759
8679,8755
8718,8757
8641,8740
8662,8748
8609,8748
8647,8764
8820,8747
8762,8756
8741,8763
8716,8767
8615,8762
8791,8745
8618,8763
8638,8761
8812,8756
8629,8754
8793,8761
8627,8758
8861,8762
8730,8751
8558,8758
8716,8747
8588,8761
8764,8770
8758,8756
8665,8752
8783,8763
8661,8765
8658,8760
8628,8760
8537,8757
8791,8757
8546,8749
8680,8756
8791,8761
8638,8760
8782,8758
8727,8751
8612,8760
8703,8756
8655,8762
8659,8772
8681,8759
8687,8759
8695,8760
8674,8751
8714,8762
8660,8753
8718,8760
8759,8754
8668,8752
8784,8755
8615,8750
8861,8758
8636,8759
8557,8759
8708,8755
8598,8771
8679,8749
8634,8752
8544,8754
8640,8751
8454,8740
8475,8737
8418,8721
8442,8728
8666,8708
8354,8712
8568,8700
8423,8690
8337,8685
8381,8682
8352,8674
8524,8664
8308,8661
8390,8648
8366,8640
8355,8639
8353,8626
8349,8606
8275,8612
8331,8610
8281,8598
8348,8572
8279,8589
8308,8560
8297,8560
8254,8553
8333,8543
8228,8554
8360,8517
8176,8517
8243,8520
8320,8505
8246,8482
8368,8488
8201,8478
8360,8464
8201,8466
8299,8457
8385,8471
8235,8456
8239,8432
8298,8433
8221,8431
8301,8408
8238,8397
8218,8399
8267,8397
8284,8376
8248,8381
8169,8368
8214,8361
8079,8364
8223,8335
8439,8328
8422,8319
8150,8311
8150,8308
8121,8292
8210,8303
8139,8279
8139,8276
8174,8258
8084,8256
8084,8253
8078,8253
8117,8232
8123,8242
8079,8229
8017,8203
8055,8210
8117,8199
8136,8194
8061,8181
8049,8162
8024,8159
7975,8152
8128,8137
8164,8136
8019,8140
8098,8128
8034,8119
7961,8094
7990,8109
8009,8075
8065,8068
8093,8061
8120,8059
8055,8065
8007,8028
7998,8042
7983,8033
7927,8029
7967,8021
7967,8017
7913,7997
7883,8000
7897,8002
7926,7973
7945,7972
8049,7992
8036,7960
8067,7976
8039,7949
8035,7954
8085,7962
8070,7959
8108,7957
8079,7965
8099,7952
8122,7952
8115,7941
8156,7968
8134,7958
8112,7955
8155,7957
8150,7940
8155,7953
8128,7964
8153,7964
8150,7941
8139,7978
8188,7958
8181,7949
8145,7940
8170,7939
8148,7971
8190,7968
8146,7951
8147,7939
8169,7945
8222,7945
8159,7939
8170,7958
8152,7949
8148,7970
8165,7959
8156,7950
8171,7948
8154,7968
8132,7958
8136,7951
8171,7956
8143,7954
8108,7975
8147,7970
8128,7957
8151,7971
8052,7938
7946,7963
7834,7948
7729,7958
7678,7945
7629,7931
7535,7930
7533,7919
7486,7914
7455,7918
7421,7892
7422,7886
7431,7890
7401,7872
7428,7864
7450,7874
7461,7834
7467,7827
7472,7830
7483,7834
7443,7823
7406,7805
7338,7801
7313,7791
7359,7797
7403,7767
7367,7770
7401,7766
7446,7751
7337,7748
7286,7751
7298,7732
7367,7722
7438,7711
7390,7707
7352,7694
7286,7694
7327,7682
7362,7676
7377,7663
7284,7667
7253,7643
7317,7662
7338,7640
7343,7624
7262,7606
7320,7614
7459,7593
7300,7603
7079,7581
7307,7578
7272,7580
7074,7560
7318,7547
7218,7543
7247,7538
7174,7530
7267,7520
7258,7512
7124,7508
7176,7507
7153,7485
7085,7484
7175,7486
7122,7466
7103,7476
7194,7457
7151,7441
7197,7438
7177,7433
7112,7415
7194,7416
7037,7413
7240,7396
7174,7389
7157,7381
7222,7383
7043,7367
7218,7361
7091,7351
7127,7338
7115,7335
7184,7332
7177,7323
7101,7309
6945,7295
7035,7298
7087,7301
7060,7270
7009,7275
7009,7258
7069,7257
7091,7242
6986,7232
6927,7217
6987,7223
6973,7226
6906,7197
7025,7194
6943,7194
7026,7185
7052,7173
7114,7168
7114,7163
7099,7174
7264,7164
7187,7161
7095,7154
7197,7157
7149,7160
7244,7163
7111,7151
7190,7161
7318,7152
7209,7154
7315,7143
7129,7166
7147,7159
7064,7155
7107,7161
7291,7153
7274,7156
7283,7165
7329,7152
7177,7155
7429,7165
7073,7148
7193,7164
7336,7151
7197,7145
7299,7149
7316,7161
7272,7158
7368,7149
7201,7152
7264,7167
7265,7158
7224,7156
7307,7154
7179,7158
7369,7164
7147,7151
7159,7156
7173,7154
7131,7161
7280,7159
7089,7160
7167,7159
7176,7152
7159,7156
7272,7156
7152,7154
7098,7159
7279,7154
7140,7167
7209,7157
7252,7164
7199,7154
7224,7152
7091,7159
7271,7157
7097,7145
7169,7171
7376,7158
7185,7158
7349,7156
7236,7160
7280,7159
7312,7164
7069,7160
7223,7146
7168,7149
7179,7159
7391,7152
7161,7154
7337,7150
7156,7157
7153,7171
7149,7148
7138,7158
7253,7151
7157,7165
7198,7152
7327,7155
7216,7152
7321,7157
7186,7150
7195,7158
7231,7147
7133,7154
7313,7162
7237,7146
7296,7161
7330,7159
7081,7155
7356,7143
7173,7156
7201,7148
7327,7147
7161,7156
7352,7158
7209,7160
7416,7152
7161,7149
7081,7148
7322,7144
7109,7149
7199,7144
7260,7160
7196,7157
7266,7155
7201,7145
7135,7153
7204,7155
7196,7149
7257,7151
7145,7152
7173,7157
7272,7155
7097,7154
7248,7160
7145,7154
7223,7151
7214,7154
7224,7171
7305,7156
7163,7159
7303,7151
7256,7149
7078,7154
7253,7152
7078,7147
7263,7163
7397,7164
7205,7149
7319,7155
7113,7145
7250,7167
7143,7153
7125,7163
7267,7150
7115,7170
7147,7158
7171,7155
7231,7155
7216,7154
7216,7147
7150,7160
7176,7153
7153,7150
7326,7149
7085,7159
7279,7151
7341,7149
7116,7162
7363,7154
7154,7153
7150,7154
7194,7155
7176,7153
7296,7163
7184,7142
7333,7156
7191,7145
7163,7155
7150,7152
7137,7157
7287,7166
7250,7156
7219,7150
7275,7146
7136,7158
7198,7163
7158,7164
7148,7159
7287,7158
7152,7160
7209,7154
7245,7155
7307,7156
7288,7155
7145,7160
7158,7164
7123,7157
7166,7159
7302,7149
7093,7144
7285,7147
7262,7161
7228,7159
7228,7154
7068,7139
7232,7158
7142,7156
7195,7151
7342,7164
7197,7153
7273,7155
7165,7152
7139,7165
7200,7159
7158,7146
7160,7154
7237,7158
7209,7168
7203,7167
7235,7151
7162,7152
7112,7147
7230,7155
7273,7154
7185,7152
7288,7159
7179,7151
7109,7151
7274,7150
7023,7162
7168,7151
7201,7166
7160,7160
7390,7147
7228,7156
7373,7151
7301,7157
7157,7157
7271,7145
7124,7155
7266,7162
7280,7156
7241,7156
7331,7154
7146,7154
7287,7159
7208,7161
7247,7154
7264,7165
7215,7149
7209,7148
7248,7135
7276,7159
7261,7153
7170,7137
7088,7158
7238,7157
7102,7146
7250,7147
7149,7147
7191,7159
7248,7158
7128,7151
7274,7156
7150,7162
7288,7158
7119,7156
7298,7148
7267,7161
7072,7144
7276,7146
7135,7151
7105,7150
7175,7146
7094,7150
7236,7153
7257,7147
7185,7156
7294,7154
7237,7161
7251,7159
7227,7157
7228,7165
7222,7155
7149,7157
7208,7163
7265,7145
7205,7146
7285,7150
7119,7157
7199,7142
7165,7151
7159,7155
7348,7153
7103,7158
7269,7148
7238,7161
7128,7159
7295,7165
7146,7155
7225,7136
7063,7158
7238,7152
7292,7153
7206,7165
7200,7159
7217,7153
7285,7165
7183,7164
7225,7166
7204,7163
7240,7160
7319,7159
7225,7152
7089,7158
7327,7161
7150,7156
7100,7150
7350,7151
7101,7150
7229,7156
7246,7142
7271,7159
7361,7146
7117,7146
7194,7160
7122,7151
7235,7157
7291,7154
7241,7147
7274,7153
7147,7162
7165,7150
7156,7147
7104,7137
7209,7152
7144,7155
7250,7149
7274,7166
7147,7154
7275,7147
7224,7154
7286,7160
7256,7147
7115,7153
7279,7155
7369,7159
7248,7160
7221,7146
7103,7159
7286,7147
7182,7155
7179,7156
7348,7152
7126,7158
7372,7155
7217,7152
7393,7168
7275,7154
7102,7145
7241,7146
7077,7151
7263,7153
7338,7156
7148,7154
7327,7156
7303,7151
7227,7176
7261,7165
7177,7167
7222,7166
7142,7158
7242,7157
7349,7151
7174,7149
7251,7157
7205,7145
7199,7151
7240,7162
7224,7153
7225,7153
7207,7161
7319,7173
7276,7160
7150,7146
7329,7159
7053,7152
7194,7154
7362,7154
7195,7155
7290,7158
7140,7146
7352,7162
7227,7152
7118,7151
7272,7159
7210,7153
7293,7148
7266,7159
7280,7152
7249,7157
7188,7148
7166,7161
7262,7164
7061,7145
7247,7159
7362,7160
7219,7154
7393,7155
7224,7142
7292,7160
7235,7147
7210,7152
7329,7156
7173,7150
7308,7159
7228,7160
7344,7142
7313,7162
7214,7154
7315,7156
7299,7180
7444,7166
7460,7166
7455,7178
7456,7188
7424,7195
7489,7209
7487,7210
7477,7220
7505,7234
7458,7233
7584,7237
7523,7243
7462,7249
7529,7268
7579,7280
7530,7272
7601,7303
7510,7304
7616,7288
7543,7316
7596,7322
7515,7328
7636,7336
7630,7347
7625,7369
7625,7371
7664,7363
7596,7378
7583,7386
7711,7385
7667,7386
7642,7408
7587,7422
7669,7418
7685,7438
7640,7447
7697,7445
7735,7441
7713,7472
7736,7470
7654,7464
7673,7490
7756,7492
7678,7509
7704,7514
7739,7517
7752,7537
7731,7532
7816,7537
7671,7549
7687,7562
7642,7566
7773,7572
7714,7570
7813,7587
7822,7606
7806,7603
7715,7614
7782,7613
7835,7626
7768,7640
7771,7650
7795,7643
7875,7668
7806,7662
7781,7684
7810,7649
7901,7698
7955,7693
7879,7715
7847,7718
7859,7731
7873,7740
7927,7750
7939,7761
7891,7764
7837,7778
7796,7791
7793,7803
7871,7790
7894,7796
7974,7820
7923,7822
7889,7841
7920,7823
7876,7836
7891,7857
7902,7837
7918,7858
7971,7868
7993,7877
8039,7897
7992,7895
8039,7910
8076,7936
8105,7904
8026,7915
7984,7938
7944,7941
7937,7952
7903,7946
7911,7952
7882,7934
7855,7960
7842,7937
7861,7962
7842,7937
7844,7954
7791,7962
7830,7942
7807,7927
7872,7953
7850,7929
7819,7962
7826,7954
7807,7948
7813,7956
7811,7948
7799,7959
7791,7952
7797,7942
7798,7980
7796,7943
7788,7977
7820,7953
7796,7970
7768,7950
7794,7959
7805,7968
7786,7970
7752,7980
7792,7947
7799,7943
7785,7960
7785,7958
7776,7959
7787,7958
7783,7945
7790,7966
7799,7955
7787,7945
7758,7948
7792,7963
7835,7975
7858,7946
7835,7931
7805,7961
7916,7946
8029,7973
8075,7971
8208,7969
8312,7979
8334,7970
8390,7972
8416,8002
8441,8021
8459,8003
8460,8003
8496,8013
8490,8031
8475,8042
8406,8059
8436,8048
8422,8070
8435,8066
8367,8091
8442,8101
8463,8093
8514,8094
8552,8117
8514,8128
8459,8125
8460,8145
8438,8134
8433,8151
8525,8154
8605,8161
8626,8178
8591,8181
8502,8196
8551,8189
8542,8207
8652,8218
8616,8226
8598,8235
8529,8237
8662,8241
8711,8264
8693,8269
8626,8269
8577,8287
8690,8310
8687,8288
8616,8302
8594,8298
8708,8308
8655,8324
8455,8317
8633,8346
8719,8358
8682,8361
8688,8353
8583,8376
8658,8382
8690,8388
8663,8384
8748,8394
8591,8413
8697,8412
8764,8426
8640,8442
8752,8437
8651,8438
8655,8458
8797,8472
8718,8482
8693,8480
8797,8495
8663,8499
8890,8506
8767,8515
8793,8522
8741,8542
8691,8554
8771,8548
8711,8557
8873,8570
8741,8581
8920,8570
8777,8596
8820,8594
8834,8609
8868,8633
8833,8617
8903,8635
8840,8628
8895,8652
8873,8665
8907,8673
8874,8669
8929,8679
8899,8691
9024,8687
8923,8701
8980,8716
8925,8721
8873,8729
8905,8736
8792,8743
8889,8727
8723,8762
8954,8740
8731,8753
8611,8755
8809,8745
8623,8757
8690,8751
8766,8751
8663,8763
8772,8752
8611,8750
8690,8744
8609,8763
8598,8757
8759,8753
8637,8754
8735,8763
8692,8756
8604,8761
8722,8749
8580,8746
8684,8751
8621,8757
8666,8760
8755,8761
8653,8753
8800,8757
8677,8745
8559,8747
8679,8766
8557,8756
8770,8766
8716,8748
8668,8754
8725,8756
8648,8753
8693,8761
8625,8752
8518,8759
8699,8747
8605,8757
8724,8747
8702,8757
8807,8762
8804,8759
8572,8751
8640,8755
8552,8754
8655,8758
8837,8751
8651,8756
8684,8762
8715,8762
8565,8765
8803,8760
8682,8746
8698,8754
8694,8757
8637,8767
8835,8752
8657,8761
8804,8752
8644,8756
8559,8753
8649,8755
8621,8756
8767,8763
8688,8757
8672,8752
8799,8759
8611,8761
8790,8757
8612,8759
8612,8763
8729,8765
8676,8742
8777,8759
8673,8745
8787,8762
8703,8757
8537,8776
8643,8761
8600,8754
8670,8766
8748,8759
8641,8763
8804,8760
8697,8765
8618,8761
8703,8761
8635,8753
8748,8746
8604,8753
8707,8754
8769,8751
8663,8764
8759,8767
8683,8755
8573,8766
8683,8764
8591,8767
8729,8761
8697,8750
8714,8758
8738,8743
8640,8748
8825,8763
8580,8763
8720,8770
8784,8761
8645,8763
8784,8755
8734,8777
8727,8765
8758,8759
8607,8767
8693,8764
8703,8760
8658,8747
8751,8757
8609,8744
8883,8758
8677,8758
8714,8747
8571,8757
8647,8752
8817,8751
8549,8760
8717,8766
8775,8761
8612,8754
8829,8762
8639,8758
8496,8755
8832,8753
8566,8757
8754,8751
8792,8760
8749,8748
8760,8754
8628,8752
8661,8752
8732,8750
8684,8754
8703,8762
8730,8756
8723,8759
8705,8751
8610,8755
8595,8758
8610,8758
8772,8752
8585,8755
8741,8754
8737,8742
8600,8754
8831,8755
8616,8756
8567,8749
8683,8756
8574,8759
8787,8756
8748,8760
8666,8760
8798,8750
8629,8766
8748,8759
8612,8756
8711,8752
8773,8750
8579,8754
8759,8754
8655,8759
8721,8765
8720,8761
8540,8760
8646,8771
8586,8752
8593,8768
8745,8769
8625,8753
8811,8755
8641,8761
8579,8744
8642,8749
8642,8757
8725,8762
8596,8736
8674,8765
8757,8756
8576,8765
8825,8755
8577,8761
8597,8765
8606,8750
8591,8757
8856,8762
8799,8754
8695,8760
8766,8761
8660,8743
8758,8761
8580,8747
8647,8761
8741,8756
8650,8755
8817,8754
8764,8740
8740,8766
8716,8759
8621,8761
8732,8762
8608,8756
8743,8760
8764,8753
8754,8758
8813,8761
8656,8751
8631,8757
8640,8757
8531,8759
8760,8780
8563,8751
8690,8760
8813,8743
8662,8750
8759,8759
8702,8752
8676,8747
8664,8761
8631,8753
8744,8754
8686,8757
8754,8756
8750,8756
8587,8757
8804,8751
8611,8745
8653,8744
8791,8753
8668,8768
8839,8763
8686,8755
8829,8755
8677,8754
8568,8767
8717,8753
8626,8745
8653,8748
8764,8754
8678,8740
8805,8766
8617,8757
8557,8756
8696,8746
8702,8762
8859,8749
8538,8760
8777,8756
8787,8760
8655,8762
8772,8760
8636,8758
8653,8759
8685,8757
8587,8767
8751,8758
8724,8745
8808,8753
8742,8755
8554,8761
8738,8746
8542,8755
8678,8753
8741,8758
8682,8755
8814,8761
8626,8752
8754,8752
8605,8756
8602,8759
8724,8750
8601,8759
8729,8764
8867,8755
8739,8759
8885,8753
8664,8758
8654,8743
8678,8752
8597,8763
8735,8759
8585,8748
8646,8763
8781,8759
8690,8755
8692,8752
8616,8743
8666,8761
8611,8760
8655,8765
8771,8753
8639,8759
8788,8759
8599,8771
8492,8751
8730,8756
8568,8762
8792,8759
8814,8753
8636,8749
8740,8746
8647,8764
8683,8751
8697,8761
8715,8756
8811,8760
8656,8754
8796,8751
8771,8751
8755,8760
8751,8750
8556,8754
8624,8756
8625,8747
8619,8740
8809,8764
8605,8757
8783,8763
8698,8756
8593,8758
8714,8756
8587,8760
8727,8754
8575,8756
8661,8749
8789,8755
8615,8757
8795,8762
8671,8756
8640,8756
8711,8756
8639,8758
8718,8762
8770,8773
8748,8739
8805,8765
8637,8753
8768,8756
8673,8757
8637,8755
8787,8752
8582,8752
8638,8764
8760,8747
8705,8763
8737,8757
8605,8761
8700,8765
8655,8761
8621,8757
8776,8757
8619,8763
8834,8760
8617,8750
8564,8758
8733,8753
8539,8754
8755,8761
8781,8747
8639,8758
8785,8759
8634,8754
8755,8756
8696,8756
8628,8768
8716,8756
8700,8749
8773,8748
8734,8746
8767,8764
8784,8756
8645,8759
8643,8771
8617,8754
8669,8753
8751,8759
8632,8751
8712,8763
8658,8758
8663,8755
8677,8749
8628,8770
8738,8755
8608,8763
8728,8755
8790,8760
8572,8760
8787,8754
8673,8753
8607,8751
8687,8752
8527,8751
8626,8749
8598,8752
8613,8744
8584,8732
8355,8732
8625,8722
8284,8725
8445,8717
8594,8713
8343,8697
8503,8694
8331,8684
8536,8673
8370,8668
8311,8656
8353,8657
8420,8653
8319,8639
8348,8631
8323,8622
8348,8598
8321,8615
8297,8592
8242,8583
8324,8581
8319,8566
8267,8564
8268,8557
8342,8542
8283,8540
8258,8535
8212,8530
8145,8520
8260,8497
8301,8488
8305,8491
8200,8497
8229,8476
8366,8467
8240,8464
8303,8448
8332,8447
8241,8440
8286,8421
8282,8432
8235,8419
8297,8376
8236,8411
8247,8387
8246,8382
8222,8374
8220,8387
8265,8366
8088,8360
8191,8355
8368,8323
8421,8329
8164,8315
8027,8306
8283,8303
8179,8294
8121,8273
8049,8273
8137,8265
8122,8264
8094,8238
8064,8226
8098,8250
8157,8218
8094,8218
8047,8209
8062,8222
8112,8200
8143,8189
8088,8184
8059,8176
8004,8176
7967,8138
8106,8148
8169,8129
8135,8148
8022,8112
8026,8138
7984,8100
7978,8102
8051,8075
8035,8095
8078,8073
8098,8063
8095,8068
8060,8054
8028,8039
7942,8045
7952,8019
7935,8035
7949,8006
7884,8007
7915,8011
7936,7994
7876,7957
8048,7993
7977,7973
8072,7941
8008,7957
8048,7966
8120,7976
8042,7943
8118,7959
8072,7949
8122,7963
8098,7944
8136,7947
8151,7944
8160,7959
8156,7961
8141,7965
8123,7977
8177,7944
8131,7986
8158,7974
8131,7953
8140,7947
8138,7952
8155,7965
8147,7951
8149,7970
8188,7955
8142,7962
8166,7963
8152,7955
8171,7945
8159,7947
8150,7957
8163,7950
8201,7956
8144,7942
8142,7974
8177,7963
8149,7940
8209,7941
8155,7947
8137,7958
8139,7945
8135,7967
8137,7964
8130,7951
8157,7933
8138,7951
8115,7940
8082,7948
8024,7969
7886,7940
7805,7949
7658,7945
7553,7933
7519,7943
7533,7905
7474,7920
7473,7911
7412,7905
7457,7902
7389,7884
7413,7896
7387,7858
7393,7859
7458,7852
7433,7851
7462,7829
7453,7829
7443,7828
7426,7819
7340,7812
7351,7794
7334,7789
7317,7790
7447,7774
7418,7774
7388,7764
7384,7756
7322,7743
7332,7735
7362,7721
7387,7713
7393,7711
7349,7696
7336,7714
7306,7686
7389,7677
7418,7674
7304,7669
7258,7646
7242,7665
7332,7637
7364,7634
7294,7628
7197,7632
7237,7605
7400,7604
7128,7595
7198,7577
7264,7577
7078,7567
7106,7556
7216,7555
7291,7538
7116,7534
7151,7515
7228,7522
7120,7509
7169,7500
7241,7495
7107,7490
7203,7488
7233,7473
7045,7451
7248,7456
7213,7448
7131,7440
7129,7433
7075,7419
7177,7415
7120,7413
7152,7404
7213,7400
7055,7392
7181,7372
7152,7378
7075,7359
7163,7361
7129,7347
7180,7330
7056,7334
7152,7318
7067,7311
7114,7306
7003,7309
7097,7278
7025,7287
7055,7268
6968,7257
7004,7252
6934,7261
7032,7241
6929,7225
6956,7226
6933,7219
6906,7209
6910,7202
6971,7197
7035,7186
7048,7181
6993,7178
7096,7167
7158,7166
6968,7166
7002,7162
7132,7159
7129,7149
7255,7167
7166,7160
7125,7171
7216,7169
7078,7152
7278,7161
7281,7136
7262,7165
7211,7156
7027,7149
7317,7142
7178,7152
7120,7164
7219,7156
7122,7138
7269,7155
7376,7149
7244,7155
7303,7163
7173,7150
7209,7158
7224,7158
7157,7152
7303,7147
7194,7163
7283,7163
7294,7142
7239,7149
7316,7157
7193,7150
7203,7156
7211,7161
7197,7156
7285,7148
7136,7158
7338,7150
7254,7162
7156,7150
7089,7160
7137,7156
7293,7146
7265,7150
7222,7154
7242,7148
7267,7148
7222,7158
7147,7152
7172,7153
7266,7150
7074,7153
7282,7153
7230,7143
7238,7157
7293,7157
7101,7162
7193,7158
7140,7156
7144,7162
7309,7159
7122,7160
7325,7138
7314,7148
7179,7159
7257,7157
7104,7149
7281,7150
7102,7163
7302,7153
7267,7164
7111,7156
7351,7168
7205,7159
7132,7159
7242,7166
7190,7152
7282,7157
7340,7154
7280,7142
7319,7155
7205,7157
7380,7162
7131,7151
7156,7161
7330,7157
7185,7149
7274,7143
7267,7148
7288,7157
7259,7154
7135,7140
7258,7161
7170,7155
7237,7152
7371,7167
7188,7160
7368,7152
7191,7159
7119,7160
7195,7161
7090,7159
7267,7161
7092,7157
7147,7155
7249,7154
7266,7154
7199,7157
7281,7168
7199,7160
7175,7161
7159,7142
7327,7145
7212,7154
7236,7149
7248,7157
7112,7144
7290,7155
7108,7156
7180,7149
7306,7146
7121,7152
7290,7158
7256,7155
7267,7163
7217,7159
7140,7155
7276,7157
7113,7159
7313,7167
7266,7147
7249,7152
7370,7152
7138,7160
7112,7157
7179,7157
7190,7147
7286,7137
7199,7157
7269,7171
7289,7156
7159,7155
7373,7154
7111,7154
7130,7159
7192,7150
7155,7145
7259,7144
7296,7152
7237,7153
7295,7151
7162,7153
7304,7159
7140,7151
7205,7163
7276,7155
7204,7152
7313,7147
7104,7154
7304,7154
7146,7151
7042,7151
7226,7158
7107,7149
7211,7152
7264,7151
7170,7142
7265,7162
7273,7151
7168,7148
7239,7173
7155,7161
7345,7156
7170,7161
7241,7166
7152,7145
7201,7159
7224,7155
7164,7143
7162,7157
7114,7160
7099,7158
7327,7156
7260,7160
7270,7158
7280,7157
7090,7159
7254,7148
7123,7157
7260,7149
7243,7147
7265,7157
7264,7150
7065,7150
7292,7151
7164,7155
7230,7153
7239,7151
7326,7157
7235,7153
7202,7159
7228,7152
7267,7145
7174,7145
7230,7150
7144,7151
7178,7160
7332,7158
7086,7167
7279,7164
7229,7142
7187,7160
7286,7164
7139,7157
7215,7163
7134,7152
7160,7151
7347,7164
7237,7148
7318,7161
7169,7153
7085,7165
7249,7152
7146,7162
7194,7163
7244,7156
7174,7163
7306,7157
7269,7144
7245,7170
7125,7163
7160,7149
7312,7154
7188,7143
7216,7157
7236,7147
7124,7152
7234,7159
7181,7153
7202,7160
7132,7164
7171,7153
7280,7151
7234,7168
7296,7153
7243,7154
7120,7155
7265,7137
7122,7148
7233,7156
7247,7141
7196,7154
7254,7149
7138,7146
7274,7166
7147,7145
7112,7156
7151,7156
7287,7161
7207,7154
7175,7153
7180,7160
7280,7157
7252,7147
7141,7143
7175,7155
7180,7147
7290,7163
7157,7153
7258,7163
7301,7147
7173,7165
7281,7154
7151,7158
7160,7160
7198,7149
7192,7160
7346,7151
7228,7148
7290,7154
7175,7157
7115,7137
7177,7160
7096,7151
7236,7154
7216,7150
7192,7161
7219,7158
7168,7158
7271,7151
7160,7147
7161,7146
7292,7145
7179,7151
7204,7151
7321,7141
7211,7144
7389,7151
7203,7163
7139,7158
7163,7164
7142,7157
7319,7157
7137,7158
7309,7152
7269,7157
7106,7163
7223,7164
7074,7161
7277,7152
7090,7159
7149,7143
7255,7152
7164,7159
7253,7161
7241,7151
7168,7152
7285,7162
7188,7166
7288,7151
7286,7153
7182,7158
7327,7160
7229,7156
7310,7158
7193,7165
7147,7152
7272,7163
7175,7158
7314,7154
7258,7148
7289,7151
7370,7155
7129,7159
7141,7161
7224,7159
7178,7153
7393,7139
7159,7158
7422,7151
7147,7151
7139,7162
7200,7162
7032,7159
7216,7156
7123,7144
7164,7137
7161,7152
7258,7154
7252,7156
7155,7148
7182,7156
7239,7146
7206,7157
7201,7164
7293,7157
7225,7157
7386,7158
7133,7148
7306,7159
7194,7151
7107,7173
7299,7161
7145,7155
7264,7156
7230,7150
7291,7149
7282,7149
7121,7155
7323,7166
7087,7152
7216,7138
7338,7153
7202,7149
7306,7161
7211,7142
7167,7156
7202,7157
7169,7158
7280,7150
7150,7145
7184,7154
7307,7151
7186,7142
7350,7166
7249,7149
7110,7155
7326,7143
7202,7171
7266,7155
7284,7156
7165,7153
7329,7172
7276,7163
7342,7148
7202,7166
7236,7171
7374,7151
7198,7156
7450,7153
7322,7160
7342,7164
7341,7175
7317,7175
7500,7191
7352,7182
7452,7192
7465,7202
7462,7204
7489,7208
7452,7219
7502,7225
7492,7233
7638,7242
7539,7252
7537,7258
7501,7276
7572,7271
7532,7282
7620,7291
7566,7298
7620,7305
7535,7315
7636,7318
7580,7332
7690,7342
7618,7354
7674,7358
7575,7377
7692,7368
7593,7380
7646,7385
7721,7399
7648,7413
7700,7417
7593,7419
7635,7427
7736,7431
7680,7436
7661,7453
7702,7463
7704,7473
7735,7467
7689,7495
7702,7502
7698,7495
7684,7511
7706,7523
7769,7510
7618,7523
7768,7547
7879,7551
7815,7542
7655,7572
7758,7564
7717,7580
7726,7592
7773,7593
7796,7602
7738,7620
7783,7635
7785,7605
7834,7634
7704,7657
7744,7655
7858,7657
7853,7669
7781,7695
7716,7684
7840,7696
7903,7704
7894,7696
7864,7711
7820,7724
7862,7725
7918,7731
7947,7743
7976,7770
7897,7759
7815,7756
7828,7795
7851,7785
7951,7776
7928,7807
7970,7791
7940,7809
7888,7824
7926,7838
7884,7847
7887,7872
7947,7854
7947,7867
7941,7889
7991,7878
8030,7885
8010,7887
8055,7890
8050,7905
7990,7938
7999,7929
7935,7924
7939,7935
7900,7932
7952,7951
7859,7952
7871,7952
7859,7958
7865,7955
7889,7961
7823,7958
7867,7949
7831,7959
7838,7942
7812,7954
7812,7950
7834,7937
7811,7953
7822,7964
7816,7943
7822,7945
7779,7940
7841,7945
7831,7956
7825,7974
7788,7960
7823,7948
7808,7953
7801,7949
7811,7943
7794,7967
7826,7974
7797,7948
7800,7951
7763,7963
7761,7970
7783,7970
7766,7964
7778,7956
7781,7956
7790,7957
7778,7958
7781,7967
7762,7929
7791,7958
7795,7942
7787,7952
7815,7954
7800,7989
7848,7946
7851,7962
7954,7952
8077,7952
8148,7963
8240,7968
8334,7955
8385,7970
8411,7995
8425,8006
8486,8005
8454,8009
8495,8023
8478,8015
8490,8040
8467,8048
8464,8044
8455,8050
8424,8069
8431,8091
8393,8088
8453,8091
8442,8095
8521,8093
8570,8107
8557,8118
8562,8122
8468,8123
8422,8152
8438,8154
8632,8157
8676,8156
8606,8182
8558,8182
8509,8190
8544,8189
8629,8219
8698,8225
8637,8237
8593,8246
8536,8227
8632,8249
8697,8258
8682,8264
8542,8283
8652,8292
8678,8290
8682,8299
8568,8298
8677,8309
8666,8324
8602,8322
8482,8334
8628,8347
8742,8354
8498,8367
8586,8377
8775,8392
8733,8385
8612,8396
8744,8395
8665,8411
8654,8428
8779,8424
8722,8427
8692,8442
8744,8437
8690,8455
8680,8467
8793,8467
8710,8494
8748,8489
8684,8497
8717,8505
8879,8510
8701,8501
8830,8529
8707,8546
8855,8552
8760,8554
8824,8557
8823,8573
8779,8571
8880,8593
8757,8591
8852,8613
8809,8606
8887,8609
8814,8623
8907,8642
8845,8633
8868,8645
8835,8665
8917,8656
8874,8668
8944,8679
8749,8688
8868,8710
8972,8720
8852,8710
9001,8722
8902,8740
8931,8724
8817,8741
8788,8743
8957,8744
8661,8754
8874,8745
8692,8752
8794,8756
8704,8748
8573,8764
8720,8753
8590,8752
8709,8760
8816,8748
8645,8765
8763,8753
8631,8752
8715,8749
8676,8752
8628,8761
8764,8754
8602,8745
8833,8768
8684,8759
8555,8754
8730,8760
8616,8760
8636,8756
8670,8756
8608,8769
8733,8758
8672,8752
8735,8760
8644,8761
8642,8759
8576,8763
8584,8749
8765,8756
8708,8764
8701,8761
8726,8766
8565,8756
8724,8771
8639,8757
8581,8759
8800,8758
8502,8756
8712,8761
8869,8752
8664,8762
8811,8772
8626,8758
8719,8749
8634,8769
8576,8759
8744,8745
8700,8750
8705,8747
8752,8755
8634,8759
8771,8761
8646,8760
8686,8764
8640,8754
8758,8772
8767,8760
8625,8753
8815,8756
8674,8757
8638,8755
8686,8743
8555,8766
8717,8767
8748,8758
8713,8766
8729,8756
8755,8750
8780,8744
8702,8758
8707,8757
8763,8744
8640,8759
8772,8757
8644,8753
8721,8747
8725,8755
8529,8769
8628,8757
8545,8752
8592,8755
8752,8762
8589,8756
8776,8752
8667,8758
8568,8757
8705,8757
8584,8763
8709,8765
8625,8748
8650,8753
8710,8765
8611,8752
8754,8761
8672,8767
8579,8746
8793,8749
8562,8753
8790,8758
8821,8755
8748,8763
8720,8749
8637,8764
8700,8754
8636,8741
8620,8764
8700,8763
8655,8750
8712,8747
8683,8752
8610,8753
8727,8754
8609,8761
8684,8768
8598,8751
8741,8752
8784,8758
8577,8752
8798,8773
8683,8747
8598,8757
8736,8758
8587,8764
8715,8748
8789,8762
8694,8760
8765,8763
8682,8748
8820,8747
8705,8759
8634,8754
8746,8760
8685,8754
8738,8759
8736,8758
8711,8759
8685,8760
8577,8759
8734,8754
8560,8752
8675,8755
8785,8759
8626,8757
8854,8747
8661,8758
8585,8761
8642,8760
8611,8756
8755,8756
8609,8755
8718,8758
8803,8751
8606,8759
8752,8750
8637,8755
8621,8761
8661,8756
8581,8758
8803,8755
8747,8762
8785,8763
8829,8750
8608,8759
8784,8759
8612,8768
8663,8761
8771,8765
8606,8758
8753,8754
8766,8748
8678,8764
8758,8752
8545,8757
8677,8757
8563,8755
8690,8759
8766,8753
8607,8752
8751,8769
8630,8738
8618,8751
8689,8761
8599,8759
8729,8750
8582,8753
8741,8758
8770,8757
8621,8761
8858,8760
8709,8755
8608,8771
8667,8758
8607,8756
8756,8759
8772,8761
8725,8752
8755,8749
8635,8760
8699,8762
8630,8753
8637,8747
8808,8762
8620,8760
8808,8770
8697,8744
8772,8755
8690,8749
8527,8747
8789,8766
8520,8753
8624,8755
8782,8755
8633,8758
8777,8765
8632,8754
8552,8766
8696,8752
8613,8757
8732,8754
8615,8756
8790,8766
8790,8737
8563,8761
8814,8758
8664,8751
8665,8767
8647,8747
8615,8757
8833,8756
8761,8756
8699,8761
8741,8761
8622,8752
8770,8767
8591,8755
8701,8753
8743,8751
8691,8766
8768,8741
8643,8756
8594,8760
8694,8744
8565,8753
8737,8750
8568,8756
8666,8753
8714,8764
8558,8758
8795,8762
8590,8774
8602,8747
8700,8744
8570,8768
8796,8752
8737,8754
8698,8751
8736,8761
8664,8753
8796,8754
8722,8754
8667,8760
8773,8755
8646,8750
8805,8757
8743,8746
8770,8735
8665,8752
8644,8755
8830,8765
8548,8750
8698,8755
8759,8754
8656,8753
8817,8758
8724,8753
8557,8751
8680,8756
8569,8756
8752,8756
8672,8756
8756,8756
8764,8755
8649,8765
8812,8754
8628,8753
8595,8754
8633,8762
8580,8761
8753,8762
8698,8758
8696,8758
8783,8760
8640,8758
8738,8754
8616,8762
8786,8761
8819,8757
8618,8762
8781,8759
8671,8758
8811,8764
8679,8750
8486,8765
8664,8747
8593,8744
8646,8764
8701,8754
8661,8753
8802,8741
8675,8761
8644,8761
8648,8756
8635,8757
8807,8753
8598,8757
8735,8762
8759,8753
8570,8766
8828,8763
8682,8750
8589,8751
8646,8757
8608,8764
8792,8753
8699,8746
8811,8756
8732,8759
8595,8755
8698,8757
8603,8752
8851,8755
8774,8755
8660,8753
8816,8752
8683,8751
8796,8754
8610,8753
8584,8751
8769,8735
8605,8759
8694,8758
8731,8755
8703,8758
8781,8753
8655,8752
8635,8757
8703,8762
8664,8757
8693,8761
8708,8756
8789,8778
8750,8753
8657,8757
8781,8757
8595,8757
8705,8757
8569,8753
8651,8761
8802,8750
8646,8752
8837,8750
8638,8757
8497,8752
8763,8762
8555,8757
8693,8762
8726,8762
8590,8753
8742,8756
8728,8759
8741,8762
8674,8767
8619,8757
8741,8751
8647,8750
8691,8741
8738,8745
8735,8763
8756,8760
8689,8747
8635,8759
8625,8757
8636,8761
8678,8751
8649,8759
8825,8746
8694,8746
8619,8761
8656,8759
8617,8748
8788,8754
8588,8744
8691,8756
8766,8756
8607,8760
8781,8758
8562,8745
8412,8756
8643,8756
8488,8753
8693,8734
8633,8721
8587,8727
8565,8707
8346,8698
8424,8725
8350,8701
8417,8685
8547,8680
8482,8677
8525,8667
8423,8661
8391,8645
8392,8641
8375,8641
8309,8628
8357,8623
8227,8616
8327,8605
8293,8588
8252,8586
8279,8579
8326,8566
8309,8559
8267,8547
8271,8542
8196,8541
8342,8526
8212,8524
8260,8514
8267,8514
8229,8496
8343,8481
8231,8495
8330,8473
8256,8466
8283,8455
8301,8443
8285,8436
8314,8429
8283,8427
8233,8412
8292,8407
8239,8415
8233,8395
8304,8387
8265,8381
8299,8361
8115,8357
8258,8349
8189,8348
8214,8340
8406,8333
8401,8332
8053,8312
8039,8296
8264,8297
8165,8287
8076,8287
8144,8283
8166,8269
8086,8260
8066,8241
8057,8248
8170,8240
8114,8235
8081,8240
8030,8218
8054,8204
8112,8178
8155,8175
8076,8184
8023,8166
7990,8160
8014,8154
8159,8148
8172,8130
8051,8129
8051,8118
7960,8124
8026,8086
7993,8104
8042,8084
8055,8078
8065,8075
8073,8061
8080,8036
8052,8067
8006,8041
7957,8029
7929,8029
7939,8028
7923,8017
7976,7999
7942,7991
7944,7985
7983,7981
7961,7988
8015,7971
8020,7977
8035,7980
8062,7977
8030,7965
8111,7978
8090,7952
8085,7964
8099,7973
8111,7960
8154,7969
8120,7969
8147,7954
8154,7946
8140,7960
8157,7954
8166,7958
8164,7953
8148,7959
8141,7950
8146,7962
8164,7954
8137,7963
8169,7960
8165,7970
8169,7967
8183,7959
8162,7957
8174,7956
8152,7952
8177,7954
8158,7946
8183,7980
8147,7961
8168,7956
8168,7952
8152,7982
8192,7961
8161,7966
8172,7965
8139,7971
8156,7958
8150,7947
8133,7950
8166,7964
8134,7945
8106,7945
8110,7956
8082,7936
7980,7946
7828,7953
7752,7943
7652,7939
7542,7938
7473,7926
7466,7919
7404,7898
7421,7921
7440,7902
7387,7880
7434,7873
7428,7867
7435,7870
7434,7851
7444,7860
7449,7859
7433,7829
7456,7823
7385,7808
7377,7818
7346,7803
7335,7797
7312,7788
7345,7765
7414,7771
7390,7765
7464,7746
7298,7731
7279,7739
7337,7729
7344,7716
7431,7714
7394,7688
7330,7701
7349,7694
7365,7678
7366,7673
7353,7668
7293,7666
7295,7650
7277,7650
7380,7623
7253,7627
7192,7623
7364,7601
7343,7593
7192,7601
7073,7593
7292,7585
7222,7577
7079,7575
7238,7562
7204,7565
7153,7541
7100,7539
7252,7524
7201,7522
7167,7512
7172,7506
7198,7494
7165,7496
7169,7475
7114,7469
7127,7457
7226,7457
7172,7448
7222,7437
7144,7425
7093,7414
7197,7432
6958,7412
7238,7400
7187,7385
7073,7375
7219,7372
6971,7364
7168,7347
7003,7348
7144,7329
7160,7329
7137,7326
7050,7319
7055,7321
7045,7310
7088,7289
6978,7283
7015,7284
7060,7267
7033,7257
7028,7248
6986,7255
6968,7243
6930,7226
7041,7216
6990,7226
6913,7204
6997,7200
6884,7191
6994,7189
7054,7164
7051,7168
7013,7180
6995,7174
7217,7162
7107,7163
7083,7167
7219,7150
7127,7175
7237,7151
7166,7146
7349,7162
7180,7156
7131,7155
7300,7163
7110,7156
7241,7160
7202,7149
7203,7158
7343,7151
7197,7144
7134,7139
7309,7154
7151,7169
7249,7156
7140,7149
7256,7160
7295,7150
7231,7147
7358,7163
7185,7159
7236,7161
7185,7146
7158,7164
7367,7153
7388,7162
7260,7157
7332,7151
7151,7156
7381,7160
7237,7159
7182,7150
7260,7157
7226,7161
7277,7148
7098,7160
7129,7161
7105,7147
7124,7149
7263,7152
7133,7156
7206,7152
7137,7155
7126,7154
7302,7154
7134,7157
7130,7155
7149,7143
7114,7144
7244,7157
7243,7152
7244,7138
7327,7156
7135,7162
7296,7152
7123,7150
7196,7156
7375,7155
7154,7152
7374,7155
7222,7154
7356,7161
7182,7158
7140,7157
7350,7152
7119,7160
7239,7158
7277,7153
7280,7162
7303,7141
7193,7152
7153,7150
7269,7155
7207,7160
7261,7156
7221,7144
7215,7155
7291,7153
7144,7156
7280,7154
7136,7139
7261,7148
7214,7161
7233,7161
7372,7154
7139,7150
7406,7159
7310,7161
7094,7158
7326,7148
7189,7149
7319,7163
7336,7151
7220,7152
7328,7149
7125,7161
7233,7165
7087,7151
7080,7155
7262,7154
7109,7157
7173,7165
7205,7169
7287,7151
7276,7138
7146,7164
7117,7147
7169,7148
7090,7161
7284,7154
7078,7151
7314,7166
7285,7150
7125,7160
7335,7159
7141,7148
7184,7150
7161,7149
7156,7152
7295,7153
7173,7155
7347,7151
7224,7152
7156,7150
7205,7154
7149,7155
7284,7164
7320,7151
7194,7159
7253,7157
7171,7144
7251,7141
7146,7156
7172,7159
7258,7146
7165,7149
7158,7152
7352,7158
7292,7161
7292,7170
7173,7151
7144,7148
7279,7141
7194,7151
7305,7163
7203,7157
7285,7152
7256,7156
7133,7153
7228,7154
7036,7151
7201,7155
7096,7159
7229,7155
7325,7156
7157,7158
7259,7130
7084,7155
7141,7154
7198,7142
7155,7159
7168,7158
7221,7161
7142,7164
7190,7149
7241,7156
7128,7158
7197,7149
7191,7145
7283,7157
7161,7152
7266,7148
7194,7153
7260,7169
7341,7155
7089,7157
7186,7150
7180,7147
7244,7157
7314,7164
7140,7149
7323,7163
7215,7148
7198,7151
7194,7148
7132,7153
7277,7157
7302,7160
7211,7155
7299,7159
7219,7151
7244,7153
7190,7162
7240,7143
7296,7140
7185,7143
7297,7159
7253,7149
7327,7158
7257,7148
7138,7153
7173,7168
7231,7157
7100,7151
7264,7156
7160,7156
7255,7152
7199,7140
7145,7157
7355,7157
7066,7149
7245,7172
7128,7148
7243,7155
7377,7156
7132,7154
7282,7156
7174,7153
7148,7158
7200,7176
7145,7156
7176,7151
7324,7156
7197,7146
7246,7161
7223,7160
7209,7148
7187,7160
7220,7152
7254,7143
7189,7153
7199,7160
7248,7145
7235,7150
7310,7153
7120,7166
7131,7135
7180,7154
7187,7153
7356,7153
7158,7156
7296,7158
7228,7139
7139,7146
7234,7157
7051,7160
7257,7158
7046,7145
7250,7163
7285,7160
7174,7151
7224,7153
7222,7155
7280,7154
7166,7149
7218,7153
7238,7141
7262,7150
7274,7158
7297,7155
7127,7154
7312,7159
7178,7150
7087,7148
7338,7154
7066,7151
7263,7145
7269,7155
7219,7151
7309,7155
7152,7167
7243,7161
7160,7152
7268,7153
7309,7147
7246,7156
7284,7158
7112,7152
7120,7155
7201,7151
7126,7154
7240,7162
7099,7151
7218,7154
7238,7162
7089,7155
7281,7160
7147,7155
7227,7155
7215,7161
7114,7153
7265,7155
7279,7151
7260,7159
7257,7155
7086,7162
7291,7145
7095,7150
7116,7163
7340,7148
7087,7147
7283,7161
7193,7149
7375,7155
7244,7153
7061,7160
7183,7144
7093,7167
7244,7160
7333,7150
7189,7157
7236,7154
7258,7153
7287,7148
7245,7155
7241,7150
7228,7155
7189,7155
7244,7153
7284,7160
7148,7154
7306,7149
7152,7151
7189,7163
7167,7160
7110,7152
7298,7147
7286,7156
7326,7160
7316,7155
7137,7160
7282,7153
7136,7157
7221,7158
7337,7153
7244,7159
7335,7169
7101,7156
7331,7158
7193,7150
7105,7152
7243,7153
7208,7159
7290,7159
7265,7147
7305,7160
7201,7155
7256,7155
7223,7165
7277,7152
7105,7149
7224,7152
7104,7163
7147,7163
7279,7150
7150,7149
7223,7149
7172,7154
7161,7157
7283,7162
7181,7158
7333,7150
7228,7157
7408,7157
7240,7163
7100,7156
7239,7153
7072,7147
7264,7162
7307,7158
7192,7150
7287,7157
7229,7154
7212,7149
7296,7157
7221,7155
7136,7160
7187,7163
7222,7153
7337,7144
7182,7156
7310,7152
7236,7153
7203,7164
7198,7152
7155,7158
7298,7169
7369,7152
7201,7158
7372,7140
7158,7151
7318,7153
7158,7149
7217,7160
7367,7157
7321,7157
7385,7153
7307,7158
7458,7179
7348,7182
7380,7187
7464,7184
7403,7196
7504,7205
7511,7214
7475,7215
7532,7234
7471,7229
7596,7245
7530,7246
7555,7257
7465,7267
7533,7282
7558,7276
7552,7299
7546,7300
7572,7300
7543,7315
7613,7332
7555,7335
7595,7344
7612,7345
7620,7349
7599,7359
7684,7359
7688,7381
7570,7384
7671,7398
7662,7395
7666,7403
7657,7413
7632,7423
7673,7434
7647,7444
7708,7451
7728,7455
7718,7467
7714,7474
7668,7472
7706,7475
7716,7477
7699,7508
7711,7514
7846,7524
7709,7541
7775,7526
7891,7537
7664,7543
7702,7554
7695,7568
7703,7579
7672,7582
7770,7575
7806,7599
7778,7604
7730,7611
7783,7609
7831,7646
7775,7645
7740,7645
7840,7649
7835,7675
7859,7671
7746,7681
7824,7702
7859,7702
7893,7709
7852,7713
7827,7722
7804,7748
7856,7735
7906,7726
7930,7761
7932,7735
7779,7756
7816,7790
7869,7792
7951,7785
7919,7810
7981,7807
7970,7812
7860,7834
7935,7826
7921,7840
7887,7856
7887,7843
7923,7862
7947,7863
7993,7882
7980,7905
7996,7900
8064,7906
8048,7924
8041,7923
8024,7931
7932,7950
7989,7959
7988,7935
7960,7932
7889,7952
7875,7930
7884,7966
7835,7982
7848,7942
7838,7960
7874,7950
7856,7968
7839,7948
7835,7941
7813,7946
7819,7966
7814,7975
7826,7960
7820,7962
7832,7952
7843,7958
7795,7924
7800,7934
7814,7965
7833,7965
7787,7956
7804,7960
7768,7944
7822,7947
7838,7958
7774,7956
7792,7942
7823,7930
7791,7929
7789,7948
7799,7961
7759,7950
7796,7944
7812,7960
7806,7957
7779,7962
7787,7951
7774,7938
7783,7967
7818,7937
7785,7946
7838,7973
7814,7958
7814,7962
7861,7978
7951,7967
7977,7955
8105,7965
8215,7950
8278,7966
8319,7974
8381,7986
8415,7991
8467,8000
8489,8015
8499,8022
8491,8013
8475,8020
8462,8047
8469,8057
8474,8073
8439,8058
8394,8078
8363,8086
8435,8096
8502,8101
8503,8113
8531,8113
8504,8127
8549,8122
8535,8148
8410,8148
8437,8149
8625,8160
8622,8169
8636,8161
8600,8179
8535,8195
8558,8202
8564,8214
8671,8209
8660,8225
8575,8227
8584,8241
8606,8254
8664,8236
8653,8251
8566,8262
8587,8284
8684,8294
8682,8282
8641,8309
8612,8315
8682,8314
8656,8315
8532,8336
8581,8342
8694,8349
8727,8352
8681,8369
8675,8377
8739,8393
8584,8382
8749,8383
8723,8400
8655,8416
8655,8435
8733,8421
8665,8430
8741,8434
8717,8451
8681,8465
8808,8471
8714,8478
8727,8472
8697,8496
8748,8500
8862,8517
8706,8520
8761,8514
8852,8533
8772,8545
8821,8545
8722,8563
8856,8567
8716,8576
8868,8563
8834,8595
8852,8588
8763,8607
8844,8604
8831,8616
8882,8630
8872,8627
8838,8645
8848,8667
8967,8661
8892,8669
8946,8676
8840,8685
8931,8699
8862,8697
8911,8718
8970,8727
8903,8721
9023,8730
8769,8746
8917,8743
8749,8730
8747,8747
8860,8744
8702,8758
8759,8749
8628,8747
8821,8753
8705,8753
8545,8758
8696,8743
8607,8765
8735,8761
8730,8754
8635,8742
8730,8758
8593,8755
8639,8754
8571,8751
8614,8759
8780,8750
8646,8745
8737,8758
8721,8758
8618,8756
8719,8743
8682,8759
8726,8757
8756,8755
8640,8760
8820,8764
8636,8756
8789,8753
8535,8762
8536,8763
8799,8757
8611,8759
8735,8755
8680,8757
8656,8751
8774,8750
8581,8751
8630,8749
8578,8754
8557,8753
8790,8768
8652,8756
8753,8770
8708,8753
8591,8765
8688,8760
8607,8757
8678,8754
8585,8759
8676,8752
8738,8761
8638,8762
8804,8758
8715,8757
8552,8761
8730,8760
8594,8755
8786,8753
8733,8764
8662,8755
8669,8757
8685,8761
8741,8755
8614,8752
8609,8762
8721,8756
8628,8764
8767,8758
8685,8767
8765,8751
8799,8752
8477,8739
8623,8763
8567,8750
8668,8760
8804,8752
8632,8766
8706,8753
8690,8756
8587,8757
8762,8768
8614,8759
8667,8752
8668,8760
8628,8751
8785,8750
8650,8759
8835,8754
8616,8753
8585,8767
8623,8762
8593,8751
8798,8756
8774,8747
8672,8756
8774,8764
8594,8760
8788,8760
8592,8752
8594,8754
8832,8758
8567,8764
8750,8754
8718,8758
8768,8750
8713,8766
8640,8758
8675,8757
8684,8761
8709,8766
8758,8750
8697,8748
8828,8767
8707,8753
8606,8772
8683,8753
8582,8758
8823,8769
8564,8752
8734,8762
8756,8763
8603,8759
8868,8764
8651,8756
8557,8756
8723,8759
8622,8777
8751,8758
8718,8751
8655,8754
8771,8747
8592,8761
8783,8755
8607,8745
8619,8757
8787,8753
8631,8750
8751,8754
8701,8768
8764,8755
8742,8756
8621,8753
8639,8761
8664,8755
8644,8766
8765,8750
8711,8751
8827,8758
8629,8751
8677,8761
8648,8763
8656,8755
8756,8759
8581,8752
8680,8759
8779,8747
8565,8767
8800,8761
8574,8757
8652,8760
8660,8743
8552,8757
8834,8761
8784,8756
8764,8760
8767,8760
8541,8756
8616,8760
8635,8749
8626,8754
8724,8746
8637,8757
8734,8764
8712,8760
8618,8757
8702,8756
8598,8752
8682,8752
8601,8757
8712,8759
8753,8764
8556,8764
8805,8764
8627,8760
8521,8764
8675,8757
8566,8741
8732,8753
8714,8763
8656,8763
8755,8765
8688,8755
8756,8745
8607,8748
8686,8761
8806,8750
8685,8755
8829,8751
8646,8752
8756,8761
8734,8753
8518,8748
8685,8756
8604,8752
8679,8745
8781,8756
8697,8758
8834,8770
8621,8764
8610,8758
8650,8756
8585,8755
8747,8761
8574,8763
8641,8748
8660,8749
8490,8759
8784,8756
8605,8757
8554,8767
8667,8753
8592,8735
8850,8752
8782,8750
8786,8763
8761,8756
8598,8777
8854,8756
8584,8752
8638,8761
8823,8759
8615,8753
8745,8759
8770,8758
8714,8750
8732,8752
8542,8756
8744,8756
8652,8733
8723,8759
8747,8752
8741,8758
8783,8751
8623,8758
8617,8752
8647,8754
8569,8735
8763,8751
8554,8755
8662,8754
8830,8752
8657,8759
8828,8758
8672,8758
8668,8764
8689,8750
8673,8759
8783,8759
8677,8764
8746,8750
8735,8759
8608,8767
8728,8764
8561,8731
8714,8762
8802,8750
8621,8758
8776,8761
8641,8756
8801,8755
8606,8749
8581,8753
8811,8752
8583,8760
8751,8762
8745,8763
8680,8766
8824,8755
8633,8757
8608,8757
8662,8757
8680,8749
8834,8757
8643,8754
8797,8763
8827,8757
8631,8760
8789,8756
8565,8763
8603,8749
8646,8767
8573,8754
8765,8759
8725,8750
8894,8766
8715,8760
8550,8753
8736,8755
8579,8754
8674,8762
8769,8757
8668,8746
8786,8752
8643,8756
8760,8761
8667,8761
8607,8769
8748,8765
8611,8756
8742,8742
8735,8753
8574,8757
8883,8763
8639,8750
8642,8759
8658,8756
8698,8754
8816,8754
8709,8762
8726,8760
8744,8758
8656,8752
8708,8764
8583,8749
8693,8759
8799,8759
8678,8754
8787,8763
8631,8756
8769,8759
8551,8758
8543,8764
8742,8760
8630,8759
8729,8760
8731,8755
8665,8763
8804,8756
8624,8765
8582,8758
8710,8755
8651,8763
8712,8758
8657,8756
8706,8762
8728,8761
8638,8758
8758,8759
8610,8748
8679,8756
8641,8748
8707,8765
8798,8755
8669,8748
8821,8757
8725,8756
8577,8767
8749,8752
8563,8753
8670,8759
8761,8751
8637,8773
8787,8754
8591,8761
8767,8754
8691,8755
8618,8761
8726,8745
8634,8748
8677,8758
8728,8765
8745,8752
8802,8753
8591,8758
8628,8761
8684,8755
8652,8750
8727,8747
8635,8744
8664,8759
8739,8752
8703,8754
8691,8758
8656,8751
8704,8753
8652,8756
8658,8754
8743,8753
8643,8745
8767,8758
8623,8760
8628,8759
8676,8765
8569,8754
8698,8761
8740,8752
8711,8747
8718,8762
8569,8760
8684,8743
8582,8747
8592,8746
8694,8743
8409,8737
8654,8719
8491,8713
8589,8697
8494,8694
8317,8699
8476,8684
8320,8679
8510,8677
8458,8668
8407,8654
8351,8645
8406,8651
8356,8635
8342,8634
8315,8624
8307,8621
8269,8607
8273,8590
8272,8583
8345,8580
8285,8569
8348,8561
8254,8548
8275,8549
8327,8542
8335,8536
8104,8523
8155,8517
8259,8522
8252,8499
8312,8491
8270,8486
8266,8466
8354,8473
8233,8473
8302,8450
8306,8437
8211,8434
8324,8410
8200,8409
8233,8404
8307,8411
8254,8387
8270,8385
8281,8382
8241,8361
8164,8365
8270,8358
8123,8351
8176,8333
8372,8325
8399,8315
8274,8325
7998,8316
8279,8304
8089,8322
8054,8291
8097,8280
8185,8269
8181,8250
8042,8256
8033,8243
8113,8233
8189,8240
8066,8235
7980,8222
8019,8215
8107,8200
8176,8187
8102,8189
8059,8154
7994,8173
7956,8145
8099,8154
8181,8145
8118,8152
8011,8130
7968,8107
7982,8111
7997,8083
8021,8087
8043,8092
8088,8078
8075,8059
8092,8050
8044,8055
7981,8052
7986,8040
7949,8051
7923,8021
7916,7985
7906,8005
7953,7980
7986,8021
7898,8013
8003,7970
8011,7966
8018,7976
8019,7958
8006,7944
8069,7955
8126,7961
8100,7951
8090,7955
8104,7943
8109,7953
8093,7939
8133,7968
8146,7958
8094,7958
8144,7959
8157,7951
8151,7944
8133,7966
8181,7947
8155,7952
8166,7978
8175,7960
8141,7952
8166,7964
8145,7950
8173,7967
8161,7931
8159,7954
8148,7966
8148,7953
8187,7935
8150,7938
8177,7961
8157,7939
8154,7972
8160,7968
8159,7968
8190,7953
8175,7955
8162,7951
8150,7969
8122,7965
8119,7983
8176,7959
8167,7959
8154,7965
8127,7964
8133,7963
8104,7958
7961,7946
7920,7950
7799,7942
7645,7937
7525,7934
7643,7940
7456,7922
7427,7933
7473,7910
7477,7888
7442,7895
7444,7897
7431,7878
7416,7864
7461,7874
7446,7849
7453,7839
7470,7843
7453,7841
7451,7822
7427,7814
7364,7806
7321,7800
7329,7780
7330,7792
7395,7773
7393,7779
7377,7758
7310,7750
7313,7745
7359,7743
7339,7736
7433,7713
7399,7707
7333,7708
7283,7686
7290,7681
7341,7677
7366,7667
7303,7653
7266,7650
7275,7647
7404,7640
7330,7627
7260,7628
7299,7615
7278,7609
7478,7602
7081,7591
7258,7581
7241,7565
7099,7574
7225,7564
7194,7545
7240,7539
7100,7539
7217,7538
7217,7516
7136,7510
7175,7504
7189,7487
7096,7488
7149,7475
7164,7467
7151,7472
7119,7454
7165,7455
7111,7436
7221,7436
7104,7424
7179,7415
7028,7411
7049,7390
7220,7395
7064,7385
7158,7381
7047,7360
7159,7378
7089,7345
7036,7337
7179,7343
7095,7338
7201,7320
7048,7313
7046,7314
7012,7293
7122,7293
7014,7281
7031,7277
6956,7263
6996,7257
6968,7243
7026,7241
7069,7220
7060,7232
6988,7225
6910,7220
6982,7202
6891,7190
7015,7181
6941,7186
7018,7169
6997,7168
7185,7173
7120,7158
6969,7163
7129,7158
7069,7151
7223,7158
7243,7162
7239,7158
7373,7155
7065,7151
7128,7154
7196,7152
7119,7159
7250,7154
7084,7140
7340,7164
7279,7154
7129,7150
7358,7161
7200,7153
7195,7156
7220,7154
7102,7162
7392,7157
7254,7154
7292,7161
7296,7152
7132,7159
7345,7161
7164,7149
7201,7149
7322,7159
7210,7165
7272,7154
7227,7157
7292,7162
7306,7146
7165,7158
7283,7153
7165,7154
7345,7160
7286,7155
7274,7162
7203,7148
7102,7173
7217,7161
7143,7142
7107,7156
7242,7152
7140,7133
7247,7159
7328,7147
7100,7160
7283,7175
7097,7141
7143,7160
7113,7161
7140,7139
7280,7144
7195,7151
7258,7155
7166,7140
7111,7148
7250,7154
7122,7153
7223,7150
7409,7140
7110,7154
7366,7155
7190,7145
7364,7158
7269,7144
7115,7162
7244,7148
7111,7147
7357,7167
7237,7155
7236,7152
7244,7169
7240,7142
7274,7155
7243,7150
7202,7148
7276,7149
7213,7150
7372,7155
7245,7154
7068,7145
7289,7150
7118,7156
7237,7151
7150,7154
7102,7164
7416,7153
7216,7160
7285,7143
7253,7146
7129,7150
7326,7161
7071,7148
7274,7151
7250,7156
7250,7159
7273,7155
7083,7162
7141,7155
7201,7159
7123,7160
7221,7165
7198,7151
7260,7153
7281,7159
7121,7156
7234,7158
7155,7151
7186,7145
7145,7165
7124,7154
7259,7156
7287,7151
7189,7171
7200,7145
7190,7155
7165,7154
7107,7160
7258,7148
7264,7152
7266,7170
7323,7160
7088,7137
7351,7159
7125,7145
7104,7159
7271,7152
7084,7142
7231,7156
7249,7154
7232,7160
7254,7147
7222,7153
7190,7165
7250,7149
7182,7147
7245,7154
7115,7154
7352,7159
7218,7148
7084,7162
7277,7155
7173,7139
7225,7160
7129,7153
7180,7152
7276,7151
7290,7136
7289,7151
7228,7158
7152,7153
7269,7156
7118,7157
7278,7161
7240,7141
7325,7154
7224,7161
7024,7157
7257,7144
7114,7143
7184,7150
7226,7159
7195,7156
7194,7145
7192,7158
7259,7154
7186,7143
7163,7154
7241,7158
7127,7155
7206,7149
7292,7149
7124,7160
7331,7155
7364,7157
7110,7161
7256,7156
7149,7148
7205,7155
7268,7152
7191,7157
7298,7172
7183,7146
7290,7154
7140,7153
7163,7156
7173,7156
7102,7165
7240,7164
7256,7154
7202,7150
7264,7148
7144,7146
7265,7155
7275,7151
7175,7155
7227,7150
7123,7159
7350,7157
7248,7151
7299,7151
7243,7160
7262,7152
7240,7157
7202,7152
7205,7153
7310,7155
7166,7146
7326,7153
7282,7149
7098,7157
7276,7150
7059,7143
7331,7166
7104,7154
7325,7152
7248,7153
7138,7159
7259,7151
7160,7149
7159,7161
7168,7148
7152,7150
7145,7174
7226,7158
7192,7159
7200,7148
7185,7157
7257,7156
7245,7148
7241,7152
7228,7147
7204,7156
7323,7161
7279,7166
7298,7149
7224,7151
7146,7158
7206,7160
7127,7155
7209,7153
7280,7146
7197,7170
7317,7150
7071,7157
7149,7155
7122,7144
7111,7158
7209,7155
7086,7152
7253,7158
7213,7153
7123,7153
7261,7156
7211,7166
7199,7158
7243,7153
7138,7137
7277,7149
7230,7156
7276,7167
7283,7151
7161,7157
7326,7165
7240,7154
7120,7164
7357,7148
7194,7147
7297,7153
7282,7152
7277,7165
7277,7150
7144,7160
7299,7152
7129,7159
7257,7160
7238,7160
7138,7162
7217,7153
7120,7151
7168,7163
7193,7165
7145,7164
7083,7165
7223,7146
7215,7150
7251,7157
7171,7157
7283,7152
7190,7165
7146,7153
7218,7154
7214,7145
7333,7158
7197,7151
7379,7153
7270,7148
7047,7147
7184,7160
7112,7156
7137,7157
7318,7155
7088,7151
7321,7146
7260,7158
7108,7162
7214,7150
7131,7153
7290,7159
7088,7153
7192,7153
7211,7152
7221,7148
7193,7141
7191,7163
7248,7154
7175,7161
7149,7169
7372,7167
7250,7152
7254,7164
7310,7149
7086,7153
7359,7152
7173,7159
7060,7165
7318,7146
7164,7151
7296,7155
7280,7155
7325,7147
7295,7155
7134,7151
7313,7156
7088,7159
7284,7165
7236,7149
7172,7156
7354,7134
7152,7166
7144,7162
7204,7152
7159,7144
7244,7152
7171,7154
7262,7152
7307,7169
7206,7141
7324,7158
7262,7163
7137,7157
7220,7147
7096,7149
7233,7164
7230,7150
7245,7152
7210,7150
7098,7151
7333,7147
7174,7150
7214,7165
7340,7161
7181,7155
7364,7136
7164,7155
7418,7160
7195,7151
7113,7171
7288,7157
7098,7153
7250,7157
7294,7144
7182,7154
7205,7152
7260,7163
7232,7146
7194,7164
7179,7150
7286,7154
7178,7148
7254,7169
7321,7157
7189,7148
7364,7155
7121,7152
7124,7163
7233,7158
7108,7150
7282,7155
7360,7156
7283,7154
7223,7147
7146,7147
7289,7149
7209,7148
7367,7153
7349,7167
7352,7173
7413,7171
7342,7180
7509,7186
7387,7193
7409,7194
7474,7200
7486,7217
7517,7220
7480,7215
7531,7239
7483,7233
7580,7254
7521,7255
7581,7264
7458,7270
7553,7279
7527,7296
7542,7288
7544,7300
7572,7320
7546,7312
7602,7328
7612,7328
7640,7342
7614,7352
7646,7359
7645,7357
7635,7373
7616,7395
7689,7392
7710,7395
7658,7396
7736,7417
7564,7407
7687,7426
7685,7435
7725,7446
7722,7452
7693,7470
7732,7460
7732,7495
7679,7482
7713,7494
7699,7492
7659,7518
7731,7517
7664,7530
7720,7544
7701,7557
7703,7554
7764,7565
7627,7570
7793,7569
7668,7599
7734,7591
7863,7618
7783,7595
7734,7627
7775,7618
7865,7643
7847,7620
7763,7633
7768,7648
7831,7656
7846,7667
7856,7655
7739,7678
7857,7689
7884,7689
7898,7704
7828,7718
7810,7733
7879,7705
7932,7719
7946,7763
7987,7749
7846,7754
7780,7776
7864,7785
7916,7802
7903,7790
7995,7817
7951,7809
7920,7807
7907,7826
7873,7827
7863,7843
7880,7847
7936,7862
7999,7883
7963,7871
7982,7877
8026,7883
8025,7914
8036,7906
8011,7915
8028,7909
8027,7936
8020,7944
7965,7931
7919,7962
7922,7931
7893,7959
7911,7941
7812,7958
7843,7942
7857,7954
7808,7934
7832,7966
7860,7958
7814,7973
7804,7942
7814,7962
7847,7957
7825,7982
7808,7964
7812,7958
7798,7951
7778,7958
7803,7980
7785,7958
7792,7949
7798,7948
7794,7957
7794,7948
7817,7941
7781,7955
7792,7948
7772,7933
7819,7974
7784,7961
7803,7960
7791,7963
7784,7945
7778,7978
7774,7954
7811,7942
7782,7954
7777,7969
7795,7958
7801,7961
7800,7947
7799,7961
7805,7965
7811,7939
7842,7960
7818,7950
7882,7971
7962,7969
8099,7951
8125,7976
8259,7962
8304,7960
8390,7970
8423,7996
8418,7993
8456,7997
8447,8004
8502,8020
8507,8033
8469,8039
8455,8035
8442,8057
8412,8063
8430,8070
8401,8076
8381,8082
8443,8094
8514,8104
8516,8104
8536,8123
8578,8139
8530,8123
8455,8155
8452,8145
8421,8151
8618,8160
8666,8185
8627,8181
8537,8198
8505,8200
8505,8202
8618,8202
8674,8218
8621,8231
8626,8236
8591,8236
8637,8246
8700,8262
8646,8277
8596,8268
8672,8287
8710,8293
8671,8293
8593,8323
8616,8321
8678,8323
8552,8324
8503,8350
8656,8360
8782,8367
8589,8375
8648,8365
8780,8383
8635,8375
8714,8388
8703,8402
8636,8430
8640,8419
8730,8426
8681,8435
8664,8427
8765,8454
8630,8455
8706,8476
8754,8486
8721,8472
8753,8487
8753,8495
8886,8506
8867,8506
8716,8522
8884,8522
8734,8530
8880,8536
8768,8547
8882,8566
8816,8577
8740,8575
8854,8585
8817,8597
8885,8603
8779,8611
8864,8610
8856,8624
8885,8636
8879,8661
8909,8630
8839,8649
8908,8672
8941,8665
8933,8683
8885,8686
8852,8685
8945,8707
8893,8713
8952,8716
8983,8732
8811,8737
8832,8736
8758,8759
8900,8749
8550,8746
8789,8750
8742,8751
8758,8757
8837,8767
8634,8740
8599,8764
8658,8757
8654,8760
8807,8758
8659,8762
8773,8763
8699,8749
8578,8752
8791,8754
8574,8764
8650,8755
8606,8756
8668,8751
8736,8751
8667,8756
8658,8761
8621,8759
8784,8752
8552,8762
8611,8754
8711,8754
8732,8749
8662,8761
8663,8756
8483,8768
8742,8764
8534,8758
8634,8762
8690,8757
8562,8761
8676,8754
8702,8753
8735,8759
8738,8752
8601,8743
8707,8760
8630,8766
8743,8751
8826,8752
8630,8757
8807,8756
8688,8764
8628,8760
8747,8756
8538,8764
8606,8755
8647,8762
8625,8756
8749,8741
8731,8757
8756,8756
8663,8745
8590,8753
8679,8742
8591,8754
8701,8762
8676,8763
8740,8770
8722,8758
8604,8761
8719,8764
8603,8748
8625,8758
8814,8762
8652,8754
8753,8756
8780,8756
8797,8762
8859,8754
8579,8750
8692,8771
8580,8752
8644,8759
8754,8757
8564,8758
8676,8752
8712,8755
8666,8750
8668,8770
8656,8753
8687,8752
8604,8754
8649,8768
8771,8756
8638,8745
8760,8760
8586,8755
8686,8754
8671,8754
8598,8755
8742,8762
8729,8753
8710,8760
8764,8757
8616,8752
8749,8757
8645,8758
8695,8772
8758,8758
8692,8758
8818,8766
8649,8756
8791,8760
8714,8742
8563,8759
8707,8749
8557,8759
8686,8744
8812,8745
8642,8740
8819,8754
8621,8766
8626,8753
8594,8761
8586,8766
8826,8761
8571,8755
8745,8755
8775,8756
8617,8768
8800,8748
8617,8755
8623,8754
8658,8754
8572,8768
8705,8750
8725,8753
8799,8755
8803,8765
8582,8753
8790,8759
8619,8758
8688,8761
8778,8748
8681,8753
8727,8750
8717,8761
8725,8755
8761,8750
8671,8760
8700,8754
8599,8766
8714,8754
8788,8764
8706,8762
8690,8756
8539,8763
8744,8748
8564,8759
8572,8746
8777,8747
8729,8755
8807,8751
8797,8744
8568,8754
8787,8765
8612,8760
8528,8772
8775,8748
8633,8756
8783,8763
8725,8769
8727,8746
8729,8756
8601,8763
8779,8756
8517,8751
8706,8761
8856,8765
8612,8745
8785,8763
8641,8753
8620,8761
8704,8755
8606,8744
8710,8762
8528,8759
8762,8752
8772,8754
8616,8746
8772,8762
8571,8760
8620,8750
8607,8738
8552,8754
8697,8769
8742,8761
8734,8764
8752,8760
8545,8760
8773,8760
8594,8747
8674,8762
8806,8762
8672,8759
8757,8770
8712,8755
8741,8758
8709,8766
8581,8763
8715,8765
8587,8743
8710,8750
8775,8748
8690,8759
8718,8763
8621,8767
8708,8736
8664,8760
8618,8759
8716,8762
8584,8758
8807,8763
8763,8755
8578,8745
8797,8763
8539,8754
8582,8756
8645,8748
8620,8757
8783,8749
8708,8756
8794,8757
8762,8750
8605,8759
8753,8763
8633,8761
8695,8751
8773,8734
8714,8765
8784,8762
8678,8753
8814,8764
8694,8750
8612,8757
8756,8755
8568,8753
8743,8761
8744,8761
8719,8749
8753,8755
8578,8752
8574,8756
8631,8750
8586,8760
8758,8755
8615,8757
8735,8758
8721,8755
8598,8758
8725,8756
8601,8750
8676,8759
8637,8760
8605,8755
8733,8757
8674,8754
8797,8766
8689,8762
8574,8758
8747,8748
8613,8763
8714,8762
8803,8749
8700,8760
8804,8759
8629,8743
8779,8759
8710,8766
8637,8771
8730,8750
8602,8748
8816,8760
8819,8758
8692,8752
8781,8750
8566,8759
8688,8767
8584,8757
8603,8767
8839,8760
8599,8764
8778,8754
8717,8753
8581,8755
8762,8746
8661,8751
8586,8750
8723,8759
8612,8758
8779,8750
8685,8771
8795,8758
8693,8747
8624,8758
8674,8764
8548,8755
8728,8763
8743,8746
8734,8759
8747,8761
8559,8767
8687,8756
8648,8745
8674,8760
8761,8756
8565,8757
8784,8741
8822,8763
8638,8759
8784,8759
8679,8746
8643,8757
8704,8756
8604,8754
8674,8752
8657,8771
8759,8759
8629,8753
8552,8760
8750,8752
8609,8760
8694,8761
8792,8762
8741,8782
8865,8758
8608,8754
8833,8759
8695,8758
8600,8750
8687,8763
8632,8761
8759,8757
8748,8752
8704,8750
8685,8757
8626,8753
8743,8757
8682,8750
8683,8753
8772,8749
8684,8759
8804,8751
8745,8753
8596,8762
8739,8764
8612,8754
8681,8746
8627,8755
8678,8774
8779,8756
8607,8765
8806,8766
8590,8756
8555,8762
8680,8751
8553,8754
8758,8750
8713,8754
8732,8759
8775,8765
8633,8753
8775,8755
8668,8767
8685,8765
8701,8751
8572,8755
8799,8755
8823,8757
8672,8765
8730,8739
8619,8757
8696,8751
8665,8739
8591,8757
8693,8762
8662,8759
8689,8761
8728,8747
8636,8779
8727,8761
8736,8760
8693,8755
8639,8757
8744,8762
8722,8756
8532,8765
8792,8747
8627,8755
8604,8757
8585,8763
8572,8764
8746,8757
8725,8751
8660,8757
8693,8750
8529,8748
8629,8732
8465,8739
8556,8748
8678,8731
8448,8722
8662,8715
8438,8708
8595,8687
8423,8700
8317,8685
8537,8668
8329,8669
8458,8664
8409,8664
8357,8645
8330,8641
8384,8638
8330,8620
8368,8619
8323,8611
8341,8599
8302,8585
8305,8577
8291,8583
8320,8568
8294,8555
8291,8560
8236,8538
8185,8538
8352,8533
8169,8504
8271,8512
8294,8508
8254,8486
8242,8493
8231,8494
8407,8470
8259,8455
8268,8459
8359,8448
8223,8437
8332,8434
8331,8418
8246,8414
8288,8410
8263,8407
8230,8386
8274,8380
8252,8385
8254,8374
8165,8377
8190,8348
8183,8340
8268,8340
8396,8323
8302,8333
7992,8312
8101,8314
8079,8302
8044,8289
8131,8280
8157,8262
8150,8271
8081,8243
8048,8237
8075,8251
8165,8240
8097,8230
8090,8219
7989,8224
8084,8189
8118,8188
8106,8194
8064,8178
8043,8163
8036,8152
8063,8154
8150,8146
8191,8146
8011,8120
7993,8102
8052,8108
7969,8130
8032,8102
8045,8086
8071,8090
8099,8076
8075,8072
8090,8056
8032,8050
7996,8029
7920,8046
7938,8031
7979,8029
7916,8026
7907,7995
7920,7980
7918,7982
8020,7976
7963,7969
8057,7976
8004,7976
8066,7945
8067,7950
8091,7972
8091,7944
8093,7963
8118,7939
8105,7950
8123,7945
8124,7962
8143,7954
8153,7952
8156,7937
8161,7966
8140,7966
8148,7977
8129,7969
8154,7965
8132,7976
8154,7950
8160,7964
8145,7973
8173,7947
8167,7953
8174,7968
8165,7972
8155,7969
8170,7968
8201,7968
8150,7955
8180,7957
8173,7955
8139,7958
8184,7947
8148,7971
8184,7963
8156,7945
8158,7965
8160,7952
8166,7951
8146,7964
8140,7957
8141,7960
8130,7963
8144,7956
8145,7949
8140,7962
8063,7959
7949,7949
7816,7947
7770,7940
7637,7929
7594,7919
7467,7933
7509,7925
7439,7919
7424,7899
7375,7895
7459,7899
7404,7876
7399,7866
7410,7862
7451,7866
7469,7845
7460,7831
7464,7829
7467,7835
7421,7813
7384,7810
7341,7803
7321,7793
7351,7781
7406,7776
7386,7775
7409,7765
7421,7770
7297,7742
7317,7734
7289,7724
7363,7725
7397,7716
7350,7699
7349,7692
7317,7681
7339,7692
7411,7681
7357,7670
7286,7667
7287,7656
7315,7644
7368,7634
7234,7630
7232,7615
7367,7604
7470,7615
7118,7589
7095,7585
7270,7574
7162,7568
7088,7575
7268,7553
7233,7560
7098,7551
7157,7532
7222,7509
7141,7501
7141,7510
7233,7496
7110,7485
7211,7496
7232,7466
7097,7477
7157,7453
7189,7442
7131,7444
7244,7433
7149,7426
7133,7426
7205,7403
7049,7402
7269,7387
7103,7382
7114,7388
7143,7372
7034,7358
7219,7347
6999,7354
7170,7339
7104,7331
7166,7329
7053,7309
7048,7310
7002,7310
7120,7284
7022,7292
7022,7276
7033,7258
7058,7260
7038,7251
7075,7247
7093,7230
7020,7227
6986,7223
6968,7200
6955,7201
6984,7205
6979,7188
6977,7177
7023,7170
7096,7172
7087,7178
7018,7174
7242,7155
7210,7169
7093,7163
7186,7153
7123,7156
7254,7161
7290,7161
7244,7155
7322,7157
7159,7152
7187,7168
7088,7154
7160,7151
7352,7158
7116,7157
7301,7157
7223,7155
7124,7158
7313,7158
7171,7147
7179,7164
7152,7160
7178,7161
7310,7142
7252,7155
7371,7158
7331,7158
7172,7158
7397,7154
7233,7151
7250,7157
7309,7157
7235,7163
7310,7160
7257,7155
7303,7155
7236,7155
7141,7161
7330,7150
7117,7152
7323,7151
7238,7150
7130,7160
7205,7155
7125,7157
7184,7148
7204,7158
7141,7151
7198,7147
7157,7162
7174,7163
7199,7149
7126,7163
7204,7157
7103,7158
7173,7155
7107,7149
7170,7162
7363,7155
7121,7154
7379,7157
7272,7158
7108,7159
7277,7160
7121,7146
7262,7152
7357,7155
7208,7161
7355,7161
7189,7162
7299,7148
7148,7156
7169,7151
7374,7145
7120,7145
7262,7152
7220,7156
7210,7156
7219,7165
7192,7149
7274,7151
7194,7152
7188,7153
7373,7153
7231,7158
7361,7160
7248,7148
7093,7154
7333,7153
7146,7167
7183,7146
7123,7145
7221,7165
7320,7155
7210,7149
7316,7153
7193,7152
7167,7156
7130,7146
7190,7147
7372,7157
7183,7158
7250,7153
7235,7151
7153,7158
7296,7157
7227,7148
7143,7155
7243,7147
7131,7150
7194,7154
7234,7159
7139,7153
7287,7151
7136,7157
7171,7157
7108,7155
7180,7152
7206,7154
7240,7154
7281,7164
7151,7153
7100,7157
7228,7159
7139,7157
7305,7156
7072,7155
7292,7151
7327,7160
7103,7154
7319,7149
7120,7161
7142,7149
7198,7177
7174,7165
7302,7146
7246,7153
7180,7153
7225,7151
7220,7151
7234,7157
7233,7156
7122,7155
7328,7152
7131,7150
7313,7146
7273,7155
7261,7164
7318,7157
7090,7153
7230,7156
7082,7161
7127,7156
7333,7147
7114,7165
7276,7152
7214,7152
7180,7155
7240,7151
7191,7153
7315,7148
7182,7150
7240,7146
7259,7157
7110,7152
7286,7152
7142,7150
7182,7158
7241,7158
7112,7155
7241,7150
7249,7162
7198,7156
7253,7144
7120,7162
7216,7163
7114,7155
7166,7157
7249,7151
7184,7149
7318,7148
7195,7152
7084,7152
7259,7150
7221,7153
7229,7150
7092,7155
7200,7155
7318,7148
7114,7147
7309,7153
7124,7157
7124,7162
7170,7148
7131,7151
7234,7145
7238,7153
7220,7151
7251,7157
7282,7154
7164,7156
7209,7154
7190,7160
7363,7153
7251,7157
7286,7165
7208,7145
7224,7145
7240,7156
7111,7146
7235,7164
7086,7153
7201,7171
7317,7147
7140,7157
7382,7154
7245,7157
7078,7149
7275,7154
7161,7148
7371,7161
7153,7164
7238,7162
7252,7157
7130,7154
7284,7150
7134,7148
7191,7157
7183,7156
7246,7152
7292,7158
7205,7152
7202,7150
7313,7149
7194,7155
7243,7163
7213,7159
7199,7149
7293,7161
7151,7160
7197,7153
7186,7161
7212,7151
7209,7151
7159,7152
7318,7151
7107,7156
7242,7158
7280,7153
7303,7160
7308,7139
7092,7147
7096,7152
7138,7150
7128,7151
7318,7151
7118,7160
7238,7157
7302,7170
7204,7137
7252,7159
7232,7150
7132,7156
7204,7151
7234,7155
7261,7154
7253,7156
7221,7148
7350,7150
7237,7164
7304,7148
7171,7153
7205,7157
7271,7148
7180,7155
7324,7157
7274,7143
7316,7159
7258,7159
7135,7147
7260,7151
7169,7156
7215,7161
7216,7153
7250,7150
7269,7156
7146,7153
7171,7159
7230,7157
7283,7160
7244,7158
7250,7152
7254,7147
7282,7153
7207,7160
7225,7157
7125,7154
7174,7152
7184,7150
7058,7153
7317,7149
7279,7150
7208,7153
7283,7153
7133,7154
7259,7155
7122,7149
7183,7147
7303,7147
7229,7167
7291,7155
7126,7144
7234,7145
7158,7148
7101,7152
7288,7151
7147,7146
7220,7151
7213,7171
7235,7152
7262,7147
7161,7160
7159,7153
7221,7154
7240,7147
7268,7157
7279,7159
7249,7144
7388,7153
7190,7158
7295,7148
7128,7155
7188,7157
7289,7160
7166,7158
7323,7155
7266,7147
7364,7174
7233,7150
7077,7150
7354,7155
7082,7157
7215,7166
7247,7156
7198,7150
7310,7160
7201,7146
7148,7156
7293,7166
7260,7154
7227,7167
7276,7164
7174,7146
7261,7159
7214,7157
7291,7150
7186,7148
7156,7161
7206,7160
7150,7156
7301,7153
7212,7145
7229,7162
7247,7145
7113,7152
7289,7156
7203,7165
7233,7144
7367,7148
7183,7157
7372,7157
7186,7152
7297,7151
7096,7157
7114,7157
7310,7163
7115,7154
7244,7162
7203,7170
7228,7153
7241,7160
7135,7148
7207,7161
7214,7158
7191,7154
7331,7152
7076,7159
7323,7156
7413,7151
7137,7160
7389,7152
7162,7153
7154,7161
7185,7157
7152,7158
7316,7150
7254,7158
7297,7151
7258,7147
7158,7165
7308,7149
7183,7169
7368,7161
7409,7177
7469,7179
7477,7180
7371,7179
7494,7195
7410,7203
7487,7208
7494,7199
7485,7215
7502,7221
7434,7241
7575,7254
7500,7258
7540,7277
7539,7256
7644,7274
7582,7280
7585,7297
7535,7284
7631,7314
7558,7312
7624,7324
7527,7334
7669,7339
7632,7346
7668,7348
7603,7361
7652,7371
7590,7382
7493,7390
7715,7401
7653,7400
7609,7412
7581,7423
7682,7436
7681,7437
7606,7440
7644,7443
7658,7443
7653,7474
7748,7479
7723,7481
7699,7496
7693,7499
7697,7509
7772,7510
7758,7516
7736,7527
7708,7538
7799,7547
7682,7551
7706,7548
7750,7577
7751,7583
7693,7591
7840,7613
7797,7611
7782,7609
7752,7608
7858,7634
7851,7633
7767,7634
7733,7644
7835,7648
7855,7679
7851,7664
7745,7675
7808,7707
7884,7699
7902,7706
7883,7714
7797,7719
7786,7732
7900,7730
8007,7745
7931,7754
7909,7779
7797,7764
7812,7791
7856,7776
7933,7812
7949,7808
7960,7812
7935,7828
7950,7818
7935,7850
7894,7837
7898,7840
7919,7869
7957,7869
7976,7870
7997,7894
7993,7894
8023,7910
8055,7906
8047,7914
8085,7954
8030,7908
7981,7929
7983,7931
7915,7942
7960,7931
7894,7956
7888,7978
7839,7953
7873,7964
7871,7956
7893,7958
7869,7973
7779,7973
7818,7950
7831,7954
7852,7930
7789,7953
7796,7962
7810,7952
7795,7951
7819,7955
7790,7946
7784,7943
7799,7961
7767,7953
7785,7968
7763,7957
7805,7952
7818,7955
7804,7958
7792,7954
7794,7947
7793,7935
7787,7964
7792,7953
7795,7949
7780,7960
7762,7939
7766,7949
7769,7951
7804,7946
7767,7951
7827,7952
7797,7942
7792,7967
7823,7954
7819,7943
7817,7957
7821,7969
7828,7963
7848,7966
7875,7956
8036,7938
8124,7965
8199,7964
8337,7969
8356,7969
8430,7976
8445,7994
8402,7979
8473,8006
8504,8018
8470,8011
8473,8034
8481,8045
8437,8041
8432,8048
8396,8070
8399,8064
8375,8093
8448,8079
8502,8083
8517,8104
8550,8115
8563,8112
8544,8125
8453,8119
8423,8154
8401,8162
8519,8150
8596,8163
8641,8162
8554,8181
8536,8195
8547,8207
8637,8213
8683,8205
8649,8221
8578,8233
8581,8247
8652,8248
8672,8258
8613,8262
8646,8278
8590,8280
8717,8286
8678,8292
8590,8308
8590,8315
8723,8316
8640,8332
8454,8341
8643,8348
8807,8361
8634,8359
8684,8368
8797,8371
8662,8366
8716,8384
8762,8399
8704,8413
8639,8409
8728,8429
8691,8425
8718,8441
8727,8437
8648,8455
8695,8464
8807,8474
8711,8473
8742,8481
8724,8489
8646,8504
8826,8515
8674,8518
8786,8517
8816,8525
8914,8533
8747,8549
8727,8558
8836,8571
8716,8574
8872,8588
8806,8582
8885,8612
8735,8606
8866,8607
8848,8633
8948,8639
8889,8632
8933,8635
8857,8652
8887,8654
8896,8666
8945,8673
8820,8699
9012,8701
8920,8693
8869,8703
8962,8717
8839,8725
8838,8739
8817,8740
8839,8740
8726,8735
8631,8753
8806,8751
8572,8759
8705,8748
8773,8736
8703,8750
8745,8754
8670,8752
8631,8761
8637,8754
8664,8753
8762,8750
8649,8757
8824,8757
8700,8756
8597,8770
8627,8753
8597,8759
8735,8759
8610,8766
8661,8740
8728,8759
8594,8761
8785,8756
8647,8757
8592,8761
8714,8753
8586,8755
8624,8767
8648,8754
8726,8757
8636,8751
8552,8754
8708,8747
8598,8766
8650,8756
8732,8748
8555,8746
8754,8768
8712,8754
8761,8762
8713,8748
8559,8765
8777,8754
8579,8756
8667,8755
8831,8763
8694,8751
8813,8755
8630,8756
8579,8759
8761,8759
8666,8756
8627,8772
8634,8751
8734,8755
8756,8752
8643,8763
8770,8762
8673,8754
8727,8768
8601,8757
8603,8761
8764,8749
8681,8756
8787,8761
8721,8767
8542,8749
8842,8753
8597,8760
8669,8760
8808,8752
8581,8752
8805,8756
8742,8750
8776,8754
8668,8759
8604,8761
8781,8740
8570,8754
8685,8773
8707,8755
8668,8760
8728,8758
8627,8756
8680,8747
8706,8765
8626,8761
8742,8762
8707,8761
8804,8758
8745,8757
8592,8753
8747,8768
8682,8754
8596,8762
8727,8761
8598,8755
8746,8757
8743,8767
8742,8755
8724,8742
8617,8757
8758,8760
8634,8755
8718,8751
8788,8749
8742,8755
8774,8762
8675,8763
8615,8754
8706,8748
8562,8745
8717,8752
8581,8752
8713,8755
8815,8771
8624,8754
8784,8763
8599,8757
8640,8762
8693,8754
8623,8759
8756,8760
8732,8754
8824,8764
8741,8750
8596,8754
8786,8760
8594,8752
8641,8757
8764,8762
8526,8748
8834,8757
8800,8756
8735,8761
8778,8751
8666,8763
8701,8753
8652,8744
8693,8767
8683,8748
8652,8762
8723,8772
8661,8760
8608,8759
8655,8764
8558,8756
8752,8749
8593,8761
8734,8759
8698,8752
8533,8755
8777,8749
8598,8763
8645,8747
8572,8754
8618,8765
8834,8756
8659,8751
8783,8760
8733,8751
8571,8746
8794,8757
8625,8760
8732,8755
8843,8755
8663,8761
8774,8765
8656,8753
8761,8766
8686,8765
8566,8763
8738,8753
8542,8747
8633,8757
8765,8743
8638,8757
8753,8760
8600,8752
8577,8757
8660,8755
8589,8755
8713,8749
8664,8755
8716,8752
8725,8759
8616,8749
8743,8751
8566,8757
8662,8756
8614,8759
8635,8764
8853,8754
8725,8758
8823,8749
8735,8753
8592,8741
8770,8756
8613,8746
8646,8757
8741,8753
8607,8757
8751,8749
8714,8766
8677,8762
8709,8758
8606,8767
8798,8758
8567,8755
8720,8748
8712,8755
8721,8754
8719,8753
8495,8760
8610,8753
8661,8761
8630,8755
8773,8766
8517,8758
8826,8771
8676,8764
8581,8755
8823,8753
8543,8736
8685,8759
8662,8751
8655,8754
8815,8757
8716,8761
8799,8761
8693,8760
8590,8753
8769,8754
8582,8755
8719,8765
8800,8758
8672,8752
8805,8750
8629,8755
8651,8759
8625,8745
8571,8761
8817,8755
8580,8753
8672,8765
8798,8764
8576,8756
8748,8757
8573,8753
8628,8761
8621,8757
8672,8755
8755,8756
8697,8756
8816,8754
8657,8760
8611,8758
8793,8755
8571,8755
8610,8746
8788,8762
8623,8748
8814,8757
8752,8752
8712,8749
8673,8757
8648,8765
8738,8760
8527,8745
8769,8759
8727,8760
8777,8750
8740,8753
8609,8761
8689,8759
8651,8771
8631,8756
8794,8753
8573,8746
8733,8749
8670,8745
8526,8746
8786,8758
8608,8748
8692,8753
8645,8753
8677,8760
8810,8760
8691,8759
8809,8763
8768,8757
8580,8768
8744,8751
8659,8752
8709,8760
8783,8758
8646,8763
8768,8758
8614,8766
8762,8759
8637,8749
8620,8760
8833,8746
8569,8756
8763,8749
8678,8760
8723,8765
8744,8757
8642,8760
8690,8758
8639,8748
8638,8750
8769,8749
8690,8758
8830,8754
8700,8758
8625,8758
8724,8760
8592,8761
8737,8763
8497,8762
8608,8763
8841,8767
8704,8762
8768,8773
8709,8749
8583,8759
8717,8755
8632,8759
8790,8749
8806,8755
8687,8738
8779,8758
8626,8751
8790,8767
8612,8754
8565,8750
8797,8761
8562,8761
8735,8749
8683,8759
8739,8760
8724,8751
8578,8744
8704,8759
8638,8750
8727,8762
8784,8764
8645,8747
8793,8762
8659,8757
8627,8759
8714,8748
8652,8748
8720,8759
8841,8756
8615,8767
8850,8772
8649,8746
8822,8756
8639,8762
8669,8759
8819,8753
8610,8760
8830,8762
8726,8748
8749,8761
8785,8759
8617,8764
8659,8742
8641,8754
8552,8769
8781,8761
8635,8757
8707,8762
8759,8763
8642,8759
8718,8773
8646,8748
8642,8756
8658,8765
8701,8766
8718,8754
8689,8747
8717,8763
8619,8747
8696,8762
8719,8754
8627,8755
8804,8770
8733,8761
8701,8764
8805,8759
8654,8748
8780,8761
8609,8757
8555,8751
8733,8753
8606,8755
8732,8759
8632,8749
8588,8753
8636,8740
8465,8754
8574,8728
8370,8729
8501,8729
8628,8713
8467,8712
8546,8697
8380,8696
8364,8688
8282,8684
8376,8670
8540,8662
8274,8658
8357,8650
8337,8643
8335,8641
8378,8642
8363,8617
8287,8610
8285,8599
8307,8580
8330,8586
8276,8575
8315,8567
8271,8562
8245,8552
8278,8541
8174,8535
8371,8531
8204,8517
8191,8514
8293,8507
8243,8491
8336,8490
8244,8488
8291,8473
8262,8463
8227,8469
8371,8449
8244,8429
8239,8434
8297,8442
8243,8424
8278,8409
8287,8402
8232,8390
8274,8386
8260,8389
8233,8368
8145,8364
8247,8365
8081,8334
8256,8332
8411,8342
8453,8330
8201,8316
8093,8306
8188,8306
8181,8290
8091,8275
8186,8256
8156,8252
8143,8267
8068,8246
8079,8232
8123,8238
8170,8224
8074,8216
8039,8232
8052,8211
8130,8164
8135,8191
8084,8175
8027,8148
8049,8153
7955,8150
8120,8138
8176,8141
8043,8133
8079,8109
8006,8112
7964,8110
7991,8067
7985,8089
8042,8090
8096,8076
8131,8072
8062,8056
8047,8035
8021,8037
8007,8033
7943,7989
7980,8040
7914,8006
7910,8007
7894,7992
7906,7986
7923,7962
7941,7964
8036,7971
8030,7974
8050,7960
8041,7945
8054,7946
8074,7953
8079,7940
8075,7965
8095,7946
8090,7952
8115,7959
8110,7961
8124,7952
8143,7972
8149,7958
8164,7956
8138,7963
8153,7972
8183,7975
8159,7951
8146,7955
8176,7957
8191,7968
8159,7951
8159,7941
8132,7955
8201,7950
8181,7952
8138,7953
8169,7943
8142,7960
8167,7961
8193,7964
8158,7940
8136,7952
8176,7963
8142,7949
8158,7955
8153,7946
8160,7955
8152,7965
8125,7959
8131,7959
8133,7954
8156,7951
8145,7970
8151,7952
8109,7941
8087,7940
7957,7949
7867,7954
7747,7941
7652,7923
7591,7910
7598,7946
7524,7933
7416,7911
7504,7906
7419,7897
7421,7905
7420,7874
7432,7883
7424,7872
7425,7870
7453,7849
7480,7843
7483,7851
7478,7817
7442,7814
7372,7804
7322,7816
7333,7802
7363,7781
7368,7785
7409,7768
7369,7765
7423,7761
7296,7750
7339,7738
7307,7724
7412,7716
7444,7709
7405,7716
7307,7698
7285,7689
7272,7667
7368,7675
7344,7680
7271,7659
7292,7649
7286,7660
7357,7640
7374,7643
7299,7607
7341,7614
7396,7609
7405,7608
7083,7592
7264,7580
7284,7567
7127,7566
7256,7544
7215,7549
7239,7544
7160,7546
7258,7525
7235,7518
7132,7519
7185,7504
7144,7483
7111,7477
7195,7491
7134,7469
7050,7466
7235,7451
7120,7453
7249,7436
7195,7417
7068,7419
7173,7419
7139,7406
7157,7393
7201,7388
7095,7373
7224,7374
7010,7368
7242,7371
7149,7351
7107,7338
7144,7335
7181,7325
7110,7327
7056,7323
6979,7296
6973,7284
7086,7284
7050,7277
7019,7278
6967,7259
7042,7252
7066,7247
7016,7232
6953,7235
7028,7232
6969,7212
6913,7215
7013,7194
6942,7193
7004,7177
7022,7174
7093,7176
7066,7175
7153,7167
7217,7164
7175,7149
7115,7159
7130,7148
7114,7161
7274,7155
7122,7154
7237,7142
7243,7155
7153,7162
7221,7160
7095,7164
7200,7156
6989,7160
7129,7161
7331,7151
7272,7161
7346,7148
7326,7149
7125,7163
7436,7151
7135,7153
7260,7149
7326,7160
7225,7150
7343,7155
7300,7164
7285,7151
7358,7156
7249,7149
7300,7153
7266,7147
7255,7155
7288,7155
7216,7149
7348,7153
7229,7154
7197,7157
7174,7152
7199,7162
7320,7142
7142,7163
7215,7151
7164,7143
7131,7154
7237,7154
7127,7158
7133,7154
7250,7157
7208,7159
7224,7157
7161,7159
7271,7160
7166,7146
7052,7169
7180,7160
7065,7153
7231,7156
7349,7152
7184,7159
7358,7157
7223,7154
7299,7158
7227,7148
7147,7169
7300,7153
7191,7146
7219,7164
7297,7154
7296,7161
7280,7166
7109,7156
7207,7153
7116,7147
7196,7157
7295,7164
7148,7166
7259,7148
7262,7154
7172,7139
7336,7138
7159,7148
7158,7162
7201,7159
7250,7163
7303,7150
7157,7160
7306,7157
7274,7155
7185,7160
7211,7149
7175,7161
7316,7159
7309,7159
7228,7153
7384,7157
7178,7161
7413,7163
7112,7155
7142,7153
7356,7149
7128,7164
7253,7163
7152,7152
7260,7153
7242,7153
7116,7149
7166,7158
7208,7153
7211,7157
7236,7150
7175,7151
7186,7161
7243,7148
7130,7150
7215,7156
7144,7155
7222,7153
7158,7150
7239,7145
7307,7148
7151,7154
7339,7156
7257,7150
7150,7156
7260,7146
7140,7157
7295,7164
7297,7156
7236,7160
7173,7163
7107,7178
7202,7160
7060,7153
7183,7155
7301,7153
7177,7157
7214,7157
7221,7158
7311,7132
7243,7155
7223,7152
7213,7163
7139,7148
7225,7152
7357,7156
7223,7151
7281,7144
7296,7162
7161,7154
7292,7157
7127,7153
7253,7148
7301,7158
7222,7159
7305,7154
7147,7150
7360,7163
7150,7155
7201,7156
7295,7160
7115,7160
7229,7165
7190,7146
7284,7150
7233,7161
7161,7148
7146,7162
7186,7144
7168,7158
7203,7158
7160,7156
7210,7153
7190,7159
7115,7159
7187,7152
7144,7157
7221,7152
7230,7164
7260,7168
7349,7147
7143,7144
7294,7156
7250,7157
7198,7156
7214,7164
7074,7149
7305,7158
7297,7147
7216,7161
7250,7152
7122,7161
7273,7153
7112,7149
7161,7158
7285,7156
7149,7158
7258,7175
7186,7158
7192,7165
7156,7157
7237,7146
7258,7148
7153,7147
7288,7161
7336,7157
7207,7143
7329,7154
7309,7150
7112,7158
7360,7159
7133,7146
7199,7150
7174,7145
7196,7164
7325,7154
7110,7155
7320,7165
7175,7145
7209,7144
7173,7155
7190,7156
7306,7149
7244,7139
7232,7158
7286,7163
7163,7145
7251,7152
7156,7154
7224,7150
7292,7144
7206,7155
7243,7154
7247,7162
7285,7154
7246,7156
7174,7164
7130,7154
7250,7155
7127,7147
7249,7151
7214,7153
7235,7163
7156,7149
7171,7155
7204,7156
7123,7156
7310,7146
7115,7162
7365,7154
7267,7150
7047,7160
7268,7147
7098,7151
7210,7157
7093,7154
7152,7163
7245,7156
7271,7156
7159,7154
7224,7154
7202,7153
7202,7166
7161,7152
7246,7155
7270,7159
7179,7156
7322,7159
7241,7153
7356,7165
7312,7156
7073,7152
7197,7157
7204,7152
7166,7159
7345,7147
7135,7152
7305,7159
7229,7145
7219,7156
7218,7153
7224,7152
7234,7145
7086,7158
7271,7159
7300,7172
7097,7155
7237,7150
7183,7152
7292,7148
7134,7156
7225,7157
7271,7162
7219,7155
7280,7162
7231,7160
7080,7142
7216,7153
7109,7160
7130,7164
7351,7156
7156,7164
7259,7179
7167,7158
7116,7157
7216,7154
7101,7136
7294,7148
7064,7158
7319,7159
7297,7153
7114,7158
7268,7155
7127,7157
7180,7152
7168,7157
7191,7147
7244,7151
7272,7172
7221,7142
7295,7159
7163,7164
7237,7150
7243,7165
7286,7154
7269,7157
7207,7161
7283,7156
7239,7157
7307,7153
7230,7158
7107,7150
7281,7156
7151,7156
7212,7167
7340,7164
7165,7148
7318,7152
7183,7149
7154,7160
7219,7146
7166,7147
7271,7152
7108,7152
7323,7160
7302,7155
7153,7140
7308,7157
7259,7157
7200,7156
7292,7159
7337,7154
7235,7171
7292,7158
7282,7152
7311,7158
7178,7156
7259,7162
7160,7143
7183,7156
7330,7140
7185,7157
7236,7155
7202,7152
7308,7154
7260,7164
7193,7147
7250,7159
7111,7141
7287,7152
7289,7146
7274,7170
7266,7160
7075,7165
7160,7157
7156,7152
7130,7160
7257,7147
7173,7161
7284,7160
7304,7151
7204,7162
7268,7156
7196,7151
7241,7157
7218,7156
7112,7146
7243,7159
7316,7156
7271,7153
7260,7142
7125,7153
7266,7161
7152,7148
7171,7136
7375,7161
7190,7156
7389,7150
7318,7156
7353,7154
7324,7150
7270,7153
7332,7165
7318,7168
7447,7168
7415,7183
7463,7184
7487,7188
7403,7188
7471,7197
7491,7194
7482,7232
7516,7231
7442,7231
7520,7247
7572,7250
7576,7254
7537,7266
7575,7267
7524,7264
7560,7276
7552,7296
7606,7304
7521,7308
7589,7314
7566,7328
7657,7343
7665,7334
7644,7348
7571,7363
7673,7373
7630,7377
7555,7376
7702,7390
7678,7395
7660,7403
7655,7409
7634,7429
7670,7433
7594,7448
7718,7431
7693,7450
7685,7467
7702,7476
7617,7478
7681,7496
7757,7501
7699,7513
7677,7492
7738,7509
7800,7525
7813,7539
7721,7561
7639,7560
7660,7563
7730,7564
7795,7577
7658,7572
7729,7596
7823,7597
7773,7607
7701,7612
7795,7628
7872,7624
7764,7631
7740,7649
7817,7661
7863,7657
7825,7671
7764,7699
7801,7703
7889,7698
7864,7710
7910,7714
7797,7724
7851,7737
7856,7724
7894,7758
7904,7753
7893,7770
7820,7774
7834,7811
7855,7789
7929,7795
7918,7794
7952,7812
7981,7818
7917,7825
7919,7819
7870,7829
7899,7857
7874,7865
7965,7866
7968,7857
7986,7890
8010,7904
8029,7877
8034,7919
8015,7912
8053,7921
8008,7914
8006,7940
8018,7921
7970,7930
7994,7926
7913,7941
7884,7958
7883,7946
7844,7959
7852,7961
7847,7959
7873,7959
7848,7951
7810,7952
7864,7961
7878,7977
7807,7934
7822,7960
7831,7960
7823,7929
7807,7959
7820,7942
7827,7946
7828,7988
7795,7966
7809,7960
7786,7938
7766,7945
7802,7948
7772,7944
7799,7951
7794,7961
7796,7961
7789,7955
7772,7951
7757,7954
7786,7957
7795,7966
7794,7964
7763,7957
7754,7962
7779,7968
7788,7960
7815,7962
7792,7949
7819,7951
7785,7953
7822,7960
7814,7957
7816,7957
7844,7964
7924,7967
7996,7964
8126,7973
8203,7956
8311,7960
8365,7975
8391,7991
8414,7991
8420,8028
8451,7999
8484,8016
8459,8031
8452,8030
8474,8034
8457,8031
8453,8051
8470,8064
8407,8067
8404,8083
8443,8088
8439,8096
8499,8115
8542,8114
8566,8120
8494,8113
8489,8123
8460,8150
8452,8149
8515,8153
8578,8162
8601,8179
8615,8180
8579,8196
8509,8194
8531,8204
8602,8214
8639,8223
8620,8231
8566,8242
8624,8253
8660,8256
8694,8264
8621,8269
8542,8296
8650,8285
8697,8295
8657,8303
8633,8318
8662,8315
8644,8324
8500,8325
8600,8343
8651,8344
8686,8355
8675,8374
8771,8366
8596,8368
8619,8394
8738,8401
8762,8409
8654,8415
8634,8423
8715,8411
8655,8433
8749,8451
8712,8443
8615,8462
8718,8473
8706,8472
8760,8481
8811,8498
8714,8497
8825,8505
8784,8520
8762,8519
8790,8544
8822,8542
8813,8554
8745,8557
8849,8565
8800,8566
8837,8582
8773,8584
8860,8592
8844,8601
8845,8615
8864,8625
8862,8617
8871,8644
8886,8648
8839,8648
8897,8674
8887,8668
8949,8660
8911,8683
8985,8692
8881,8709
8874,8721
8869,8722
8850,8725
8921,8729
8793,8727
8842,8736
8701,8743
8687,8737
8663,8750
8587,8749
8744,8744
8681,8746
8755,8745
8713,8745
8610,8757
8741,8753
8617,8738
8746,8757
8582,8748
8682,8750
8791,8759
8597,8744
8808,8761
8593,8757
8585,8762
8627,8763
8610,8756
8742,8756
8740,8744
8630,8752
8823,8753
8647,8757
8793,8759
8661,8760
8564,8757
8789,8764
8542,8757
8762,8759
8639,8755
8705,8757
8626,8743
8641,8761
8672,8753
8637,8767
8623,8748
8744,8733
8626,8750
8827,8755
8626,8754
8512,8748
8785,8756
8602,8762
8702,8758
8546,8753
8670,8757
8772,8751
8689,8765
8740,8757
8641,8760
8709,8766
8614,8753
8663,8755
8795,8748
8752,8759
8714,8763
8769,8752
8605,8759
8847,8753
8630,8750
8607,8751
8772,8758
8640,8778
8774,8754
8687,8755
8698,8761
8741,8752
8563,8752
8776,8753
8540,8760
8664,8759
8814,8749
8728,8744
8884,8761
8605,8748
8613,8767
8659,8762
8580,8766
8690,8764
8558,8749
8694,8756
8778,8760
8601,8745
8826,8757
8679,8759
8599,8753
8636,8761
8657,8756
8844,8766
8673,8752
8734,8764
8697,8773
8671,8750
8736,8763
8595,8757
8585,8767
8762,8761
8639,8748
8808,8761
8657,8747
8765,8754
8727,8748
8558,8753
8721,8755
8574,8743
8721,8755
8774,8749
8767,8750
8826,8757
8693,8762
8658,8760
8685,8748
8670,8756
8777,8755
8703,8745
8747,8773
8719,8748
8560,8756
8824,8756
8595,8755
8665,8750
8727,8755
8648,8748
8815,8759
8695,8762
8760,8756
8762,8764
8633,8768
8718,8758
8568,8759
8564,8763
8845,8755
8609,8756
8741,8755
8709,8756
8645,8754
8704,8757
8624,8753
8747,8753
8674,8749
8690,8758
8742,8754
8640,8758
8778,8762
8648,8767
8672,8759
8631,8753
8648,8756
8863,8753
8679,8759
8748,8765
8703,8753
8630,8758
8778,8757
8595,8763
8571,8750
8782,8758
8650,8760
8815,8755
8608,8758
8705,8769
8693,8760
8525,8756
8801,8746
8564,8753
8731,8752
8814,8760
8642,8757
8790,8751
8660,8770
8560,8756
8726,8749
8608,8752
8668,8767
8665,8746
8621,8756
8738,8749
8599,8758
8803,8759
8626,8753
8646,8761
8601,8753
8691,8752
8764,8756
8686,8752
8701,8756
8725,8751
8529,8775
8777,8763
8571,8757
8621,8768
8820,8752
8616,8759
8787,8761
8719,8761
8745,8750
8696,8750
8639,8761
8703,8750
8584,8742
8701,8752
8722,8752
8694,8750
8744,8756
8646,8749
8663,8764
8613,8747
8640,8758
8779,8767
8626,8757
8790,8755
8718,8765
8557,8742
8805,8768
8579,8755
8605,8754
8625,8735
8599,8761
8793,8762
8720,8749
8652,8758
8700,8763
8645,8741
8677,8759
8581,8757
8730,8752
8837,8769
8728,8755
8781,8764
8618,8756
8788,8761
8675,8757
8571,8757
8768,8747
8605,8756
8724,8750
8797,8758
8707,8757
8811,8757
8632,8758
8650,8761
8590,8754
8656,8763
8734,8760
8620,8760
8724,8753
8699,8751
8526,8768
8772,8766
8545,8758
8648,8767
8580,8756
8688,8765
8838,8754
8676,8759
8754,8754
8671,8759
8559,8763
8793,8765
8585,8758
8674,8759
8817,8747
8633,8752
8715,8763
8623,8755
8802,8747
8678,8757
8563,8752
8758,8756
8632,8766
8776,8760
8678,8761
8806,8760
8782,8761
8541,8761
8687,8746
8523,8756
8591,8756
8830,8759
8581,8761
8766,8763
8807,8753
8630,8767
8780,8748
8660,8757
8726,8762
8705,8769
8700,8757
8781,8763
8642,8754
8755,8756
8633,8774
8577,8758
8770,8761
8549,8755
8685,8753
8753,8751
8694,8750
8745,8762
8599,8749
8638,8767
8609,8753
8604,8758
8748,8753
8618,8763
8735,8766
8671,8760
8607,8757
8730,8756
8608,8759
8683,8761
8607,8752
8748,8761
8833,8752
8623,8751
8871,8762
8717,8763
8594,8758
8748,8754
8580,8759
8676,8762
8815,8766
8652,8760
8787,8757
8642,8761
8799,8757
8691,8763
8545,8760
8762,8761
8592,8756
8730,8755
8773,8754
8727,8750
8688,8774
8603,8754
8669,8748
8600,8751
8619,8762
8801,8750
8652,8756
8774,8760
8702,8752
8548,8762
8821,8755
8625,8758
8692,8762
8632,8757
8677,8762
8783,8752
8641,8751
8677,8753
8694,8749
8697,8744
8649,8745
8540,8755
8753,8751
8850,8749
8670,8763
8774,8763
8559,8780
8786,8760
8590,8754
8574,8758
8843,8750
8609,8743
8802,8758
8773,8758
8616,8748
8770,8749
8620,8751
8641,8754
8676,8759
8689,8759
8822,8765
8644,8764
8759,8759
8706,8765
8620,8753
8749,8750
8591,8769
8699,8759
8642,8757
8659,8753
8799,8754
8681,8753
8727,8768
8697,8749
8632,8755
8655,8754
8605,8763
8744,8763
8712,8755
8678,8766
8694,8753
8581,8761
8729,8755
8605,8760
8707,8760
8787,8759
8601,8743
8704,8759
8587,8743
8622,8747
8522,8731
8332,8730
8617,8734
8297,8723
8514,8712
8569,8700
8389,8694
8490,8682
8282,8684
8451,8692
8289,8668
8338,8659
8344,8652
8409,8641
8317,8632
8345,8622
8325,8627
8325,8615
8301,8604
8277,8591
8285,8586
8284,8586
8209,8576
8314,8570
8262,8568
8311,8558
8355,8534
8187,8527
8247,8520
8238,8524
8280,8512
8301,8506
8311,8491
8187,8491
8215,8484
8385,8474
8241,8450
8301,8456
8337,8440
8273,8434
8321,8438
8248,8420
8244,8403
8285,8409
8241,8392
8241,8390
8288,8381
8212,8374
8258,8355
8262,8333
8134,8354
8163,8338
8337,8327
8421,8316
8230,8322
8011,8295
8220,8305
8105,8297
8069,8283
8070,8279
8125,8253
8173,8258
8061,8245
8005,8244
8106,8235
8124,8228
8076,8230
8044,8212
8078,8199
8121,8189
8150,8174
8063,8179
8041,8172
8060,8158
7963,8154
8117,8163
8173,8137
8141,8132
7963,8131
7983,8098
7976,8115
8033,8103
8010,8091
8062,8086
8070,8081
8101,8076
8068,8076
8039,8042
8010,8057
8000,8070
7972,8049
7925,8017
7913,8002
7939,8006
7932,7982
7908,7970
7898,7984
7970,7975
7994,7985
8029,7973
8069,7977
8052,7967
8097,7962
8045,7970
8105,7964
8076,7953
8079,7969
8108,7956
8134,7939
8131,7972
8147,7948
8156,7952
8137,7957
8158,7949
8153,7963
8141,7944
8155,7954
8152,7942
8155,7954
8163,7957
8159,7934
8172,7956
8189,7970
8166,7964
8147,7940
8146,7942
8169,7967
8151,7963
8168,7964
8167,7979
8158,7943
8166,7951
8148,7963
8163,7947
8178,7952
8154,7967
8168,7970
8149,7953
8206,7969
8151,7956
8143,7966
8160,7954
8158,7952
8157,7943
8145,7945
8127,7934
8067,7954
8036,7960
7915,7962
7797,7950
7695,7946
7632,7934
7628,7936
7510,7928
7549,7916
7537,7927
7445,7903
7451,7900
7418,7882
7432,7870
7404,7871
7438,7860
7409,7858
7489,7848
7451,7817
7483,7821
7486,7824
7370,7812
7382,7812
7357,7799
7356,7793
7338,7796
7427,7778
7381,7758
7395,7754
7439,7754
7353,7734
7323,7734
7333,7729
7365,7709
7403,7711
7345,7701
7299,7693
7292,7690
7384,7675
7383,7670
7325,7672
7265,7663
7310,7660
7323,7647
7339,7629
7316,7615
7191,7604
7259,7615
7490,7598
7118,7585
7149,7571
7304,7599
7085,7569
7121,7560
7252,7562
7260,7533
7085,7530
7206,7521
7265,7518
7105,7512
7138,7505
7235,7509
7124,7489
7253,7492
7252,7477
7132,7463
7240,7457
7166,7442
7050,7437
7205,7431
7118,7425
7189,7424
7177,7393
7153,7400
7262,7389
7176,7382
7217,7368
7008,7355
7061,7369
7184,7346
7099,7339
7158,7326
7041,7329
7149,7334
7025,7313
7098,7306
6962,7294
7078,7284
7032,7283
7075,7272
6947,7264
7074,7255
6998,7253
7087,7250
7013,7231
6927,7223
6951,7221
6935,7200
6984,7193
6958,7203
6997,7188
7021,7172
7080,7174
7121,7167
7155,7166
7224,7155
7107,7160
7228,7159
7096,7161
7114,7167
7167,7153
7129,7152
7305,7154
7119,7154
7313,7157
7246,7166
7038,7163
7161,7160
7025,7154
7292,7153
7106,7147
7152,7140
7375,7156
7227,7155
7356,7159
7350,7166
7102,7169
7346,7160
7183,7154
7264,7160
7300,7154
7221,7161
7341,7159
7254,7149
7383,7183
7192,7158
7184,7159
7325,7157
7081,7163
7262,7158
7342,7142
7201,7155
7385,7164
7179,7162
7180,7155
7232,7151
7234,7154
7283,7151
7096,7153
7302,7149
7202,7156
7171,7167
7257,7156
7240,7154
7249,7145
7104,7144
7175,7155
7276,7142
7143,7157
7318,7160
7093,7154
7088,7157
7224,7157
7026,7163
7207,7146
7271,7151
7262,7163
7296,7156
7107,7157
7364,7153
7226,7148
7156,7145
7389,7144
7093,7150
7378,7148
7262,7155
7294,7153
7186,7164
7110,7155
7243,7158
7179,7155
7196,7159
7261,7156
7168,7155
7252,7140
7307,7159
7193,7153
7277,7150
7175,7133
7308,7140
7086,7150
7256,7148
7332,7152
7209,7144
7324,7146
7173,7150
7175,7153
7234,7147
7135,7151
7264,7153
7316,7165
7318,7158
7351,7153
7079,7153
7331,7158
7156,7155
7189,7153
7251,7150
7137,7162
7262,7171
7203,7146
7217,7159
7239,7153
7229,7144
7254,7152
7188,7153
7227,7147
7236,7144
7169,7152
7330,7153
7202,7151
6994,7154
7250,7138
7156,7150
7220,7147
7142,7153
7165,7147
7212,7162
7146,7148
7309,7159
7195,7149
7198,7154
7143,7160
7180,7150
7334,7154
7195,7154
7342,7154
7229,7149
7106,7150
7280,7162
7139,7148
7206,7154
7250,7157
7163,7152
7310,7154
7284,7154
7274,7147
7307,7150
7110,7133
7300,7162
7058,7156
7177,7171
7290,7153
7160,7160
7260,7147
7212,7165
7153,7154
7233,7158
7165,7161
7240,7158
7140,7153
7277,7152
7283,7170
7121,7153
7289,7167
7137,7159
7204,7160
7144,7151
7069,7153
7276,7153
7196,7150
7241,7153
7240,7164
7241,7153
7273,7143
7267,7151
7215,7144
7202,7151
7151,7159
7333,7150
7115,7154
7151,7159
7168,7151
7098,7156
7267,7145
7098,7150
7173,7143
7295,7158
7220,7154
7260,7146
7284,7149
7159,7161
7223,7172
7130,7163
7198,7158
7203,7155
7262,7162
7225,7155
7096,7157
7248,7151
7113,7153
7159,7132
7258,7153
7208,7158
7244,7157
7186,7152
7257,7154
7263,7152
7128,7164
7315,7145
7209,7146
7226,7154
7291,7155
7193,7155
7313,7140
7252,7156
7134,7141
7257,7155
7165,7155
7211,7157
7121,7153
7281,7154
7306,7163
7139,7152
7286,7160
7112,7147
7228,7157
7146,7143
7102,7156
7289,7147
7232,7149
7307,7161
7218,7158
7133,7146
7298,7164
7312,7159
7163,7148
7196,7158
7177,7161
7254,7172
7201,7159
7248,7155
7166,7148
7218,7138
7268,7158
7141,7145
7268,7145
7249,7158
7137,7155
7289,7155
7202,7154
7151,7152
7189,7158
7170,7162
7304,7145
7147,7157
7276,7165
7189,7160
7070,7151
7190,7170
7044,7153
7196,7154
7194,7162
7201,7154
7183,7161
7199,7158
7239,7156
7166,7159
7123,7154
7295,7153
7180,7150
7174,7152
7313,7156
7141,7149
7321,7157
7270,7160
7315,7162
7269,7156
7162,7162
7230,7159
7116,7163
7228,7160
7342,7154
7217,7160
7268,7151
7170,7156
7204,7158
7139,7163
7148,7159
7230,7161
7155,7147
7280,7155
7229,7155
7145,7151
7258,7150
7209,7156
7220,7155
7177,7156
7144,7144
7233,7158
7219,7153
7218,7158
7224,7156
7195,7149
7280,7151
7141,7156
7276,7161
7294,7146
7163,7159
7345,7156
7119,7159
7396,7156
7238,7149
7028,7145
7340,7157
7006,7161
7239,7156
7308,7152
7157,7152
7255,7162
7101,7154
7197,7156
7175,7154
7151,7158
7185,7160
7257,7167
7229,7162
7224,7151
7185,7154
7324,7151
7265,7157
7190,7153
7182,7165
7214,7154
7318,7158
7188,7155
7372,7167
7225,7157
7132,7176
7266,7152
7069,7150
7239,7158
7354,7156
7264,7165
7335,7157
7167,7156
7324,7156
7169,7158
7161,7157
7321,7161
7104,7153
7344,7157
7277,7144
7221,7154
7240,7156
7197,7150
7324,7159
7190,7168
7151,7149
7258,7152
7187,7144
7253,7165
7302,7139
7118,7146
7353,7154
7157,7151
7209,7154
7248,7156
7161,7146
7302,7161
7209,7148
7282,7161
7189,7139
7099,7148
7406,7157
7130,7158
7396,7153
7250,7144
7232,7154
7269,7152
7112,7164
7200,7153
7200,7156
7169,7159
7237,7155
7187,7152
7259,7162
7267,7147
7166,7151
7307,7157
7205,7145
7149,7155
7175,7154
7146,7160
7289,7155
7232,7152
7326,7154
7258,7151
7146,7155
7313,7142
7182,7157
7274,7157
7329,7169
7226,7157
7348,7159
7213,7157
7405,7156
7238,7155
7305,7169
7462,7153
7371,7171
7511,7186
7456,7191
7473,7190
7428,7191
7478,7213
7510,7210
7454,7216
7543,7243
7516,7239
7583,7251
7474,7249
7554,7267
7501,7274
7565,7268
7585,7292
7600,7286
7559,7292
7619,7299
7581,7316
7625,7324
7491,7335
7614,7339
7645,7348
7613,7363
7612,7359
7623,7374
7544,7379
7670,7377
7733,7397
7659,7398
7678,7398
7597,7432
7714,7427
7671,7438
7661,7435
7729,7455
7608,7467
7711,7461
7765,7466
7695,7482
7749,7507
7771,7504
7681,7515
7740,7513
7843,7525
7631,7532
7660,7540
7696,7546
7727,7554
7663,7564
7753,7570
7728,7584
7714,7593
7881,7598
7788,7608
7746,7612
7760,7613
7885,7625
7845,7639
7791,7649
7744,7640
7850,7662
7817,7649
7869,7667
7769,7678
7867,7696
7853,7697
7894,7697
7829,7722
7838,7716
7841,7723
7929,7740
7965,7740
7963,7771
7815,7755
7777,7794
7846,7789
7822,7788
7924,7784
7928,7804
7962,7806
7889,7835
7899,7840
7926,7839
7864,7820
7907,7835
7895,7883
7956,7863
7960,7888
8004,7895
8009,7894
8000,7893
8049,7905
8059,7898
8024,7922
8038,7922
8006,7929
7932,7942
7878,7949
7905,7927
7884,7944
7927,7969
7826,7936
7885,7920
7830,7957
7912,7938
7845,7966
7838,7957
7833,7950
7825,7953
7843,7953
7835,7952
7825,7955
7831,7945
7817,7938
7838,7928
7789,7927
7820,7948
7814,7948
7788,7973
7825,7958
7826,7963
7786,7944
7798,7945
7791,7980
7788,7963
7797,7956
7795,7957
7789,7976
7763,7951
7787,7933
7773,7960
7789,7960
7754,7948
7774,7966
7784,7965
7785,7935
7804,7943
7793,7947
7776,7955
7794,7954
7819,7938
7840,7966
7823,7967
7814,7979
7874,7960
7965,7949
8060,7956
8141,7952
8177,7978
8364,7983
8389,7982
8389,7986
8420,7993
8465,8009
8445,8010
8480,8019
8479,8020
8457,8022
8426,8033
8474,8066
8451,8047
8441,8058
8384,8079
8398,8088
8446,8097
8484,8097
8501,8111
8568,8118
8533,8137
8498,8126
8436,8146
8433,8139
8450,8145
8656,8163
8651,8170
8616,8180
8558,8180
8486,8206
8569,8202
8666,8208
8628,8217
8595,8236
8620,8232
8629,8254
8650,8253
8689,8240
8627,8248
8573,8270
8636,8287
8704,8283
8619,8284
8555,8298
8632,8306
8650,8317
8633,8331
8465,8344
8675,8354
8789,8349
8484,8361
8629,8370
8677,8377
8752,8382
8684,8394
8736,8402
8631,8410
8643,8414
8755,8416
8644,8428
8694,8438
8783,8446
8601,8454
8833,8454
8756,8469
8707,8472
8807,8495
8688,8490
8662,8500
8747,8504
8770,8522
8836,8533
8673,8539
8811,8551
8825,8554
8766,8548
8802,8570
8843,8563
8857,8577
8823,8593
8856,8604
8758,8603
8916,8625
8858,8625
8865,8633
8868,8639
8928,8650
8842,8646
8954,8665
8818,8665
8886,8687
8939,8690
8904,8686
8982,8708
8903,8720
8952,8716
8782,8727
8814,8722
8836,8738
8857,8736
8869,8743
8644,8745
8842,8754
8683,8749
8747,8753
8813,8755
8619,8759
8800,8760
8714,8743
8719,8759
8737,8749
8573,8754
8792,8750
8551,8748
8744,8755
8852,8753
8610,8775
8779,8755
8576,8763
8629,8744
8649,8738
8606,8763
8657,8755
8620,8762
8622,8749
8678,8749
8635,8761
8744,8768
8605,8741
8605,8747
8599,8759
8656,8760
8760,8760
8575,8755
8746,8760
8697,8742
8561,8757
8698,8745
8527,8757
8619,8757
8807,8757
8669,8746
8779,8748
8658,8753
8770,8749
8699,8754
8598,8763
8783,8757
8590,8754
8759,8763
8743,8746
8637,8769
8739,8766
8657,8756
8641,8754
8659,8751
8622,8755
8733,8766
8600,8745
8757,8750
8705,8751
8494,8754
8768,8754
8550,8740
8653,8752
8651,8761
8688,8768
8768,8757
8710,8742
8734,8752
8703,8752
8608,8769
8708,8757
8656,8757
8853,8761
8786,8746
8774,8760
8855,8763
8597,8752
8607,8766
8635,8755
8560,8749
8687,8755
8580,8757
8663,8761
8740,8768
8681,8761
8767,8765
8608,8751
8631,8757
8633,8759
8646,8761
8753,8763
8631,8757
8779,8759
8697,8759
8559,8757
8701,8751
8535,8761
8673,8754
8856,8756
8611,8761
8834,8758
8663,8758
8833,8769
8835,8766
8602,8757
8770,8745
8650,8763
8718,8761
8797,8756
8650,8754
8735,8768
8632,8753
8659,8770
8663,8757
8608,8766
8748,8755
8602,8756
8751,8740
8748,8764
8547,8748
8728,8756
8499,8750
8671,8760
8606,8734
8644,8759
8825,8755
8733,8759
8794,8761
8739,8754
8544,8768
8764,8755
8645,8759
8709,8765
8773,8761
8690,8757
8795,8763
8643,8752
8806,8748
8692,8755
8622,8768
8716,8757
8577,8758
8728,8764
8822,8757
8639,8770
8764,8757
8623,8768
8690,8761
8584,8761
8613,8761
8732,8750
8636,8759
8747,8746
8656,8748
8499,8758
8780,8752
8606,8770
8708,8752
8569,8749
8641,8762
8780,8751
8630,8758
8815,8765
8687,8757
8572,8759
8821,8752
8581,8755
8705,8757
8760,8752
8648,8753
8738,8760
8652,8756
8722,8757
8723,8765
8611,8756
8715,8748
8569,8750
8666,8741
8734,8749
8716,8753
8674,8763
8469,8742
8710,8759
8553,8763
8554,8752
8797,8746
8569,8753
8777,8752
8735,8756
8530,8756
8747,8751
8616,8756
8677,8759
8693,8757
8698,8767
8778,8755
8639,8754
8801,8755
8689,8770
8617,8767
8653,8767
8548,8750
8770,8755
8823,8762
8685,8749
8778,8762
8590,8767
8629,8765
8674,8750
8681,8759
8765,8762
8604,8753
8761,8763
8712,8744
8578,8759
8749,8760
8584,8759
8675,8760
8580,8739
8651,8762
8725,8754
8655,8749
8806,8752
8686,8756
8623,8754
8786,8751
8584,8758
8736,8754
8768,8750
8705,8753
8770,8757
8651,8754
8817,8766
8715,8754
8661,8762
8779,8750
8565,8759
8773,8748
8785,8756
8708,8748
8747,8757
8612,8765
8739,8765
8591,8754
8668,8756
8748,8763
8576,8755
8730,8756
8768,8758
8597,8756
8724,8759
8568,8761
8686,8759
8628,8752
8633,8758
8784,8751
8671,8760
8775,8758
8680,8752
8634,8761
8658,8754
8623,8771
8752,8759
8738,8748
8741,8761
8776,8758
8631,8742
8777,8756
8618,8761
8689,8760
8814,8748
8584,8750
8805,8760
8747,8737
8766,8759
8711,8765
8548,8756
8672,8770
8607,8753
8627,8757
8746,8750
8637,8772
8780,8758
8648,8756
8552,8768
8753,8760
8648,8758
8750,8758
8595,8755
8656,8751
8773,8763
8640,8746
8813,8759
8699,8770
8594,8754
8710,8749
8582,8758
8765,8752
8741,8746
8739,8748
8743,8759
8577,8759
8718,8749
8664,8755
8679,8752
8717,8758
8587,8756
8753,8760
8704,8747
8753,8763
8648,8758
8515,8754
8792,8754
8591,8758
8655,8756
8819,8756
8637,8763
8840,8754
8657,8757
8555,8768
8687,8759
8596,8759
8687,8757
8682,8767
8716,8757
8763,8759
8645,8747
8786,8764
8643,8755
8712,8761
8607,8760
8620,8763
8776,8758
8736,8753
8795,8751
8725,8750
8542,8754
8786,8763
8628,8753
8653,8754
8717,8746
8644,8757
8756,8741
8741,8759
8756,8769
8661,8750
8645,8749
8791,8755
8614,8759
8708,8761
8695,8767
8670,8749
8804,8767
8632,8758
8593,8764
8708,8771
8618,8751
8759,8761
8568,8746
8808,8752
8786,8752
8561,8768
8793,8771
8503,8757
8594,8763
8647,8744
8513,8755
8722,8758
8750,8749
8725,8765
8644,8751
8590,8750
8743,8763
8623,8749
8638,8761
8790,8754
8643,8759
8809,8763
8730,8747
8746,8777
8721,8757
8570,8748
8626,8757
8696,8753
8632,8759
8729,8749
8657,8754
8701,8760
8646,8755
8689,8756
8663,8749
8625,8753
8768,8753
8621,8764
8859,8760
8705,8761
8578,8765
8760,8757
8596,8766
8643,8765
8734,8753
8491,8761
8622,8749
8455,8741
8714,8741
8486,8723
8344,8719
8632,8714
8325,8705
8495,8704
8472,8691
8477,8686
8447,8680
8324,8678
8412,8655
8361,8657
8418,8658
8332,8634
8380,8628
8333,8629
8354,8618
8281,8604
8317,8601
8232,8594
8320,8576
8298,8574
8289,8563
8235,8554
8260,8559
8285,8544
8180,8538
8300,8515
8190,8529
8220,8512
8288,8500
8261,8496
8318,8483
8211,8487
8371,8481
8318,8467
8248,8466
8277,8449
8216,8446
8267,8433
8261,8425
8225,8426
8207,8419
8205,8397
8219,8396
8291,8386
8254,8378
8265,8364
8238,8363
8272,8357
8143,8349
8281,8336
8383,8337
8400,8311
8097,8309
8175,8314
8291,8299
8171,8290
8117,8265
8151,8275
8209,8262
8132,8249
8065,8240
8040,8242
8138,8217
8101,8235
8110,8217
7986,8208
8070,8197
8114,8187
8155,8163
8061,8179
8037,8177
8013,8139
7959,8151
8159,8146
8165,8146
8079,8120
8083,8126
8005,8093
7988,8106
7975,8089
8023,8082
8054,8082
8084,8076
8084,8048
8039,8045
8028,8059
8025,8051
7983,8035
7954,8030
7950,8021
7945,8005
7882,8005
7876,7994
8020,7997
7940,7977
7940,7980
8004,7941
8045,7968
8046,7960
8080,7979
8081,7938
8091,7955
8076,7978
8081,7981
8114,7935
8117,7945
8137,7950
8111,7948
8120,7971
8117,7943
8125,7958
8153,7944
8153,7967
8169,7958
8125,7958
8143,7934
8171,7958
8169,7979
8169,7978
8161,7970
8161,7961
8138,7951
8159,7951
8177,7954
8164,7969
8165,7963
8165,7958
8167,7953
8173,7960
8159,7947
8159,7951
8154,7955
8157,7955
8144,7967
8149,7969
8167,7956
8164,7960
8139,7951
8180,7963
8127,7960
8150,7956
8142,7971
8141,7952
8116,7958
8007,7950
8022,7952
7838,7965
7729,7943
7622,7943
7585,7927
7496,7933
7560,7914
7429,7905
7436,7912
7450,7904
7420,7880
7436,7872
7427,7876
7437,7866
7423,7870
7454,7840
7444,7847
7465,7839
7429,7820
7406,7821
7361,7800
7355,7805
7355,7801
7355,7781
7437,7780
7411,7772
7395,7778
7427,7762
7328,7758
7329,7736
7310,7736
7394,7727
7399,7710
7414,7709
7340,7712
7312,7696
7313,7682
7398,7679
7326,7662
7260,7657
7264,7656
7350,7639
7327,7643
7316,7627
7192,7618
7261,7616
7296,7600
7270,7591
7139,7589
7286,7585
7208,7570
7076,7572
7238,7554
7205,7553
7203,7555
7177,7522
7235,7524
7207,7521
7144,7504
7224,7503
7175,7487
7140,7474
7209,7477
7051,7453
7088,7465
7268,7448
7140,7447
7164,7423
7169,7429
7143,7412
7169,7410
6997,7414
7212,7397
7120,7389
7033,7387
7228,7378
7083,7381
7218,7347
7012,7361
7147,7345
7072,7334
7088,7313
7111,7311
7093,7309
6963,7311
7051,7285
7044,7297
7075,7268
7052,7287
6997,7258
7028,7241
7102,7230
6997,7231
6914,7221
6956,7229
6965,7217
6892,7196
6996,7197
6939,7184
7038,7175
7077,7180
7085,7154
7032,7166
7041,7167
7136,7166
7180,7162
7079,7157
7168,7167
7138,7155
7239,7165
7067,7138
7166,7156
7321,7151
7126,7161
7345,7169
7134,7157
7276,7167
7186,7159
7074,7154
7248,7157
7143,7164
7196,7159
7299,7151
7206,7151
7404,7156
7224,7154
7102,7164
7244,7165
7182,7154
7298,7155
7161,7140
7268,7164
7410,7166
7217,7154
7363,7153
7331,7157
7212,7159
7288,7156
7150,7154
7254,7144
7254,7147
7272,7155
7212,7151
7185,7136
7279,7153
7086,7156
7140,7147
7251,7170
7187,7161
7253,7158
7187,7168
7196,7175
7292,7156
7143,7157
7163,7155
7109,7148
7198,7156
7256,7157
7162,7150
7277,7146
7134,7155
7138,7157
7229,7148
7166,7151
7280,7153
7110,7154
7276,7159
7345,7150
7179,7158
7402,7156
7195,7166
7143,7158
7146,7145
7116,7147
7366,7161
7208,7161
7231,7152
7202,7158
7145,7156
7246,7154
7148,7178
7156,7156
7210,7157
7194,7155
7268,7150
7248,7152
7255,7157
7296,7152
7150,7151
7279,7149
7080,7161
7308,7160
7337,7154
7148,7128
7415,7151
7193,7147
7176,7140
7225,7167
7098,7150
7306,7157
7271,7158
7372,7153
7226,7149
7174,7152
7273,7158
7093,7141
7189,7160
7303,7156
7143,7152
7237,7153
7195,7161
7195,7148
7176,7155
7191,7161
7270,7163
7155,7158
7128,7157
7261,7154
7207,7159
7295,7156
7175,7157
7138,7149
7244,7148
7141,7151
7224,7159
7140,7154
7251,7161
7290,7140
7192,7154
7293,7163
7103,7145
7211,7161
7131,7157
7192,7145
7382,7164
7159,7154
7314,7161
7248,7155
7127,7157
7246,7147
7160,7151
7168,7158
7267,7147
7171,7157
7220,7161
7258,7157
7230,7165
7301,7161
7138,7156
7247,7157
7122,7165
7230,7165
7272,7153
7283,7152
7360,7148
7169,7144
7115,7160
7276,7156
7079,7154
7228,7147
7144,7154
7250,7158
7307,7150
7160,7151
7273,7154
7116,7157
7197,7160
7082,7153
7186,7159
7305,7153
7182,7148
7227,7150
7146,7142
7211,7154
7186,7158
7114,7158
7157,7158
7293,7161
7230,7153
7286,7161
7056,7138
7336,7160
7208,7147
7029,7158
7217,7158
7064,7154
7190,7153
7324,7146
7223,7149
7329,7151
7161,7151
7140,7156
7209,7144
7183,7150
7358,7153
7177,7148
7354,7146
7222,7151
7090,7148
7246,7148
7151,7157
7266,7161
7059,7158
7208,7146
7250,7150
7271,7154
7225,7161
7302,7155
7168,7155
7231,7167
7124,7150
7222,7156
7256,7152
7220,7154
7288,7160
7098,7156
7383,7155
7191,7156
7140,7153
7378,7144
7085,7160
7320,7165
7298,7147
7323,7156
7321,7163
7149,7147
7134,7153
7139,7147
7184,7164
7297,7149
7141,7151
7235,7148
7232,7159
7304,7148
7217,7153
7232,7149
7161,7152
7175,7148
7205,7139
7254,7147
7227,7145
7245,7167
7206,7152
7090,7164
7259,7156
7097,7160
7179,7149
7278,7152
7225,7152
7333,7152
7188,7168
7278,7161
7186,7154
7217,7161
7305,7149
7134,7140
7333,7162
7188,7157
7252,7153
7275,7151
7159,7150
7157,7153
7202,7144
7227,7158
7303,7159
7235,7155
7296,7160
7281,7148
7209,7150
7290,7155
7084,7158
7108,7158
7231,7151
7083,7150
7296,7154
7253,7151
7311,7161
7207,7174
7145,7162
7333,7158
7080,7161
7274,7155
7250,7147
7321,7169
7340,7157
7102,7162
7165,7164
7152,7155
7182,7150
7293,7155
7137,7153
7241,7149
7229,7155
7249,7165
7253,7156
7202,7150
7199,7156
7126,7148
7214,7155
7264,7156
7175,7155
7319,7167
7226,7154
7110,7163
7244,7145
7081,7165
7205,7146
7289,7160
7143,7153
7333,7153
7231,7146
7283,7167
7172,7154
7169,7155
7319,7155
7094,7161
7271,7156
7183,7147
7256,7143
7292,7151
7152,7164
7209,7169
7237,7147
7273,7158
7258,7147
7279,7162
7287,7148
7239,7144
7211,7161
7291,7153
7131,7156
7264,7147
7083,7146
7148,7158
7356,7146
7199,7150
7292,7152
7227,7144
7132,7175
7272,7161
7189,7160
7330,7157
7263,7150
7332,7137
7307,7146
7124,7159
7266,7156
7116,7156
7121,7165
7325,7154
7124,7154
7261,7144
7248,7154
7255,7160
7278,7151
7213,7154
7198,7155
7228,7153
7199,7155
7274,7157
7133,7148
7277,7161
7298,7154
7195,7149
7226,7145
7189,7155
7194,7156
7084,7149
7200,7149
7296,7156
7210,7160
7317,7154
7172,7134
7194,7151
7167,7145
7144,7151
7201,7167
7203,7181
7303,7154
7265,7158
7158,7146
7269,7168
7157,7158
7265,7150
7217,7152
7239,7166
7188,7162
7236,7145
7288,7153
7345,7168
7142,7150
7221,7156
7168,7144
7219,7159
7412,7160
7154,7152
7339,7159
7321,7158
7115,7157
7422,7168
7185,7151
7285,7172
7180,7149
7211,7155
7336,7139
7240,7160
7376,7165
7306,7158
7386,7165
7282,7173
7371,7179
7509,7195
7425,7202
7442,7208
7489,7208
7478,7211
7488,7220
7496,7235
7592,7243
7475,7252
7540,7268
7483,7266
7591,7265
7545,7285
7569,7284
7547,7301
7617,7289
7577,7311
7649,7334
7578,7329
7641,7334
7607,7353
7613,7343
7568,7351
7662,7369
7701,7392
7525,7388
7719,7401
7673,7403
7634,7405
7596,7426
7635,7411
7706,7433
7573,7447
7678,7457
7682,7446
7711,7454
7754,7467
7684,7479
7707,7476
7782,7490
7724,7509
7702,7527
7775,7529
7738,7529
7711,7531
7911,7527
7728,7552
7710,7562
7614,7573
7739,7590
7714,7586
7716,7589
7791,7604
7778,7601
7728,7606
7744,7624
7807,7631
7777,7642
7738,7637
7814,7647
7888,7657
7816,7666
7804,7688
7824,7676
7875,7698
7915,7710
7880,7712
7823,7702
7840,7719
7880,7719
7883,7753
7910,7726
7951,7766
7802,7753
7857,7781
7854,7792
7936,7772
7928,7791
7940,7793
7899,7832
7911,7817
7926,7843
7907,7815
7860,7836
7896,7864
7955,7885
8006,7878
8022,7868
8019,7893
7985,7905
8059,7908
8102,7894
8056,7932
8049,7939
7907,7932
7982,7926
7996,7943
7960,7928
7911,7971
7864,7942
7908,7952
7843,7936
7869,7953
7885,7967
7815,7937
7842,7966
7833,7923
7831,7940
7800,7955
7828,7970
7800,7974
7802,7961
7818,7939
7808,7940
7817,7961
7805,7949
7815,7953
7801,7980
7809,7970
7816,7945
7813,7967
7786,7963
7799,7954
7805,7953
7790,7985
7797,7959
7778,7935
7780,7953
7777,7947
7792,7967
7758,7958
7781,7959
7783,7966
7783,7955
7767,7958
7771,7945
7792,7959
7765,7977
7812,7951
7807,7946
7820,7944
7815,7961
7820,7975
7831,7962
7918,7964
8037,7959
8080,7964
8192,7970
8323,7961
8308,7956
8378,7984
8411,8008
8432,7997
8445,8008
8491,8007
8476,8018
8469,8030
8466,8035
8435,8055
8417,8054
8416,8056
8454,8084
8385,8075
8402,8090
8462,8093
8523,8102
8533,8096
8528,8122
8491,8136
8452,8136
8451,8158
8452,8159
8571,8153
8597,8167
8685,8166
8611,8186
8575,8195
8535,8209
8648,8224
8664,8216
8656,8226
8585,8223
8551,8246
8649,8233
8660,8255
8667,8259
8590,8260
8582,8295
8705,8283
8651,8291
8593,8298
8607,8311
8735,8315
8631,8340
8454,8326
8517,8349
8700,8353
8581,8361
8588,8366
8611,8379
8684,8377
8767,8386
8700,8404
8720,8417
8670,8410
8682,8406
8730,8426
8657,8440
8736,8441
8789,8455
8672,8460
8779,8481
8768,8486
8686,8488
8696,8484
8628,8507
8845,8504
8763,8516
8843,8526
8835,8541
8779,8548
8870,8552
8761,8557
8839,8576
8738,8568
8880,8582
8901,8600
8831,8599
8795,8607
8921,8611
8906,8620
8927,8634
8831,8632
8911,8645
8902,8660
8957,8668
8890,8661
8920,8666
8844,8681
8964,8689
8818,8704
8932,8721
8953,8719
8798,8720
8959,8732
8749,8742
8817,8743
8749,8739
8837,8752
8772,8751
8577,8750
8730,8753
8604,8747
8597,8764
8640,8749
8566,8753
8749,8765
8667,8745
8787,8762
8618,8760
8575,8749
8699,8745
8574,8747
8642,8749
8719,8762
8683,8773
8753,8747
8608,8754
8804,8754
8675,8746
8615,8767
8729,8757
8663,8756
8750,8767
8840,8748
8614,8761
8753,8751
8594,8769
8680,8768
8522,8756
8620,8761
8791,8754
8566,8752
8711,8759
8667,8754
8471,8762
8747,8747
8534,8750
8708,8752
8577,8759
8668,8746
8773,8752
8619,8755
8826,8762
8614,8753
8615,8753
8636,8758
8625,8747
8748,8751
8790,8737
8689,8770
8777,8756
8656,8765
8818,8750
8707,8748
8595,8758
8757,8755
8607,8756
8817,8760
8690,8750
8744,8757
8683,8752
8665,8747
8741,8755
8590,8750
8654,8743
8816,8756
8603,8762
8811,8754
8614,8750
8514,8765
8815,8755
8541,8756
8718,8762
8560,8757
8738,8764
8784,8753
8546,8751
8718,8757
8579,8748
8554,8756
8662,8761
8597,8776
8780,8754
8780,8755
8670,8752
8776,8767
8695,8754
8719,8770
8600,8755
8643,8753
8748,8769
8679,8758
8815,8751
8710,8753
8515,8769
8733,8752
8584,8761
8708,8755
8530,8746
8638,8762
8795,8752
8772,8745
8794,8752
8636,8756
8683,8748
8717,8756
8604,8761
8743,8752
8731,8758
8754,8762
8768,8757
8573,8757
8840,8755
8649,8750
8618,8766
8783,8764
8599,8756
8899,8761
8720,8753
8740,8766
8722,8750
8613,8756
8717,8760
8606,8756
8578,8752
8796,8758
8653,8757
8865,8768
8680,8748
8562,8753
8744,8762
8546,8762
8764,8759
8585,8751
8698,8746
8793,8752
8668,8760
8751,8751
8723,8759
8642,8769
8687,8761
8671,8761
8706,8765
8742,8759
8680,8748
8746,8754
8573,8766
8820,8761
8596,8752
8690,8755
8768,8752
8705,8750
8827,8763
8686,8747
8797,8752
8719,8756
8540,8769
8728,8757
8514,8765
8598,8769
8879,8749
8564,8753
8804,8761
8696,8762
8606,8750
8675,8743
8537,8762
8741,8755
8604,8750
8726,8769
8718,8759
8644,8757
8817,8752
8674,8759
8630,8760
8632,8760
8562,8756
8767,8754
8694,8754
8749,8748
8735,8746
8550,8749
8722,8771
8570,8752
8596,8754
8750,8752
8636,8760
8815,8757
8679,8755
8730,8765
8715,8761
8634,8758
8763,8760
8556,8757
8708,8765
8813,8763
8673,8755
8800,8751
8627,8761
8617,8752
8710,8754
8589,8752
8659,8758
8605,8763
8761,8756
8784,8755
8579,8758
8819,8767
8608,8753
8608,8750
8633,8749
8687,8756
8771,8744
8703,8753
8732,8762
8744,8749
8505,8749
8788,8752
8604,8760
8678,8769
8845,8752
8628,8754
8853,8751
8717,8768
8813,8770
8739,8752
8624,8758
8745,8767
8629,8754
8674,8767
8734,8757
8721,8740
8719,8750
8611,8748
8626,8758
8656,8758
8651,8755
8787,8754
8650,8755
8810,8759
8741,8747
8546,8763
8838,8744
8637,8758
8645,8745
8583,8750
8577,8767
8801,8748
8689,8748
8736,8760
8741,8746
8630,8757
8743,8748
8600,8766
8695,8765
8752,8753
8754,8767
8774,8761
8600,8766
8786,8757
8694,8764
8563,8762
8738,8757
8634,8757
8808,8757
8746,8760
8720,8762
8785,8756
8568,8755
8697,8749
8565,8759
8639,8756
8813,8759
8640,8760
8775,8750
8692,8761
8603,8754
8776,8750
8627,8752
8697,8760
8608,8760
8730,8762
8882,8749
8694,8765
8822,8771
8786,8750
8627,8753
8726,8754
8587,8768
8603,8761
8777,8759
8625,8754
8694,8756
8709,8751
8780,8759
8658,8755
8588,8752
8739,8754
8654,8780
8784,8760
8660,8758
8744,8759
8699,8756
8622,8760
8676,8749
8534,8749
8643,8758
8770,8759
8624,8752
8658,8762
8798,8754
8634,8768
8791,8762
8679,8757
8699,8757
8580,8750
8705,8766
8812,8753
8627,8751
8763,8752
8690,8752
8654,8757
8763,8759
8582,8762
8725,8763
8807,8760
8695,8758
8761,8753
8612,8753
8623,8753
8590,8754
8594,8769
8791,8756
8621,8760
8747,8763
8696,8741
8626,8749
8763,8767
8580,8754
8673,8763
8650,8749
8724,8760
8796,8756
8603,8760
8771,8760
8683,8761
8630,8761
8691,8750
8607,8757
8702,8759
8836,8750
8592,8756
8797,8761
8679,8753
8775,8749
8626,8748
8598,8761
8808,8762
8570,8754
8767,8759
8669,8740
8711,8758
8746,8754
8576,8762
8634,8757
8610,8766
8615,8752
8781,8757
8645,8759
8729,8770
8751,8754
8581,8758
8829,8752
8601,8769
8695,8766
8665,8752
8689,8762
8771,8747
8695,8753
8654,8753
8729,8756
8700,8756
8674,8769
8622,8757
8709,8751
8736,8754
8655,8755
8725,8755
8610,8764
8717,8760
8648,8772
8705,8746
8820,8769
8621,8753
8764,8728
8710,8757
8756,8751
8758,8753
8522,8750
8539,8753
8502,8751
8590,8737
8682,8754
8507,8730
8676,8734
8389,8718
8346,8714
8448,8694
8367,8699
8459,8690
8303,8682
8552,8683
8391,8668
8343,8664
8389,8664
8379,8645
8348,8637
8341,8628
8327,8619
8326,8598
8294,8600
8289,8597
8297,8584
8308,8580
8304,8578
8326,8552
8241,8555
8352,8545
8313,8534
8308,8536
8222,8521
8178,8518
8280,8510
8301,8501
8373,8487
8253,8488
8258,8473
8322,8467
8222,8458
8341,8459
8272,8444
8219,8441
8281,8414
8259,8429
8227,8422
8284,8409
8227,8402
8263,8393
8272,8385
8256,8374
8234,8384
8270,8348
8229,8342
8213,8353
8365,8328
8414,8325
8307,8323
8023,8300
8312,8303
8108,8296
8073,8276
8068,8289
8158,8258
8127,8267
8079,8250
8057,8261
8075,8239
8189,8234
8104,8216
7984,8203
8045,8211
8068,8197
8102,8185
8126,8193
8064,8168
7950,8169
7955,8165
8062,8139
8133,8153
8114,8132
7992,8122
7969,8130
7980,8112
7968,8109
7967,8101
8032,8097
8054,8092
8077,8075
8049,8061
8057,8045
8061,8050
8009,8046
7954,8026
7961,8018
7943,8025
7895,8007
7920,8009
7908,7985
7914,7995
7999,7972
7987,7977
8006,7969
8010,7968
8018,7963
8093,7967
8085,7951
8101,7957
8077,7950
8113,7954
8125,7953
8140,7943
8126,7957
8119,7967
8158,7964
8127,7983
8153,7960
8174,7958
8153,7953
8133,7949
8138,7954
8145,7969
8159,7954
8144,7960
8178,7973
8149,7938
8157,7965
8151,7962
8158,7956
8148,7983
8164,7965
8180,7938
8166,7962
8163,7951
8163,7962
8174,7972
8153,7954
8165,7941
8174,7953
8158,7952
8172,7972
8164,7970
8159,7949
8165,7958
8133,7955
8130,7943
8128,7963
8143,7958
8113,7936
8123,7959
8036,7943
7853,7946
7811,7940
7707,7956
7577,7938
7632,7934
7528,7924
7476,7921
7458,7890
7462,7910
7436,7905
7440,7872
7444,7882
7375,7856
7452,7858
7476,7852
7466,7837
7496,7831
7465,7842
7423,7836
7407,7816
7350,7798
7330,7808
7309,7792
7287,7798
7413,7791
7418,7769
7416,7768
7364,7758
7297,7741
7302,7742
7299,7727
7387,7713
7397,7722
7320,7700
7308,7695
7297,7687
7348,7668
7400,7682
7288,7672
7309,7655
7297,7656
7353,7636
7328,7637
7242,7620
7278,7619
7209,7609
7483,7592
7124,7586
7184,7593
7267,7573
7154,7569
7151,7557
7220,7546
7240,7534
7096,7530
7170,7524
7202,7519
7149,7506
7172,7505
7195,7497
7130,7492
7179,7478
7257,7473
7139,7469
7182,7451
7195,7438
7177,7443
7244,7437
7098,7419
7200,7419
7079,7420
7009,7407
7171,7383
7075,7391
7138,7385
7079,7364
7138,7344
7115,7348
7011,7334
7203,7338
7111,7333
7167,7319
7034,7318
7095,7315
7067,7308
7136,7273
7013,7276
7064,7268
7008,7265
7037,7242
6958,7220
7032,7236
7102,7224
7039,7220
7011,7210
6947,7205
6969,7199
6918,7197
7050,7176
6963,7160
7006,7174
7057,7174
7134,7174
7045,7157
6958,7161
7125,7156
7134,7166
7213,7165
7202,7155
7258,7158
7267,7154
7055,7166
7142,7157
7185,7154
7181,7160
7297,7143
7126,7152
7370,7161
7278,7147
7121,7148
7246,7153
7192,7151
7239,7168
7233,7139
7185,7155
7378,7149
7226,7155
7342,7150
7278,7147
7086,7158
7329,7162
7155,7145
7266,7142
7311,7157
7262,7154
7337,7166
7221,7169
7284,7150
7262,7156
7171,7148
7327,7147
7150,7158
7312,7153
7274,7153
7310,7151
7199,7154
7110,7158
7196,7152
7130,7159
7128,7153
7217,7149
7133,7159
7185,7149
7315,7138
7181,7160
7150,7154
7127,7152
7247,7162
7058,7147
7216,7163
7327,7153
7059,7157
7340,7156
7107,7148
7110,7155
7325,7145
7070,7152
7287,7151
7375,7160
7234,7167
7332,7153
7075,7155
7180,7162
7171,7152
7180,7161
7258,7155
7172,7158
7373,7159
7234,7156
7195,7154
7240,7160
7229,7150
7270,7141
7189,7151
7285,7151
7334,7156
7246,7165
7367,7153
7135,7159
7101,7162
7217,7155
7113,7154
7259,7155
7305,7164
7210,7158
7302,7152
7139,7155
7329,7160
7222,7144
7201,7143
7362,7149
7155,7160
7289,7159
7258,7157
7342,7162
7212,7149
7079,7157
7185,7153
7136,7153
7136,7159
7257,7149
7181,7143
7254,7160
7247,7155
7093,7150
7255,7140
7108,7161
7234,7153
7157,7153
7200,7171
7240,7156
7203,7163
7222,7148
7131,7163
7149,7169
7188,7154
7105,7158
7283,7145
7254,7160
7283,7155
7293,7162
7099,7150
7303,7168
7147,7157
7216,7148
7251,7163
7148,7150
7329,7157
7222,7148
7285,7152
7243,7141
7212,7164
7194,7159
7236,7151
7243,7160
7252,7150
7118,7143
7336,7161
7187,7154
7104,7156
7238,7147
7134,7154
7272,7159
7067,7163
7170,7159
7273,7154
7202,7161
7255,7143
7176,7150
7189,7163
7219,7159
7125,7160
7263,7156
7161,7140
7355,7148
7208,7160
7024,7155
7240,7158
7151,7150
7165,7159
7199,7142
7225,7145
7269,7154
7237,7161
7254,7157
7202,7148
7090,7149
7245,7144
7103,7140
7249,7160
7254,7153
7166,7163
7245,7157
7174,7152
7121,7163
7176,7154
7093,7154
7280,7152
7168,7149
7271,7155
7355,7160
7124,7163
7341,7162
7108,7147
7174,7142
7160,7145
7141,7152
7202,7151
7216,7160
7234,7159
7228,7159
7152,7163
7254,7161
7259,7149
7175,7156
7265,7153
7190,7162
7388,7161
7210,7155
7295,7158
7224,7152
7189,7151
7244,7150
7163,7154
7261,7153
7359,7155
7157,7159
7299,7157
7184,7156
7111,7151
7209,7151
7089,7155
7344,7150
7137,7170
7332,7154
7271,7149
7090,7142
7276,7149
7168,7156
7158,7152
7230,7159
7190,7157
7198,7157
7232,7150
7270,7157
7167,7157
7108,7166
7288,7152
7168,7159
7222,7155
7232,7151
7201,7146
7335,7158
7277,7144
7134,7161
7220,7148
7157,7160
7242,7150
7183,7162
7301,7156
7264,7154
7116,7157
7301,7155
7030,7157
7222,7162
7056,7159
7136,7156
7289,7154
7206,7152
7279,7157
7266,7143
7119,7150
7269,7157
7202,7156
7251,7150
7273,7148
7156,7157
7318,7153
7266,7155
7277,7158
7256,7153
7169,7155
7219,7154
7186,7143
7175,7162
7351,7157
7247,7157
7270,7151
7167,7154
7074,7170
7255,7155
7167,7156
7358,7165
7115,7161
7275,7166
7231,7150
7089,7173
7247,7154
7108,7158
7154,7159
7167,7154
7164,7143
7156,7148
7186,7160
7202,7156
7178,7159
7127,7166
7231,7153
7192,7145
7160,7154
7326,7152
7221,7156
7410,7159
7198,7167
7361,7154
7226,7153
7032,7162
7236,7162
7067,7153
7209,7160
7301,7146
7192,7150
7317,7148
7119,7146
7225,7149
7150,7158
7129,7157
7325,7148
7110,7164
7248,7156
7251,7170
7169,7155
7194,7145
7167,7141
7189,7163
7157,7151
7138,7153
7322,7156
7256,7158
7282,7159
7332,7152
7156,7152
7358,7160
7191,7148
7217,7154
7302,7143
7268,7173
7355,7146
7178,7156
7360,7154
7222,7161
7150,7158
7394,7162
7091,7148
7380,7159
7211,7157
7220,7148
7223,7151
7101,7154
7178,7153
7224,7154
7127,7160
7207,7160
7245,7160
7252,7155
7267,7160
7236,7163
7264,7166
7198,7148
7155,7156
7199,7151
7165,7152
7309,7155
7210,7152
7332,7152
7203,7167
7128,7149
7257,7147
7146,7142
7206,7151
7315,7145
7206,7157
7359,7158
7206,7167
7328,7145
7174,7154
7181,7162
7350,7157
7097,7155
7302,7155
7246,7157
7201,7141
7258,7143
7234,7149
7254,7154
7186,7161
7220,7153
7298,7160
7222,7153
7321,7162
7283,7162
7103,7161
7348,7156
7049,7141
7157,7154
7196,7149
7130,7155
7323,7153
7306,7164
7295,7160
7228,7146
7186,7155
7278,7160
7196,7152
7399,7167
7311,7163
7355,7164
7399,7171
7327,7175
7488,7180
7393,7186
7441,7196
7501,7196
7466,7214
7514,7203
7475,7218
7530,7232
7485,7235
7563,7248
7519,7250
7550,7260
7487,7274
7531,7283
7556,7277
7588,7289
7541,7301
7625,7309
7516,7323
7597,7329
7588,7326
7631,7343
7603,7351
7647,7360
7596,7354
7614,7375
7582,7375
7665,7388
7670,7384
7640,7400
7747,7405
7616,7429
7637,7432
7624,7434
7674,7448
7717,7455
7729,7454
7730,7463
7726,7486
7716,7488
7722,7509
7732,7507
7688,7517
7723,7529
7725,7539
7632,7520
7767,7550
7773,7539
7748,7549
7679,7555
7758,7576
7673,7580
7687,7583
7811,7578
7753,7632
7700,7613
7770,7625
7854,7615
7827,7642
7759,7637
7786,7664
7863,7655
7829,7669
7811,7685
7777,7696
7851,7697
7886,7692
7902,7702
7883,7723
7802,7729
7871,7700
7886,7751
7983,7750
7954,7747
7837,7772
7799,7768
7852,7792
7866,7800
7905,7795
7919,7794
7945,7804
7946,7815
7910,7837
7890,7835
7848,7842
7889,7864
7974,7848
7970,7869
7977,7883
7992,7884
8019,7885
8029,7884
8032,7914
8049,7909
8006,7932
8029,7939
7981,7956
7982,7928
7943,7935
7944,7901
7839,7940
7896,7940
7888,7983
7875,7974
7856,7940
7859,7961
7840,7955
7858,7954
7824,7960
7815,7930
7834,7973
7781,7931
7802,7953
7834,7941
7836,7962
7760,7944
7806,7946
7844,7947
7786,7959
7814,7942
7807,7953
7805,7965
7791,7965
7789,7949
7795,7965
7801,7967
7768,7954
7786,7952
7818,7951
7762,7939
7767,7975
7779,7972
7783,7948
7771,7956
7775,7965
7786,7959
7750,7963
7771,7947
7778,7953
7769,7945
7785,7957
7817,7958
7787,7954
7828,7952
7842,7975
7862,7953
7975,7956
8083,7967
8135,7969
8217,7971
8331,7976
8367,7977
8438,7995
8436,8011
8468,7999
8429,7997
8489,8006
8457,8030
8471,8027
8459,8049
8458,8056
8455,8043
8434,8067
8418,8077
8423,8068
8424,8077
8479,8103
8532,8107
8542,8110
8585,8113
8561,8113
8465,8146
8446,8152
8414,8147
8634,8165
8673,8172
8655,8168
8570,8201
8507,8195
8520,8196
8603,8206
8664,8229
8673,8205
8593,8237
8613,8247
8635,8254
8680,8258
8657,8278
8561,8269
8656,8273
8735,8284
8684,8298
8580,8321
8623,8315
8730,8306
8587,8338
8512,8333
8626,8335
8772,8350
8516,8362
8688,8368
8796,8376
8675,8382
8620,8403
8709,8399
8668,8405
8664,8412
8728,8424
8666,8437
8709,8445
8761,8459
8709,8457
8670,8460
8744,8485
8653,8483
8775,8500
8704,8485
8777,8502
8874,8523
8664,8531
8835,8524
8745,8540
8859,8544
8751,8543
8843,8554
8842,8571
8771,8570
8854,8589
8725,8591
8838,8594
8792,8607
8906,8631
8895,8615
8899,8638
8872,8643
8935,8649
8826,8665
8925,8672
8907,8680
8933,8689
8834,8696
8838,8697
8919,8700
8887,8714
8959,8721
8887,8722
8970,8737
8897,8731
8706,8736
8911,8729
8637,8735
8814,8757
8723,8752
8773,8746
8812,8746
8633,8759
8637,8751
8631,8751
8686,8756
8823,8743
8673,8751
8790,8754
8667,8748
8597,8760
8752,8747
8657,8752
8686,8751
8583,8757
8745,8766
8708,8764
8609,8760
8726,8762
8575,8754
8705,8749
8587,8747
8562,8756
8763,8761
8750,8744
8750,8757
8704,8760
8543,8752
8686,8761
8509,8746
8729,8752
8773,8750
8614,8754
8692,8766
8624,8757
8716,8760
8702,8744
8572,8742
8736,8751
8531,8751
8779,8755
8911,8744
8603,8761
8845,8760
8684,8764
8643,8752
8621,8761
8517,8754
8716,8755
8628,8761
8622,8758
8751,8756
8630,8753
8774,8753
8610,8738
8622,8760
8667,8750
8675,8758
8744,8761
8636,8753
8787,8762
8707,8754
8582,8757
8699,8755
8565,8748
8667,8759
8800,8755
8667,8767
8741,8758
8719,8753
8810,8764
8792,8753
8597,8761
8728,8752
8613,8749
8750,8762
8716,8745
8620,8759
8711,8759
8606,8745
8726,8762
8594,8755
8605,8760
8773,8746
8553,8753
8753,8772
8748,8760
8548,8744
8750,8752
8554,8753
8656,8754
8712,8748
8613,8752
8715,8761
8662,8762
8712,8756
8712,8754
8569,8762
8715,8759
8601,8756
8740,8762
8814,8760
8712,8759
8789,8750
8675,8749
8789,8768
8645,8759
8584,8737
8703,8757
8601,8759
8708,8758
8766,8762
8717,8758
8799,8763
8561,8759
8630,8758
8563,8765
8628,8757
8775,8763
8642,8759
8715,8750
8668,8751
8580,8761
8706,8747
8619,8758
8703,8767
8613,8753
8691,8752
8756,8755
8666,8752
8880,8756
8792,8760
8569,8756
8748,8762
8590,8753
8662,8761
8762,8752
8656,8747
8721,8758
8679,8748
8661,8755
8650,8748
8663,8756
8758,8756
8655,8760
8776,8749
8719,8765
8777,8756
8665,8762
8533,8763
8738,8756
8579,8754
8593,8767
8771,8756
8560,8751
8762,8755
8696,8754
8516,8760
8712,8762
8593,8759
8674,8757
8608,8755
8735,8765
8835,8758
8618,8774
8808,8764
8682,8741
8600,8766
8673,8757
8533,8755
8734,8758
8826,8744
8642,8758
8772,8756
8597,8752
8728,8756
8603,8758
8603,8746
8762,8759
8544,8753
8761,8757
8736,8753
8682,8757
8748,8768
8614,8752
8664,8764
8591,8761
8626,8766
8746,8759
8656,8759
8843,8765
8681,8757
8546,8755
8744,8752
8575,8758
8734,8777
8620,8752
8702,8766
8751,8758
8680,8753
8759,8762
8713,8751
8638,8758
8679,8759
8614,8756
8795,8749
8765,8753
8731,8756
8728,8747
8544,8758
8783,8762
8541,8745
8626,8748
8785,8758
8566,8752
8799,8756
8719,8741
8756,8754
8727,8758
8578,8758
8632,8754
8681,8757
8730,8749
8784,8758
8630,8748
8798,8755
8707,8753
8619,8766
8681,8761
8607,8765
8772,8755
8778,8759
8750,8756
8806,8735
8622,8752
8785,8740
8632,8765
8675,8753
8745,8750
8624,8761
8790,8735
8740,8754
8776,8757
8804,8748
8567,8757
8647,8757
8573,8736
8581,8768
8723,8754
8628,8761
8780,8753
8646,8750
8575,8764
8684,8761
8565,8753
8729,8755
8602,8759
8686,8753
8769,8755
8666,8754
8817,8759
8736,8756
8649,8764
8706,8754
8640,8761
8760,8761
8760,8764
8748,8751
8749,8763
8598,8763
8723,8752
8652,8772
8649,8765
8782,8759
8603,8761
8802,8750
8727,8747
8734,8752
8731,8760
8511,8772
8698,8741
8599,8758
8612,8746
8811,8762
8683,8764
8811,8772
8673,8759
8565,8767
8699,8744
8659,8767
8712,8753
8653,8752
8708,8755
8796,8751
8685,8756
8791,8750
8679,8751
8686,8746
8637,8755
8574,8756
8763,8762
8672,8753
8820,8761
8747,8749
8500,8740
8775,8754
8623,8750
8695,8764
8718,8755
8597,8754
8762,8754
8703,8760
8802,8766
8744,8764
8636,8760
8746,8757
8617,8756
8683,8754
8783,8765
8642,8749
8843,8752
8678,8753
8549,8758
8705,8751
8541,8749
8708,8757
8585,8755
8722,8755
8813,8764
8617,8754
8749,8761
8675,8748
8674,8776
8629,8739
8613,8761
8798,8755
8741,8750
8736,8759
8634,8761
8620,8749
8761,8758
8568,8751
8610,8756
8730,8757
8674,8763
8757,8762
8696,8767
8773,8761
8730,8765
8635,8759
8703,8759
8663,8754
8670,8761
8764,8749
8681,8745
8812,8744
8630,8755
8612,8768
8641,8763
8603,8759
8803,8759
8590,8750
8789,8756
8727,8758
8546,8753
8750,8763
8620,8765
8689,8767
8621,8749
8540,8761
8775,8755
8792,8760
8697,8759
8735,8746
8629,8758
8736,8753
8666,8753
8723,8762
8716,8758
8652,8747
8644,8761
8690,8749
8838,8761
8726,8757
8674,8771
8715,8766
8638,8756
8774,8759
8760,8762
8707,8757
8762,8755
8599,8759
8669,8761
8580,8750
8593,8759
8734,8749
8624,8759
8741,8752
8646,8753
8460,8753
8642,8751
8428,8735
8617,8749
8328,8730
8501,8729
8658,8705
8354,8718
8581,8691
8373,8692
8360,8693
8290,8681
8411,8694
8631,8654
8453,8662
8357,8657
8435,8653
8336,8621
8367,8624
8348,8620
8310,8603
8305,8597
8299,8582
8280,8594
8274,8586
8337,8577
8270,8552
8256,8553
8307,8541
8251,8530
8342,8527
8151,8531
8285,8516
8275,8499
8250,8495
8293,8472
8164,8479
8339,8477
8245,8458
8307,8455
8336,8441
8234,8451
8303,8433
8321,8434
8220,8421
8254,8403
8248,8402
8214,8376
8304,8382
8291,8376
8187,8358
8147,8352
8300,8347
8210,8349
8202,8339
8405,8344
8368,8307
8235,8302
8080,8306
8163,8292
8095,8298
8087,8282
8177,8292
8152,8253
8142,8259
8043,8253
8068,8233
8145,8220
8137,8220
8059,8214
8033,8217
8040,8209
8156,8203
8129,8188
8075,8170
8037,8167
8033,8157
8033,8159
8128,8139
8191,8121
8031,8135
8045,8124
8008,8097
7976,8093
8018,8103
8027,8074
8062,8090
8097,8089
8063,8078
8104,8070
8029,8062
8005,8038
7969,8012
7932,8021
7936,8020
7920,8012
7922,7998
7925,7997
7937,7967
7924,7960
7925,7994
8020,7983
8013,7986
8061,7966
8034,7966
8071,7985
8096,7954
8061,7967
8098,7957
8105,7953
8130,7977
8157,7966
8114,7955
8159,7942
8138,7964
8143,7946
8142,7959
8161,7953
8116,7929
8183,7938
8163,7955
8138,7946
8155,7950
8159,7953
8147,7966
8155,7942
8176,7954
8152,7965
8152,7942
8167,7959
8168,7960
8158,7940
8163,7968
8165,7954
8139,7976
8156,7956
8174,7955
8170,7966
8168,7965
8162,7957
8127,7966
8153,7965
8156,7952
8133,7967
8139,7947
8119,7953
8126,7956
8133,7962
8130,7957
8047,7962
7973,7961
7838,7961
7783,7948
7669,7937
7635,7944
7582,7930
7501,7921
7409,7914
7393,7901
7440,7909
7395,7899
7406,7878
7437,7863
7429,7862
7439,7846
7449,7852
7449,7846
7474,7814
7472,7826
7443,7812
7373,7812
7363,7808
7350,7803
7380,7783
7407,7780
7416,7768
7377,7773
7417,7758
7305,7752
7279,7725
7308,7730
7349,7725
7399,7711
7387,7712
7342,7695
7295,7694
7347,7689
7402,7674
7404,7666
7283,7657
7290,7638
7346,7636
7360,7633
7215,7628
7296,7619
7361,7611
7399,7602
7183,7604
7043,7586
7315,7579
7170,7585
7075,7556
7292,7556
7224,7545
7097,7540
7116,7531
7243,7512
7206,7512
7134,7501
7203,7488
7159,7500
7209,7491
7233,7471
7149,7454
7158,7462
7227,7454
7074,7434
7241,7421
7154,7426
7093,7417
7201,7410
7044,7409
7210,7379
7197,7384
7133,7382
7172,7365
7065,7358
7207,7354
7055,7349
7085,7328
7150,7347
7188,7328
6990,7316
7070,7300
6981,7314
7102,7289
7080,7295
7016,7277
7020,7275
7042,7265
7076,7250
7085,7240
7059,7235
6970,7215
7004,7227
6988,7202
6941,7213
7006,7201
6936,7187
6981,7182
7077,7187
7093,7174
7056,7166
6989,7173
7256,7160
7184,7159
7125,7169
7176,7157
7082,7149
7314,7149
7277,7154
7305,7149
7296,7155
7118,7151
7283,7140
7061,7155
7201,7167
7355,7154
7184,7163
7373,7159
7244,7154
7336,7163
7293,7163
7152,7140
7225,7157
7154,7166
7249,7178
7336,7158
7206,7148
7335,7164
7270,7144
7168,7154
7341,7163
7253,7155
7307,7145
7216,7153
7307,7163
7310,7151
7240,7153
7321,7155
7229,7151
7163,7154
7178,7148
7170,7138
7295,7148
7170,7153
7182,7136
7094,7155
7131,7157
7224,7169
7120,7146
7194,7157
7274,7156
7183,7161
7270,7157
7135,7143
7299,7150
7186,7147
7072,7160
7238,7155
7037,7151
7231,7154
7379,7155
7184,7159
7367,7172
7174,7152
7093,7167
7192,7156
7114,7145
7320,7168
7148,7146
7334,7162
7364,7145
7141,7161
7299,7162
7142,7154
7171,7165
7168,7149
7199,7163
7279,7155
7275,7155
7240,7155
7202,7149
7170,7152
7328,7153
7213,7161
7176,7151
7348,7158
7235,7158
7338,7143
7224,7152
7297,7154
7286,7145
7197,7133
7260,7133
7160,7151
7285,7158
7262,7164
7208,7158
7311,7157
7141,7157
7188,7162
7122,7151
7163,7174
7385,7153
7055,7171
7218,7148
7212,7154
7136,7154
7288,7147
7182,7155
7083,7151
7276,7149
7210,7158
7173,7158
7209,7149
7170,7155
7277,7145
7097,7155
7243,7155
7129,7164
7204,7158
7258,7159
7224,7156
7286,7162
7180,7158
7292,7152
7188,7152
7200,7153
7299,7158
7149,7135
7328,7165
7285,7153
7223,7160
7279,7156
7117,7155
7217,7144
7096,7156
7120,7160
7295,7165
7256,7154
7202,7164
7179,7150
7202,7155
7238,7166
7151,7141
7175,7161
7353,7157
7216,7151
7364,7161
7167,7139
7293,7154
7280,7158
7106,7152
7213,7155
7170,7157
7201,7138
7291,7159
7181,7157
7269,7151
7156,7153
7194,7158
7150,7153
7199,7150
7311,7146
7155,7153
7237,7152
7220,7140
7141,7159
7249,7153
7175,7160
7193,7148
7148,7156
7127,7155
7236,7150
7227,7155
7187,7156
7113,7150
7108,7155
7204,7162
7091,7154
7233,7162
7266,7157
7186,7159
7299,7160
7171,7155
7280,7146
7264,7150
7187,7148
7296,7155
7111,7149
7273,7151
7275,7156
7231,7153
7279,7152
7094,7166
7185,7161
7132,7147
7142,7153
7276,7152
7151,7148
7235,7164
7187,7158
7320,7156
7148,7151
7244,7166
7244,7155
7095,7151
7302,7158
7301,7159
7161,7167
7299,7160
7218,7153
7068,7165
7327,7166
7090,7157
7215,7160
7278,7158
7205,7164
7303,7156
7147,7144
7325,7166
7214,7139
7205,7161
7352,7148
7203,7157
7313,7170
7263,7158
7289,7155
7289,7154
7150,7162
7171,7157
7143,7152
7200,7153
7279,7145
7207,7153
7236,7150
7231,7156
7183,7160
7223,7155
7219,7148
7197,7149
7222,7148
7160,7147
7269,7153
7147,7163
7262,7152
7212,7150
7180,7158
7187,7157
7098,7160
7266,7150
7231,7150
7336,7153
7269,7157
7083,7159
7277,7145
7109,7156
7161,7157
7324,7156
7135,7135
7215,7142
7307,7159
7157,7157
7268,7156
7238,7161
7180,7152
7189,7151
7261,7165
7297,7156
7134,7144
7230,7159
7210,7157
7129,7153
7318,7163
7112,7154
7253,7155
7159,7150
7138,7156
7357,7156
7259,7149
7345,7148
7209,7149
7155,7148
7194,7164
7205,7150
7299,7160
7133,7158
7288,7154
7267,7148
7125,7156
7230,7147
7138,7156
7284,7148
7262,7148
7213,7154
7290,7154
7239,7144
7180,7149
7221,7151
7115,7158
7217,7150
7179,7150
7133,7152
7268,7152
7152,7156
7323,7153
7185,7141
7125,7155
7239,7154
7090,7153
7200,7160
7293,7154
7259,7155
7303,7154
7130,7154
7261,7171
7149,7146
7183,7157
7285,7152
7141,7145
7229,7159
7233,7162
7212,7152
7276,7152
7205,7151
7188,7158
7233,7145
7244,7157
7252,7154
7172,7157
7264,7153
7260,7149
7178,7151
7224,7147
7121,7159
7263,7151
7133,7152
7211,7155
7353,7165
7234,7156
7355,7148
7161,7155
7079,7158
7264,7152
7133,7156
7260,7154
7197,7168
7318,7164
7329,7154
7147,7159
7240,7160
7261,7162
7288,7146
7249,7158
7315,7165
7197,7163
7251,7154
7250,7155
7338,7161
7146,7181
7201,7159
7168,7157
7178,7154
7348,7161
7143,7158
7276,7157
7200,7147
7171,7164
7276,7149
7194,7154
7296,7152
7103,7155
7297,7167
7283,7163
7111,7153
7250,7168
7071,7155
7168,7159
7195,7157
7114,7147
7298,7154
7207,7157
7289,7147
7261,7159
7128,7140
7256,7159
7179,7147
7186,7170
7355,7152
7103,7159
7288,7153
7366,7148
7277,7157
7308,7166
7169,7155
7202,7160
7184,7147
7241,7147
7381,7158
7228,7150
7338,7146
7187,7153
7178,7163
7259,7144
7237,7152
7409,7158
7342,7157
7448,7163
7468,7175
7409,7190
7473,7191
7392,7197
7514,7200
7495,7207
7487,7213
7547,7218
7485,7229
7570,7231
7511,7251
7544,7251
7515,7262
7574,7280
7489,7288
7558,7279
7575,7300
7583,7294
7549,7320
7599,7322
7561,7323
7647,7335
7591,7335
7639,7351
7575,7364
7636,7379
7640,7383
7595,7380
7704,7393
7641,7413
7586,7403
7589,7413
7641,7415
7743,7444
7625,7450
7674,7449
7701,7455
7688,7459
7721,7462
7686,7475
7687,7487
7762,7489
7691,7489
7701,7522
7725,7510
7779,7539
7785,7530
7871,7548
7682,7555
7661,7551
7736,7569
7791,7576
7690,7596
7767,7588
7802,7606
7803,7603
7708,7615
7831,7612
7894,7627
7750,7649
7721,7646
7831,7658
7884,7671
7835,7669
7728,7678
7784,7685
7884,7691
7892,7712
7858,7717
7787,7723
7822,7741
7837,7737
7942,7749
7947,7740
7917,7759
7782,7763
7765,7767
7863,7776
7943,7801
7917,7789
7928,7821
7959,7817
7922,7816
7911,7822
7863,7844
7862,7872
7875,7864
7956,7853
7964,7890
7993,7870
8051,7903
8018,7890
8058,7906
8062,7902
8050,7928
8001,7934
7939,7944
7993,7923
7913,7931
7956,7943
7893,7927
7889,7932
7884,7956
7862,7954
7897,7965
7867,7959
7852,7937
7802,7962
7824,7953
7809,7952
7797,7948
7834,7961
7822,7943
7812,7941
7838,7953
7824,7966
7808,7940
7823,7950
7794,7952
7821,7957
7809,7934
7803,7952
7837,7951
7795,7941
7810,7967
7785,7952
7847,7952
7803,7937
7789,7968
7762,7945
7769,7944
7824,7959
7789,7954
7803,7942
7754,7961
7756,7964
7777,7952
7819,7963
7794,7937
7780,7935
7801,7957
7810,7929
7794,7947
7808,7961
7842,7957
7882,7961
7829,7958
8011,7953
8120,7963
8153,7969
8317,7972
8349,7989
8421,7981
8396,7985
8412,7992
8454,8015
8470,8028
8494,8034
8463,8030
8440,8029
8489,8051
8441,8044
8437,8057
8418,8085
8388,8079
8448,8083
8480,8091
8496,8109
8529,8114
8574,8123
8480,8136
8497,8118
8439,8131
8429,8140
8466,8146
8578,8164
8614,8166
8587,8180
8545,8198
8547,8191
8652,8205
8647,8214
8646,8227
8613,8227
8549,8239
8607,8248
8701,8254
8662,8257
8592,8267
8568,8280
8671,8279
8644,8290
8633,8307
8594,8302
8734,8311
8657,8330
8499,8351
8610,8342
8766,8350
8702,8358
8705,8365
8786,8380
8603,8376
8664,8387
8749,8395
8701,8395
8641,8423
8689,8420
8691,8426
8621,8448
8750,8441
8693,8467
8699,8454
8763,8463
8696,8486
8723,8496
8765,8503
8688,8500
8845,8503
8680,8519
8770,8547
8836,8534
8950,8526
8732,8552
8703,8554
8908,8572
8766,8588
8851,8565
8802,8591
8862,8594
8865,8608
8846,8614
8816,8617
8953,8628
8890,8636
8890,8646
8828,8661
8874,8661
8887,8670
8946,8678
8806,8679
8977,8690
8876,8698
8913,8721
8900,8719
8842,8721
8915,8740
8783,8726
8807,8742
8724,8744
8712,8746
8700,8755
8583,8759
8774,8737
8739,8748
8740,8757
8726,8747
8616,8757
8724,8757
8598,8731
8703,8760
8762,8746
8633,8762
8714,8760
8660,8759
8786,8761
8605,8755
8586,8752
8749,8751
8617,8750
8723,8759
8733,8753
8640,8747
8747,8756
8655,8754
8667,8756
8686,8748
8464,8761
8695,8762
8533,8763
8743,8758
8649,8745
8518,8751
8655,8764
8694,8751
8675,8764
8610,8758
8610,8744
8693,8745
8677,8760
8799,8755
8658,8758
8538,8755
8718,8752
8609,8757
8681,8756
8815,8754
8693,8756
8783,8752
8636,8756
8769,8757
8701,8743
8645,8768
8626,8755
8733,8761
8779,8764
8744,8757
8712,8759
8719,8760
8613,8765
8762,8761
8542,8756
8603,8758
8780,8753
8641,8750
8790,8755
8723,8741
8555,8754
8773,8749
8595,8756
8721,8763
8568,8751
8609,8756
8762,8757
8697,8763
8784,8763
8618,8756
8631,8756
8656,8762
8577,8751
8669,8765
8708,8749
8657,8748
8739,8747
8581,8730
8871,8761
8698,8757
8625,8754
8787,8759
8592,8755
8825,8749
8690,8750
8741,8753
8708,8748
8604,8760
8683,8753
8580,8748
8635,8758
8729,8754
8646,8744
8836,8761
8664,8754
8568,8766
8700,8758
8615,8759
8732,8749
8778,8760
8730,8753
8773,8752
8600,8755
8785,8756
8690,8751
8582,8751
8693,8766
8619,8756
8717,8749
8757,8751
8703,8748
8730,8759
8602,8755
8745,8752
8592,8746
8658,8766
8825,8755
8637,8751
8849,8760
8728,8770
8550,8760
8747,8746
8620,8746
8677,8750
8605,8747
8568,8756
8825,8753
8728,8764
8742,8753
8671,8751
8702,8758
8722,8756
8628,8756
8723,8759
8703,8764
8721,8750
8708,8741
8635,8758
8790,8763
8680,8750
8615,8756
8708,8754
8639,8754
8827,8758
8635,8761
8761,8767
8661,8756
8591,8755
8681,8763
8523,8746
8613,8753
8820,8754
8621,8765
8819,8776
8698,8754
8590,8764
8720,8763
8540,8758
8764,8751
8547,8750
8724,8765
8780,8748
8593,8756
8854,8757
8642,8752
8543,8754
8717,8749
8562,8752
8682,8756
8772,8758
8680,8753
8742,8759
8574,8750
8767,8763
8620,8762
8631,8749
8714,8750
8692,8754
8791,8755
8681,8758
8700,8764
8687,8749
8526,8748
8727,8755
8557,8761
8616,8754
8812,8763
8626,8754
8820,8762
8683,8746
8648,8756
8711,8753
8640,8752
8738,8757
8601,8764
8697,8767
8693,8757
8561,8736
8788,8744
8684,8753
8645,8765
8666,8755
8622,8767
8781,8755
8684,8749
8760,8753
8689,8740
8572,8744
8780,8757
8600,8741
8598,8761
8820,8756
8611,8774
8797,8766
8722,8749
8723,8751
8707,8758
8641,8744
8803,8752
8620,8772
8692,8760
8814,8759
8716,8758
8804,8755
8620,8753
8570,8755
8700,8746
8555,8753
8739,8756
8551,8753
8623,8761
8765,8744
8572,8739
8786,8756
8620,8750
8600,8755
8702,8750
8615,8761
8681,8757
8731,8755
8708,8753
8693,8745
8540,8754
8765,8763
8600,8746
8685,8756
8851,8750
8641,8755
8865,8757
8684,8754
8781,8754
8736,8755
8588,8762
8727,8752
8574,8757
8672,8754
8762,8751
8659,8759
8723,8746
8634,8753
8663,8756
8652,8756
8558,8756
8792,8757
8649,8752
8783,8759
8655,8759
8577,8754
8778,8759
8608,8754
8700,8764
8578,8757
8693,8753
8790,8756
8688,8754
8790,8762
8738,8749
8609,8757
8743,8762
8620,8755
8696,8752
8818,8756
8690,8755
8761,8758
8637,8761
8626,8758
8662,8747
8662,8759
8768,8756
8584,8744
8734,8750
8735,8757
8617,8744
8739,8757
8586,8754
8632,8757
8604,8752
8578,8752
8739,8756
8667,8753
8685,8755
8704,8756
8619,8756
8816,8764
8613,8760
8665,8753
8794,8761
8713,8771
8867,8758
8679,8747
8814,8762
8725,8745
8583,8758
8731,8756
8560,8758
8620,8775
8818,8758
8620,8755
8778,8748
8658,8763
8596,8764
8689,8754
8539,8748
8810,8743
8595,8752
8788,8759
8728,8757
8600,8750
8755,8762
8621,8756
8621,8754
8594,8748
8594,8745
8727,8755
8610,8761
8791,8763
8698,8749
8558,8759
8800,8756
8626,8759
8721,8755
8765,8761
8733,8764
8807,8748
8659,8758
8657,8753
8731,8753
8682,8760
8794,8766
8613,8757
8755,8765
8730,8763
8683,8753
8730,8762
8559,8758
8675,8763
8546,8746
8599,8746
8844,8753
8550,8769
8795,8752
8769,8755
8577,8748
8785,8750
8560,8750
8595,8768
8623,8759
8649,8757
8763,8744
8637,8746
8752,8750
8691,8757
8651,8754
8749,8756
8602,8754
8699,8755
8776,8755
8680,8750
8746,8748
8676,8757
8732,8753
8646,8759
8632,8751
8742,8745
8662,8761
8755,8764
8673,8742
8747,8752
8735,8752
8558,8759
8631,8778
8588,8747
8648,8759
8731,8753
8595,8756
8677,8750
8589,8745
8485,8748
8552,8730
8335,8728
8545,8722
8374,8715
8516,8706
8572,8685
8373,8689
8508,8693
8302,8677
8449,8680
8273,8659
8316,8660
8396,8651
8364,8635
8329,8641
8325,8616
8377,8623
8330,8621
8303,8597
8282,8597
8302,8582
8343,8569
8276,8564
8317,8573
8267,8559
8278,8557
8348,8543
8427,8519
8257,8537
8176,8531
8288,8496
8316,8503
8334,8499
8231,8484
8295,8463
8350,8461
8236,8463
8347,8456
8342,8433
8253,8437
8336,8429
8227,8416
8267,8396
8343,8390
8285,8394
8261,8388
8281,8368
8250,8367
8123,8364
8259,8349
8102,8354
8182,8367
8316,8338
8420,8318
8213,8321
8047,8317
8227,8301
8151,8297
8070,8289
8069,8277
8161,8273
8163,8259
8076,8259
7997,8233
8108,8238
8160,8218
8076,8211
8002,8212
8048,8191
8118,8200
8174,8205
8086,8201
8000,8166
7993,8159
7974,8156
8104,8134
8181,8134
8145,8121
8023,8099
7966,8108
8011,8100
7970,8096
8023,8073
8021,8076
8050,8065
8101,8070
8054,8066
8038,8048
8021,8032
7955,8047
7961,8037
7960,8010
7939,8006
7931,8013
7936,8001
7883,7982
7961,7974
7929,7973
7997,7978
8059,7943
8048,7989
8022,7962
8044,7964
8052,7956
8090,7963
8077,7951
8095,7973
8087,7945
8109,7955
8121,7967
8108,7971
8150,7968
8145,7947
8153,7984
8161,7942
8151,7945
8169,7947
8156,7944
8144,7950
8163,7934
8163,7949
8171,7968
8148,7944
8170,7941
8165,7968
8173,7974
8186,7948
8166,7944
8167,7963
8161,7969
8146,7944
8190,7955
8166,7957
8178,7948
8144,7952
8153,7963
8147,7962
8184,7957
8121,7950
8122,7972
8155,7952
8143,7956
8156,7947
8134,7930
8146,7960
8138,7954
8115,7981
8025,7947
7885,7953
7781,7947
7650,7937
7620,7950
7603,7932
7492,7921
7511,7915
7482,7909
7420,7889
7437,7893
7371,7894
7418,7882
7454,7867
7399,7850
7464,7832
7440,7846
7470,7853
7434,7829
7465,7822
7401,7824
7350,7799
7344,7796
7365,7784
7361,7771
7435,7772
7368,7755
7395,7766
7409,7745
7298,7759
7319,7741
7340,7722
7365,7712
7426,7716
7374,7706
7324,7699
7329,7685
7393,7673
7378,7668
7330,7671
7244,7646
7292,7655
7304,7631
7356,7629
7302,7609
7359,7631
7209,7618
7460,7608
7069,7584
7135,7584
7272,7568
7077,7567
7246,7558
7262,7543
7249,7549
7138,7535
7182,7530
7244,7506
7126,7518
7195,7500
7243,7491
7121,7486
7230,7461
7218,7478
7086,7460
7185,7459
7182,7446
7116,7439
7185,7424
7104,7418
7157,7424
7192,7404
7108,7396
7224,7405
7118,7379
7162,7374
7017,7362
7050,7354
7187,7353
7055,7344
7152,7337
7049,7329
7183,7337
7013,7313
7020,7306
6979,7288
7095,7284
7039,7275
7075,7262
6953,7273
7044,7265
6994,7246
7069,7246
7034,7230
7010,7235
6958,7229
6934,7206
6996,7192
6898,7197
7037,7183
6980,7167
7053,7167
7107,7176
7144,7157
7212,7152
7151,7161
7204,7163
7127,7156
7123,7154
7210,7158
7147,7173
7283,7161
7175,7147
7278,7160
7226,7156
7053,7153
7208,7166
7070,7165
7255,7148
7306,7156
7164,7151
7379,7161
7251,7149
7303,7155
7398,7154
7127,7156
7291,7163
7149,7154
7254,7161
7381,7149
7161,7143
7368,7154
7174,7147
7180,7142
7185,7141
7181,7146
7269,7154
7203,7163
7216,7142
7327,7148
7199,7160
7334,7137
7146,7152
7194,7154
7228,7147
7203,7156
7240,7162
7145,7166
7306,7151
7222,7149
7139,7149
7202,7151
7170,7149
7262,7155
7278,7151
7099,7156
7262,7158
7188,7158
7295,7168
7050,7151
7056,7168
7301,7152
7037,7153
7213,7161
7267,7146
7181,7154
7285,7154
7141,7153
7219,7162
7229,7150
7142,7153
7362,7159
7132,7153
7386,7158
7177,7149
7074,7167
7253,7158
7088,7156
7215,7156
7181,7141
7182,7163
7242,7157
7246,7153
7256,7152
7316,7154
7200,7157
7279,7149
7170,7147
7349,7156
7254,7160
7205,7156
7296,7147
7231,7173
7288,7164
7195,7156
7151,7149
7337,7154
7086,7155
7273,7150
7358,7153
7268,7159
7355,7151
7090,7156
7241,7152
7174,7153
7202,7157
7248,7156
7115,7160
7304,7154
7257,7161
7129,7151
7230,7163
7224,7167
7260,7153
7198,7154
7255,7152
7231,7154
7142,7146
7290,7148
7156,7153
7100,7150
7275,7156
7121,7163
7264,7160
7361,7151
7130,7153
7304,7150
7196,7150
7199,7161
7249,7144
7211,7166
7333,7145
7176,7151
7349,7146
7197,7153
7106,7157
7210,7159
7014,7144
7208,7151
7099,7158
7160,7147
7273,7156
7159,7156
7303,7158
7264,7160
7205,7144
7283,7151
7147,7148
7271,7156
7295,7153
7194,7158
7299,7149
7301,7147
7240,7161
7268,7159
7173,7154
7249,7158
7097,7155
7207,7163
7280,7148
7225,7148
7318,7149
7095,7146
7263,7157
7103,7151
7270,7166
7265,7150
7128,7156
7285,7148
7109,7151
7159,7149
7223,7146
7233,7167
7135,7163
7316,7140
7207,7150
7171,7153
7134,7150
7284,7160
7122,7154
7174,7161
7131,7153
7150,7150
7251,7151
7382,7145
7213,7160
7324,7155
7198,7141
7316,7158
7259,7150
7095,7154
7314,7135
7080,7145
7285,7156
7196,7159
7284,7146
7185,7161
7124,7157
7197,7156
7144,7148
7186,7154
7293,7152
7245,7154
7267,7162
7213,7164
7198,7160
7233,7154
7166,7149
7299,7164
7173,7155
7193,7147
7306,7158
7253,7158
7351,7154
7270,7157
7120,7150
7253,7144
7126,7154
7265,7157
7301,7145
7333,7175
7384,7163
7135,7157
7332,7158
7086,7150
7268,7166
7332,7154
7123,7150
7286,7158
7243,7167
7287,7150
7255,7162
7185,7151
7186,7163
7282,7153
7182,7157
7241,7146
7237,7154
7300,7152
7267,7154
7230,7151
7235,7164
7258,7161
7211,7151
7227,7155
7285,7152
7268,7147
7162,7164
7310,7153
7158,7158
7111,7156
7332,7148
7154,7151
7317,7144
7193,7154
7273,7167
7212,7145
7112,7159
7230,7142
7076,7150
7183,7148
7245,7156
7140,7150
7108,7154
7156,7151
7232,7158
7208,7148
7108,7156
7265,7151
7203,7148
7155,7162
7266,7153
7212,7155
7406,7154
7266,7165
7062,7156
7278,7158
7151,7150
7242,7158
7367,7147
7210,7150
7345,7155
7188,7152
7294,7159
7173,7151
7216,7158
7269,7155
7149,7175
7260,7153
7219,7153
7298,7164
7278,7138
7158,7173
7275,7150
7171,7149
7216,7167
7290,7158
7138,7163
7342,7148
7225,7156
7096,7161
7267,7145
7119,7144
7166,7166
7165,7165
7249,7156
7298,7151
7118,7152
7319,7153
7158,7149
7095,7152
7258,7151
7048,7157
7367,7152
7342,7150
7264,7156
7299,7140
7132,7148
7238,7152
7108,7153
7169,7147
7174,7156
7196,7151
7177,7143
7269,7155
7238,7163
7253,7149
7177,7157
7283,7162
7201,7163
7207,7153
7344,7147
7181,7152
7322,7163
7214,7151
7098,7148
7233,7156
7132,7150
7269,7158
7131,7150
7231,7155
7355,7156
7164,7158
7349,7150
7184,7146
7206,7162
7161,7158
7114,7160
7341,7156
7264,7158
7299,7157
7288,7149
7249,7154
7192,7156
7184,7142
7284,7158
7285,7158
7181,7154
7296,7161
7240,7161
7247,7151
7272,7170
7108,7140
7154,7158
7217,7153
7185,7153
7219,7155
7147,7154
7287,7156
7213,7151
7224,7153
7252,7156
7177,7157
7408,7154
7205,7165
7429,7149
7220,7150
7094,7155
7275,7157
7108,7151
7162,7157
7296,7149
7134,7156
7259,7146
7304,7150
7197,7163
7240,7156
7122,7155
7292,7152
7140,7156
7183,7159
7371,7149
7156,7148
7318,7158
7208,7149
7136,7152
7297,7148
7189,7143
7223,7164
7161,7154
7175,7154
7306,7152
7214,7159
7317,7158
7235,7169
7297,7164
7301,7166
7359,7159
7482,7180
7351,7175
7511,7183
7493,7190
7413,7210
7439,7203
7466,7204
7506,7216
7558,7213
7507,7235
7436,7228
7536,7246
7490,7248
7527,7260
7518,7266
7537,7277
7527,7284
7559,7290
7659,7304
7628,7311
7574,7318
7639,7327
7648,7327
7624,7348
7663,7349
7610,7356
7593,7368
7623,7372
7565,7383
7670,7393
7690,7399
7665,7409
7715,7418
7598,7409
7700,7425
7577,7443
7740,7443
7684,7469
7692,7457
7693,7471
7708,7489
7700,7481
7750,7485
7696,7505
7696,7513
7736,7519
7727,7521
7664,7532
7703,7543
7675,7548
7666,7549
7651,7564
7765,7564
7671,7577
7699,7596
7824,7586
7780,7588
7740,7619
7778,7620
7881,7623
7809,7639
7751,7632
7765,7658
7848,7675
7830,7663
7870,7667
7778,7675
7862,7692
7892,7682
7881,7713
7849,7717
7839,7713
7843,7730
7929,7737
7928,7721
7973,7746
7854,7776
7851,7780
7887,7762
7830,7780
7923,7788
7977,7794
7953,7801
7930,7813
7891,7818
7888,7832
7871,7836
7865,7836
7964,7855
7962,7863
7969,7879
8015,7888
8009,7886
8018,7904
8048,7901
8032,7911
8058,7934
8000,7943
7988,7938
7948,7917
7900,7975
7924,7974
7850,7933
7893,7948
7808,7949
7872,7953
7830,7923
7826,7965
7827,7963
7876,7940
7864,7962
7838,7964
7820,7939
7810,7950
7822,7964
7817,7953
7795,7953
7770,7948
7827,7936
7806,7946
7796,7944
7801,7957
7819,7971
7824,7947
7820,7962
7783,7960
7771,7926
7799,7957
7790,7948
7791,7944
7787,7970
7804,7944
7784,7950
7751,7954
7795,7956
7804,7933
7806,7947
7756,7962
7796,7942
7815,7939
7816,7960
7812,7942
7800,7947
7810,7962
7819,7943
7792,7955
7849,7957
7900,7951
7967,7966
8057,7952
8135,7958
8291,7986
8325,7975
8416,7979
8441,8002
8433,7994
8448,8010
8473,8016
8499,8015
8431,8025
8482,8036
8467,8040
8456,8040
8417,8068
8406,8062
8407,8068
8406,8085
8489,8075
8492,8092
8513,8091
8552,8118
8532,8127
8534,8126
8432,8134
8424,8148
8440,8153
8624,8154
8666,8170
8653,8175
8542,8188
8538,8196
8557,8192
8642,8210
8661,8209
8587,8236
8567,8238
8651,8230
8684,8243
8676,8237
8613,8273
8546,8287
8655,8281
8710,8268
8613,8298
8594,8321
8634,8315
8629,8315
8504,8327
8469,8341
8662,8339
8727,8359
8667,8363
8612,8367
8694,8380
8588,8387
8666,8394
8750,8404
8625,8410
8699,8409
8743,8441
8665,8432
8728,8439
8778,8456
8650,8463
8767,8454
8671,8469
8656,8490
8749,8472
8720,8487
8652,8512
8812,8510
8790,8518
8871,8532
8698,8535
8842,8542
8775,8550
8745,8568
8829,8567
8872,8573
8786,8585
8772,8601
8870,8603
8793,8609
8914,8623
8861,8625
8929,8633
8898,8643
8975,8659
8840,8656
8856,8668
8889,8660
8908,8692
8945,8683
8851,8698
8991,8708
8906,8715
8867,8736
8840,8732
8752,8737
8786,8735
8672,8739
8862,8751
8592,8749
8662,8744
8617,8749
8689,8753
8841,8750
8695,8758
8776,8755
8706,8756
8616,8743
8774,8761
8575,8757
8698,8758
8667,8768
8734,8760
8794,8753
8594,8752
8592,8760
8612,8760
8664,8756
8745,8747
8591,8752
8660,8764
8764,8749
8693,8763
8705,8757
8666,8752
8563,8760
8664,8751
8605,8751
8745,8754
8584,8751
8758,8752
8569,8770
8585,8757
8725,8752
8591,8753
8616,8760
8817,8749
8569,8763
8799,8746
8639,8761
8802,8766
8722,8754
8668,8756
8762,8765
8569,8756
8706,8763
8797,8751
8712,8761
8723,8758
8635,8766
8693,8761
8640,8750
8669,8759
8779,8750
8633,8750
8760,8762
8722,8752
8617,8764
8709,8760
8629,8754
8689,8753
8612,8753
8684,8759
8772,8752
8637,8759
8751,8758
8706,8753
8611,8748
8738,8752
8597,8756
8692,8761
8711,8758
8769,8778
8803,8760
8573,8742
8792,8759
8620,8761
8655,8755
8740,8756
8570,8749
8728,8753
8770,8755
8645,8757
8814,8753
8665,8748
8609,8746
8654,8757
8633,8761
8804,8763
8638,8754
8763,8757
8610,8760
8629,8759
8683,8756
8593,8753
8635,8762
8546,8756
8632,8757
8797,8753
8584,8749
8835,8762
8726,8755
8621,8765
8739,8755
8613,8752
8747,8754
8733,8759
8726,8757
8740,8759
8629,8751
8699,8759
8575,8750
8629,8751
8846,8760
8616,8757
8803,8743
8688,8758
8685,8765
8747,8761
8604,8755
8756,8750
8535,8765
8668,8733
8864,8757
8614,8762
8806,8759
8742,8749
8577,8774
8770,8756
8552,8755
8625,8755
8600,8746
8689,8768
8796,8750
8652,8746
8822,8757
8660,8753
8610,8757
8687,8750
8638,8761
8665,8752
8719,8758
8731,8756
8783,8754
8673,8764
8771,8761
8594,8746
8625,8765
8834,8749
8594,8768
8737,8752
8644,8758
8770,8759
8664,8752
8601,8751
8702,8758
8589,8750
8696,8760
8799,8753
8609,8763
8799,8774
8673,8759
8479,8760
8774,8760
8564,8760
8761,8757
8588,8766
8678,8758
8802,8766
8598,8758
8719,8756
8713,8752
8598,8756
8762,8751
8662,8763
8721,8747
8682,8754
8682,8772
8745,8771
8624,8748
8734,8758
8571,8761
8708,8768
8774,8760
8601,8755
8751,8763
8653,8758
8767,8764
8699,8755
8526,8760
8637,8756
8604,8755
8653,8757
8775,8766
8705,8756
8809,8763
8638,8760
8617,8749
8712,8758
8641,8762
8754,8757
8614,8755
8773,8772
8783,8748
8584,8755
8808,8753
8596,8750
8694,8774
8617,8762
8614,8759
8797,8777
8633,8749
8710,8753
8727,8760
8617,8770
8779,8761
8596,8747
8706,8765
8781,8735
8641,8759
8738,8757
8604,8755
8683,8757
8611,8752
8557,8759
8760,8766
8583,8755
8703,8752
8774,8761
8645,8752
8773,8756
8673,8750
8610,8763
8778,8754
8634,8755
8741,8743
8724,8746
8770,8757
8798,8747
8625,8770
8736,8766
8545,8751
8689,8756
8757,8751
8654,8759
8737,8775
8655,8745
8767,8762
8725,8764
8574,8762
8687,8762
8569,8751
8704,8755
8830,8746
8689,8758
8770,8755
8687,8747
8628,8758
8700,8759
8646,8759
8704,8755
8605,8751
8685,8766
8715,8766
8591,8752
8791,8751
8654,8760
8637,8756
8619,8757
8720,8754
8795,8761
8651,8755
8784,8765
8786,8760
8575,8753
8727,8765
8551,8762
8671,8755
8811,8766
8614,8756
8723,8750
8671,8770
8813,8753
8681,8761
8639,8764
8829,8758
8610,8746
8725,8752
8780,8753
8688,8762
8782,8752
8646,8755
8573,8746
8718,8755
8542,8750
8705,8762
8637,8755
8691,8756
8692,8757
8576,8776
8745,8761
8577,8766
8656,8757
8622,8752
8691,8753
8733,8754
8581,8770
8748,8765
8686,8757
8626,8766
8667,8762
8522,8751
8793,8750
8870,8757
8665,8756
8813,8756
8678,8755
8809,8747
8651,8748
8539,8746
8675,8758
8603,8762
8659,8745
8722,8760
8684,8757
8793,8752
8682,8753
8618,8751
8650,8747
8658,8765
8809,8756
8616,8756
8807,8750
8718,8758
8581,8750
8725,8756
8526,8758
8644,8760
8687,8749
8672,8768
8732,8751
8712,8752
8718,8756
8723,8766
8666,8760
8655,8754
8631,8744
8747,8754
8764,8757
8735,8758
8700,8750
8598,8757
8801,8754
8642,8749
8541,8746
8779,8759
8590,8760
8775,8754
8717,8756
8770,8748
8792,8756
8532,8756
8593,8750
8599,8754
8662,8763
8845,8752
8556,8755
8733,8756
8663,8757
8511,8759
8713,8750
8510,8751
8731,8754
8597,8754
8673,8762
8757,8759
8633,8757
8790,8763
8713,8758
8592,8754
8716,8753
8619,8763
8659,8763
8781,8757
8633,8749
8720,8738
8669,8748
8741,8758
8607,8753
8649,8750
8768,8760
8632,8763
8778,8758
8614,8739
8829,8755
8688,8749
8482,8746
8701,8761
8538,8747
8650,8762
8725,8750
8445,8747
8645,8752
8455,8735
8387,8733
8541,8725
8355,8714
8593,8716
8465,8720
8541,8701
8489,8696
8263,8688
8461,8683
8289,8670
8401,8651
8370,8660
8396,8643
8331,8640
8367,8636
8316,8617
8324,8615
8291,8605
8290,8600
8249,8592
8323,8584
8246,8569
8251,8570
8314,8560
8275,8555
8273,8535
8156,8530
8307,8517
8189,8523
8215,8514
8318,8508
8286,8479
8250,8486
8209,8475
8362,8469
8265,8452
8308,8454
8311,8450
8213,8432
8307,8435
8248,8425
8234,8410
8280,8411
8259,8411
8214,8395
8286,8386
8226,8376
8268,8364
8211,8372
8172,8348
8155,8336
8256,8345
8395,8326
8271,8324
8105,8307
8170,8298
8111,8306
8162,8292
8069,8274
8108,8274
8147,8265
8077,8253
8044,8250
8115,8252
8157,8242
8120,8226
8062,8217
8032,8205
8078,8206
8137,8187
8079,8154
8049,8183
8009,8194
8013,8157
8098,8159
8139,8152
8165,8143
7993,8124
8045,8117
7983,8114
7958,8103
7979,8094
7982,8083
8034,8067
8123,8080
8116,8062
8052,8060
8049,8048
8011,8039
7949,8042
7937,8017
7925,8006
7928,7990
7894,8020
7876,8008
7897,7991
7971,7978
7956,7977
8023,7956
8045,7961
8031,7962
8095,7963
8059,7942
8096,7950
8088,7961
8097,7966
8132,7949
8105,7962
8145,7945
8158,7943
8107,7958
8160,7936
8152,7957
8144,7960
8123,7960
8183,7962
8128,7970
8167,7946
8154,7954
8167,7952
8193,7960
8176,7958
8173,7942
8156,7954
8180,7950
8165,7972
8198,7941
8161,7968
8199,7975
8173,7942
8137,7959
8149,7959
8164,7947
8153,7966
8148,7932
8166,7967
8128,7953
8150,7937
8155,7950
8144,7963
8146,7965
8153,7948
8122,7957
8126,7951
8163,7972
8138,7960
8048,7955
7938,7941
7861,7950
7707,7949
7668,7933
7622,7940
7489,7934
7550,7914
7512,7894
7423,7913
7453,7896
7430,7892
7415,7879
7401,7873
7426,7853
7423,7852
7447,7854
7450,7845
7500,7819
7475,7826
7443,7808
7356,7812
7367,7798
7365,7788
7358,7788
7395,7776
7400,7768
7383,7775
7414,7757
7347,7742
7300,7743
7334,7726
7387,7718
7378,7709
7411,7704
7317,7701
7330,7688
7372,7677
7413,7685
7374,7677
7249,7653
7284,7672
7365,7639
7327,7629
7277,7624
7189,7635
7271,7599
7502,7600
7218,7596
7128,7589
7322,7581
7092,7578
7117,7555
7295,7563
7260,7547
7171,7556
7202,7537
7265,7517
7130,7510
7148,7501
7200,7502
7136,7503
7139,7484
7225,7481
7141,7463
7160,7467
7196,7450
7108,7449
7278,7428
7125,7410
7136,7416
7231,7408
7102,7397
7201,7381
7109,7389
7121,7372
7202,7376
7073,7377
7209,7346
7025,7347
7181,7332
7085,7328
7181,7317
7057,7310
7097,7296
6970,7297
7140,7286
7032,7275
6993,7272
7010,7280
7005,7259
7038,7253
7115,7240
7080,7228
6936,7243
6988,7213
6927,7208
6932,7205
7031,7198
6993,7189
6974,7175
7047,7176
7101,7173
7137,7167
6991,7167
7182,7161
7240,7161
7143,7160
7186,7166
7158,7153
7211,7165
7093,7160
7166,7158
7380,7158
7167,7151
7361,7160
7140,7159
7096,7163
7165,7153
7083,7151
7223,7158
7348,7147
7210,7155
7299,7163
7260,7142
7322,7157
7277,7151
7141,7167
7319,7158
7184,7153
7297,7157
7391,7136
7287,7160
7492,7158
7202,7149
7180,7147
7266,7151
7147,7154
7259,7153
7214,7147
7261,7154
7275,7158
7189,7155
7176,7163
7175,7155
7296,7157
7076,7157
7135,7160
7273,7143
7179,7152
7246,7165
7182,7149
7162,7155
7292,7162
7156,7155
7150,7164
7244,7152
7118,7150
7286,7158
7079,7159
7297,7156
7145,7162
7071,7163
7280,7160
7086,7150
7319,7170
7292,7150
7218,7148
7342,7153
7203,7151
7175,7155
7188,7139
7124,7164
7389,7142
7123,7147
7314,7159
7209,7158
7155,7152
7215,7156
7078,7157
7225,7152
7169,7159
7148,7162
7204,7156
7298,7145
7244,7149
7264,7148
7186,7163
7249,7145
7175,7152
7311,7164
7288,7153
7360,7160
7375,7151
7107,7166
7389,7159
7198,7155
7144,7161
7353,7151
7118,7151
7297,7148
7270,7155
7340,7146
7264,7154
7159,7156
7279,7144
7098,7152
7167,7166
7288,7153
7107,7154
7263,7161
7216,7161
7211,7146
7225,7154
7145,7151
7207,7150
7120,7150
7119,7160
7348,7153
7160,7160
7306,7150
7214,7161
7148,7162
7279,7154
7162,7156
7240,7150
7255,7163
7257,7153
7267,7145
7143,7159
7351,7161
7086,7150
7214,7157
7360,7146
7205,7148
7405,7154
7136,7153
7074,7158
7208,7143
7081,7154
7231,7147
7171,7134
7146,7154
7260,7152
7256,7150
7254,7155
7234,7156
7084,7156
7268,7158
7097,7151
7222,7157
7256,7161
7240,7162
7306,7149
7132,7160
7368,7154
7182,7151
7137,7155
7309,7154
7121,7155
7318,7147
7276,7149
7264,7152
7272,7154
7178,7161
7271,7154
7148,7154
7184,7159
7287,7150
7172,7145
7280,7153
7185,7150
7147,7145
7150,7150
7212,7156
7216,7154
7151,7156
7168,7151
7333,7154
7136,7148
7311,7151
7151,7156
7097,7152
7269,7151
7149,7162
7205,7159
7288,7160
7189,7161
7263,7154
7244,7153
7345,7167
7202,7155
7146,7148
7285,7150
7182,7155
7304,7158
7209,7151
7283,7156
7238,7165
7118,7156
7251,7157
7149,7151
7217,7155
7234,7149
7205,7137
7238,7142
7210,7148
7107,7149
7213,7150
7189,7161
7258,7149
7175,7139
7205,7157
7255,7151
7207,7158
7308,7151
7178,7152
7189,7151
7238,7148
7128,7146
7313,7148
7272,7149
7342,7156
7385,7157
7107,7155
7363,7161
7167,7153
7138,7157
7278,7148
7211,7159
7310,7154
7236,7141
7219,7154
7226,7150
7294,7153
7247,7167
7234,7148
7192,7157
7339,7151
7212,7148
7236,7153
7203,7161
7217,7157
7282,7156
7111,7164
7254,7158
7167,7150
7146,7155
7271,7151
7176,7161
7310,7158
7158,7140
7210,7156
7172,7148
7239,7155
7301,7161
7118,7151
7303,7160
7183,7150
7093,7159
7251,7145
7133,7173
7179,7161
7243,7154
7261,7146
7298,7158
7186,7153
7272,7154
7251,7147
7178,7156
7253,7148
7115,7146
7140,7156
7357,7144
7086,7147
7289,7167
7230,7147
7186,7152
7221,7146
7117,7158
7204,7147
7111,7130
7220,7151
7280,7149
7121,7156
7300,7155
7103,7144
7142,7148
7122,7158
7168,7158
7294,7157
7211,7160
7222,7166
7244,7157
7220,7160
7205,7150
7231,7149
7127,7144
7288,7158
7219,7156
7296,7157
7189,7148
7294,7165
7247,7151
7101,7150
7321,7148
7058,7155
7183,7164
7347,7143
7093,7151
7341,7160
7194,7158
7105,7147
7148,7144
7118,7162
7321,7148
7133,7154
7293,7158
7189,7155
7035,7135
7271,7155
7146,7145
7178,7154
7211,7160
7284,7155
7229,7153
7186,7153
7254,7148
7279,7152
7228,7158
7309,7142
7116,7164
7258,7156
7406,7151
7117,7148
7340,7155
7205,7163
7328,7157
7244,7149
7094,7156
7274,7157
7170,7164
7311,7158
7319,7152
7322,7160
7290,7158
7101,7150
7177,7150
7113,7152
7131,7160
7340,7155
7107,7154
7282,7152
7279,7149
7188,7159
7320,7148
7215,7155
7168,7157
7220,7155
7207,7160
7271,7150
7244,7155
7235,7150
7287,7150
7228,7150
7222,7158
7171,7152
7235,7152
7351,7149
7241,7152
7321,7154
7212,7165
7348,7155
7146,7152
7164,7155
7375,7152
7144,7156
7312,7151
7192,7157
7320,7157
7229,7151
7160,7153
7189,7161
7248,7154
7208,7151
7205,7161
7277,7151
7235,7155
7278,7153
7176,7160
7338,7157
7112,7168
7228,7156
7346,7144
7265,7161
7362,7149
7212,7155
7364,7162
7345,7150
7126,7153
7296,7154
7120,7152
7247,7155
7373,7160
7249,7160
7345,7159
7211,7168
7391,7167
7334,7167
7445,7167
7520,7171
7365,7202
7529,7198
7438,7209
7462,7201
7489,7201
7471,7219
7528,7224
7418,7237
7513,7246
7482,7255
7571,7249
7460,7270
7591,7286
7583,7290
7575,7296
7550,7294
7580,7295
7563,7306
7645,7315
7554,7328
7634,7318
7618,7340
7684,7354
7571,7367
7586,7370
7647,7373
7580,7385
7718,7395
7660,7405
7681,7399
7562,7419
7666,7423
7695,7437
7619,7441
7693,7454
7683,7450
7684,7465
7708,7488
7677,7483
7734,7494
7747,7497
7659,7505
7729,7519
7810,7521
7704,7527
7656,7528
7879,7546
7714,7551
7671,7557
7667,7559
7693,7571
7685,7590
7853,7602
7810,7598
7798,7607
7756,7630
7772,7630
7822,7637
7791,7638
7770,7646
7786,7646
7860,7661
7856,7667
7813,7685
7834,7708
7883,7693
7848,7715
7905,7719
7784,7719
7863,7729
7921,7733
7899,7730
7933,7742
7811,7757
7807,7774
7830,7795
7801,7794
7910,7795
7934,7791
7941,7795
7921,7808
7909,7825
7922,7827
7883,7838
7914,7842
7966,7849
7972,7882
7976,7864
8007,7875
7981,7904
8032,7894
8022,7902
8095,7903
8056,7926
7990,7939
7928,7925
7995,7939
7896,7937
7927,7919
7902,7946
7903,7959
7867,7936
7856,7946
7881,7931
7824,7952
7857,7953
7835,7953
7791,7967
7803,7936
7847,7959
7826,7955
7841,7951
7811,7959
7831,7952
7798,7957
7822,7953
7803,7962
7809,7966
7822,7961
7826,7956
7797,7979
7804,7949
7796,7955
7801,7964
7783,7955
7843,7953
7793,7947
7792,7941
7750,7951
7779,7972
7782,7951
7793,7956
7752,7950
7793,7950
7785,7948
7794,7956
7790,7939
7793,7941
7791,7958
7793,7954
7796,7962
7811,7936
7799,7964
7807,7964
7843,7946
7935,7974
8026,7952
8085,7960
8189,7963
8314,7961
8392,7994
8373,7985
8418,7983
8419,8010
8467,8013
8472,8029
8491,8019
8448,8032
8459,8049
8470,8049
8487,8052
8452,8066
8405,8074
8382,8079
8418,8088
8488,8094
8516,8106
8568,8111
8556,8119
8531,8138
8468,8145
8438,8139
8416,8145
8563,8167
8648,8158
8642,8163
8548,8175
8552,8196
8540,8198
8570,8210
8665,8214
8701,8227
8595,8232
8592,8248
8645,8243
8655,8259
8663,8263
8585,8269
8555,8278
8694,8287
8656,8301
8581,8291
8621,8312
8734,8325
8659,8329
8474,8332
8662,8337
8680,8352
8592,8349
8635,8376
8606,8371
8693,8386
8697,8384
8701,8380
8715,8408
8639,8415
8714,8422
8707,8427
8650,8434
8738,8435
8620,8459
8627,8460
8782,8464
8745,8456
8716,8479
8751,8492
8675,8502
8794,8515
8681,8513
8802,8525
8685,8530
8737,8536
8877,8551
8755,8558
8834,8569
8708,8575
8872,8585
8747,8596
8843,8607
8767,8602
8898,8617
8849,8625
8916,8625
8879,8641
8964,8647
8846,8657
8926,8661
8881,8683
8949,8683
8820,8685
8943,8691
8939,8709
8973,8716
8915,8732
8770,8727
8806,8731
8797,8733
8846,8732
8818,8740
8835,8740
8902,8744
8605,8750
8789,8748
8540,8756
8630,8757
8825,8755
8609,8741
8755,8756
8677,8754
8599,8757
8649,8753
8600,8752
8763,8759
8577,8760
8660,8759
8747,8761
8582,8748
8765,8750
8609,8760
8666,8762
8700,8762
8645,8759
8718,8756
8639,8753
8786,8762
8729,8761
8595,8751
8718,8759
8561,8755
8725,8778
8700,8758
8613,8757
8752,8753
8651,8761
8712,8752
8638,8762
8474,8767
8639,8755
8564,8748
8732,8763
8789,8748
8629,8763
8769,8743
8607,8743
8610,8767
8614,8760
8622,8757
8766,8750
8613,8755
8701,8751
8764,8747
8613,8763
8795,8748
8653,8761
8595,8762
8637,8757
8588,8775
8753,8759
8682,8752
8840,8769
8709,8749
8583,8756
8704,8760
8660,8750
8735,8757
8719,8761
8631,8756
8806,8769
8624,8752
8774,8768
8635,8756
8592,8752
8803,8742
8536,8765
8711,8761
8798,8767
8707,8764
8755,8751
8597,8752
8624,8757
8701,8759
8646,8761
8704,8755
8625,8749
8775,8753
8783,8760
8554,8765
8760,8750
8577,8761
8702,8762
8613,8754
8624,8764
8824,8763
8680,8753
8803,8756
8685,8754
8504,8754
8740,8753
8573,8758
8702,8763
8747,8742
8625,8752
8830,8756
8758,8744
8753,8738
8656,8749
8683,8754
8751,8760
8631,8751
8706,8759
8698,8757
8734,8753
8742,8763
8570,8740
8652,8757
8655,8744
8550,8753
8789,8759
8551,8757
8854,8756
8748,8754
8547,8768
8704,8757
8572,8756
8765,8762
8628,8751
8588,8762
8781,8749
8624,8750
8774,8756
8679,8753
8582,8760
8737,8747
8524,8747
8742,8755
8812,8763
8707,8754
8787,8760
8732,8738
8746,8758
8772,8758
8654,8754
8680,8744
8686,8753
8708,8763
8750,8749
8637,8741
8723,8753
8568,8758
8672,8755
8640,8751
8737,8751
8777,8759
8570,8760
8820,8764
8692,8755
8575,8761
8708,8755
8550,8767
8748,8763
8751,8754
8565,8754
8797,8764
8652,8755
8808,8758
8695,8752
8579,8763
8708,8752
8534,8755
8715,8756
8662,8759
8705,8748
8745,8747
8628,8754
8606,8749
8748,8750
8626,8754
8725,8757
8585,8757
8779,8764
8699,8747
8525,8762
8704,8757
8544,8752
8617,8759
8639,8763
8571,8754
8764,8745
8648,8772
8771,8758
8661,8752
8658,8756
8659,8766
8634,8759
8791,8756
8746,8746
8734,8771
8825,8756
8640,8758
8784,8766
8599,8762
8580,8772
8788,8757
8554,8757
8700,8757
8732,8754
8767,8770
8734,8758
8549,8767
8714,8753
8620,8751
8687,8754
8783,8774
8631,8756
8721,8748
8686,8764
8519,8751
8700,8771
8528,8760
8689,8775
8558,8747
8590,8757
8850,8754
8653,8755
8842,8755
8665,8755
8592,8754
8727,8762
8609,8752
8761,8766
8771,8749
8700,8762
8743,8757
8672,8758
8699,8765
8656,8761
8625,8748
8754,8746
8607,8748
8751,8757
8675,8752
8774,8750
8678,8753
8520,8749
8687,8756
8582,8749
8658,8759
8790,8759
8554,8753
8797,8762
8697,8775
8586,8758
8769,8751
8641,8759
8724,8759
8588,8750
8704,8751
8839,8759
8605,8755
8798,8749
8587,8756
8631,8753
8671,8744
8553,8767
8759,8758
8788,8745
8696,8762
8758,8755
8612,8755
8780,8760
8611,8757
8678,8759
8773,8756
8633,8758
8779,8756
8647,8748
8814,8757
8713,8751
8590,8745
8660,8756
8645,8766
8662,8759
8780,8756
8702,8760
8907,8753
8666,8758
8604,8750
8726,8749
8541,8754
8679,8745
8570,8752
8614,8760
8818,8752
8698,8751
8734,8757
8706,8751
8713,8769
8654,8754
8586,8764
8750,8749
8672,8761
8773,8757
8640,8756
8595,8755
8724,8756
8570,8759
8675,8762
8752,8752
8626,8744
8832,8767
8602,8747
8772,8762
8741,8763
8627,8752
8708,8759
8641,8748
8705,8760
8765,8757
8723,8755
8788,8758
8621,8749
8605,8747
8652,8760
8663,8755
8791,8755
8567,8763
8733,8759
8783,8763
8588,8756
8807,8764
8663,8754
8642,8759
8631,8754
8640,8743
8812,8756
8682,8762
8759,8753
8724,8755
8598,8750
8772,8762
8610,8756
8640,8767
8734,8769
8729,8751
8820,8752
8624,8759
8745,8748
8688,8765
8622,8763
8759,8762
8617,8757
8677,8757
8769,8758
8644,8754
8801,8763
8661,8765
8627,8759
8680,8754
8553,8747
8804,8748
8720,8749
8707,8761
8685,8755
8541,8781
8695,8765
8548,8755
8636,8761
8801,8750
8625,8757
8817,8749
8660,8753
8700,8765
8705,8758
8554,8756
8686,8745
8605,8765
8659,8751
8780,8760
8648,8759
8757,8746
8688,8765
8702,8757
8738,8759
8716,8750
8696,8746
8642,8752
8718,8758
8690,8775
8654,8759
8746,8755
8631,8753
8629,8751
8575,8756
8621,8755
8819,8752
8614,8747
8800,8746
8667,8740
8599,8758
8709,8754
8521,8762
8540,8749
8632,8745
8594,8742
8629,8741
8456,8713
8651,8721
8429,8719
8440,8703
8529,8707
8329,8710
8504,8689
8380,8688
8552,8684
8396,8668
8346,8653
8369,8658
8368,8643
8357,8632
8334,8628
8315,8617
8325,8605
8313,8605
8271,8596
8226,8579
8349,8590
8275,8568
8353,8563
8212,8555
8255,8560
8159,8536
8329,8537
8197,8536
8232,8527
8251,8514
8246,8496
8331,8496
8208,8487
8254,8472
8349,8465
8299,8465
8256,8443
8278,8454
8249,8431
8290,8439
8287,8420
8215,8419
8246,8411
8233,8383
8285,8396
8292,8378
8235,8359
8186,8362
8267,8352
8065,8359
8196,8341
8386,8333
8428,8319
8177,8302
8001,8311
8314,8284
8213,8273
8067,8295
8056,8291
8190,8277
8117,8264
8087,8238
8038,8252
8079,8238
8141,8228
8080,8205
8003,8217
8038,8204
8112,8193
8133,8183
8093,8176
8090,8180
7973,8165
7970,8148
8144,8149
8213,8160
8082,8141
8057,8134
7987,8098
8002,8139
7991,8108
7991,8088
8030,8076
8106,8056
8061,8071
8089,8075
8051,8039
8046,8031
7985,8051
7954,8026
7973,8028
7956,8034
7896,8009
7925,8010
7942,7989
7926,7986
8006,7968
8010,7972
8046,7979
7979,7933
7988,7960
8063,7954
8107,7962
8100,7951
8057,7966
8099,7960
8111,7949
8131,7949
8129,7967
8162,7952
8156,7978
8131,7973
8162,7951
8161,7949
8165,7967
8168,7952
8139,7960
8184,7944
8145,7969
8184,7942
8161,7979
8157,7957
8156,7939
8169,7966
8188,7928
8168,7962
8159,7972
8182,7949
8174,7964
8130,7960
8150,7956
8178,7929
8164,7963
8169,7965
8179,7969
8166,7986
8140,7959
8159,7933
8147,7956
8145,7960
8116,7957
8142,7947
8162,7963
8125,7963
8123,7947
8095,7948
7992,7944
7855,7956
7808,7951
7680,7927
7570,7938
7515,7918
7525,7919
7433,7914
7439,7922
7436,7888
7458,7883
7425,7878
7424,7865
7402,7864
7435,7837
7454,7852
7468,7840
7491,7841
7450,7818
7478,7828
7403,7816
7342,7801
7335,7804
7375,7783
7328,7784
7395,7774
7366,7772
7399,7745
7350,7762
7312,7741
7302,7724
7312,7726
7418,7729
7429,7719
7382,7706
7300,7685
7304,7686
7428,7669
7408,7658
7282,7668
7278,7662
7269,7648
7355,7642
7328,7634
7247,7608
7273,7607
7247,7607
7292,7594
7134,7595
7220,7576
7243,7590
7092,7564
7178,7550
7225,7548
7243,7542
7091,7541
7251,7529
7209,7522
7090,7521
7186,7492
7203,7490
7150,7485
7189,7489
7196,7460
7077,7469
7185,7440
7171,7452
7179,7438
7148,7442
7101,7429
7173,7408
7032,7410
7197,7394
7212,7385
7066,7381
7208,7378
7124,7371
7132,7359
7066,7351
7140,7338
7154,7337
7048,7326
7140,7325
7032,7322
7089,7303
7031,7309
7047,7284
6969,7281
7101,7267
7016,7255
7032,7250
6925,7247
7004,7232
6918,7235
7021,7220
6969,7218
6905,7211
6984,7193
6946,7189
7047,7180
7092,7177
7011,7162
7009,7174
7073,7175
7066,7161
6960,7157
7087,7163
7135,7155
7148,7177
7219,7161
7116,7165
7283,7149
7088,7169
7185,7171
7309,7155
7215,7154
7267,7157
7069,7164
7370,7161
7142,7152
7130,7160
7236,7164
7147,7145
7313,7173
7399,7157
7168,7151
7389,7149
7194,7152
7152,7149
7259,7152
7122,7150
7269,7151
7131,7158
7268,7160
7311,7160
7248,7148
7315,7158
7241,7163
7117,7153
7270,7152
7171,7151
7294,7142
7169,7151
7310,7153
7221,7161
7114,7159
7207,7141
7101,7157
7233,7155
7292,7160
7137,7148
7247,7154
7294,7149
7181,7156
7289,7164
7097,7152
7170,7167
7090,7163
7206,7147
7224,7152
7140,7173
7297,7160
7097,7148
7216,7160
7094,7145
7134,7163
7309,7139
7042,7147
7310,7162
7415,7151
7207,7143
7390,7158
7123,7151
7147,7157
7180,7154
7191,7166
7221,7145
7150,7147
7311,7167
7208,7146
7110,7150
7297,7152
7207,7151
7287,7164
7288,7143
7245,7153
7304,7148
7269,7156
7367,7158
7173,7149
7046,7153
7300,7145
7088,7162
7215,7153
7333,7155
7189,7149
7323,7157
7113,7157
7126,7161
7223,7142
7220,7159
7422,7152
7162,7154
7366,7153
7229,7153
7113,7160
7196,7158
7055,7153
7192,7160
7285,7149
7156,7146
7229,7151
7232,7160
7271,7154
7293,7150
7155,7144
7133,7153
7119,7156
7250,7155
7274,7150
7147,7140
7301,7158
7214,7145
7246,7158
7167,7162
7191,7153
7285,7151
7104,7148
7299,7149
7261,7161
7084,7153
7289,7154
7086,7156
7196,7145
7168,7159
7221,7155
7212,7163
7147,7157
7308,7153
7177,7162
7179,7148
7223,7157
7238,7146
7159,7157
7229,7157
7234,7140
7225,7156
7185,7145
7393,7155
7165,7147
7110,7169
7263,7157
7119,7157
7268,7159
7355,7147
7178,7156
7307,7153
7220,7149
7128,7163
7189,7146
7206,7152
7321,7158
7076,7143
7260,7152
7198,7149
7146,7156
7195,7154
7017,7150
7173,7155
7134,7157
7203,7157
7224,7151
7152,7159
7286,7159
7254,7163
7113,7160
7221,7156
7073,7155
7227,7154
7269,7150
7231,7153
7247,7155
7178,7157
7235,7161
7253,7143
7121,7166
7253,7156
7123,7150
7253,7155
7269,7158
7247,7147
7311,7149
7112,7148
7231,7158
7125,7163
7188,7162
7212,7149
7163,7159
7180,7152
7212,7145
7129,7146
7251,7151
7176,7155
7169,7147
7332,7148
7222,7150
7269,7161
7185,7157
7349,7152
7174,7158
7181,7155
7175,7143
7206,7158
7247,7164
7312,7152
7246,7145
7281,7142
7219,7157
7280,7153
7237,7150
7172,7149
7306,7169
7103,7156
7298,7157
7277,7151
7305,7147
7280,7152
7093,7148
7205,7162
7149,7157
7162,7147
7177,7146
7159,7155
7215,7155
7192,7152
7242,7149
7215,7161
7119,7156
7274,7145
7177,7156
7261,7160
7197,7148
7217,7159
7318,7153
7284,7152
7145,7147
7240,7162
7190,7159
7259,7159
7246,7145
7262,7150
7232,7162
7157,7154
7305,7158
7072,7151
7216,7161
7349,7150
7101,7146
7314,7144
7235,7150
7294,7157
7277,7152
7110,7158
7188,7160
7194,7154
7217,7172
7261,7154
7155,7160
7341,7152
7230,7149
7132,7148
7249,7153
7174,7157
7213,7160
7201,7165
7161,7154
7328,7148
7185,7151
7318,7159
7186,7137
7066,7160
7274,7139
7161,7166
7295,7159
7278,7152
7291,7155
7185,7153
7124,7162
7213,7150
7090,7152
7111,7161
7254,7164
7160,7156
7158,7151
7198,7156
7211,7146
7208,7152
7179,7152
7273,7158
7181,7151
7199,7147
7314,7156
7122,7151
7367,7146
7162,7148
7118,7160
7263,7144
7089,7147
7274,7140
7340,7148
7191,7159
7303,7156
7179,7153
7358,7148
7148,7150
7184,7148
7308,7151
7142,7148
7325,7157
7205,7154
7286,7158
7269,7153
7222,7156
7284,7152
7197,7153
7218,7148
7316,7157
7145,7155
7357,7138
7235,7141
7151,7154
7286,7152
7114,7156
7196,7168
7146,7155
7218,7155
7279,7152
7156,7150
7399,7163
7196,7150
7136,7149
7214,7153
7189,7153
7402,7148
7257,7158
7333,7158
7247,7147
7115,7159
7260,7155
7064,7160
7208,7162
7266,7161
7177,7152
7203,7151
7329,7141
7208,7151
7236,7160
7238,7157
7206,7148
7243,7152
7182,7147
7244,7153
7165,7147
7308,7153
7172,7153
7164,7157
7177,7157
7104,7162
7294,7166
7114,7149
7216,7151
7322,7154
7120,7149
7346,7156
7160,7160
7213,7155
7161,7159
7173,7154
7368,7156
7224,7140
7281,7160
7230,7150
7194,7153
7220,7163
7158,7152
7255,7165
7254,7152
7148,7147
7323,7154
7297,7160
7306,7149
7349,7164
7142,7156
7229,7156
7181,7160
7179,7156
7284,7145
7208,7152
7329,7162
7286,7155
7182,7158
7243,7149
7174,7159
7362,7158
7198,7145
7406,7154
7336,7159
7298,7169
7357,7153
7291,7174
7437,7187
7384,7193
7438,7191
7442,7198
7453,7192
7504,7230
7459,7224
7479,7230
7484,7241
7579,7242
7518,7261
7512,7271
7494,7266
7498,7278
7588,7284
7579,7304
7566,7285
7549,7311
7623,7315
7603,7320
7610,7332
7648,7338
7593,7350
7649,7375
7602,7370
7673,7382
7608,7382
7677,7396
7636,7399
7619,7406
7693,7415
7615,7419
7720,7425
7636,7424
7673,7441
7760,7441
7650,7457
7670,7481
7708,7472
7669,7478
7710,7499
7727,7505
7750,7500
7787,7510
7711,7532
7628,7527
7793,7547
7806,7548
7789,7548
7683,7567
7768,7568
7673,7588
7719,7569
7817,7567
7781,7610
7691,7618
7774,7618
7873,7632
7838,7645
7725,7648
7806,7650
7818,7664
7841,7659
7762,7678
7822,7681
7808,7691
7876,7709
7842,7710
7827,7723
7765,7737
7890,7739
7919,7722
7970,7735
7945,7752
7815,7769
7792,7775
7871,7770
7887,7780
7947,7801
7931,7804
7950,7801
7884,7821
7942,7846
7909,7843
7862,7839
7875,7830
7965,7858
7999,7864
8004,7875
7974,7885
7988,7892
8028,7891
8108,7908
8019,7929
7995,7934
7942,7943
7994,7929
7938,7931
7911,7951
7878,7975
7909,7954
7884,7954
7898,7947
7862,7951
7863,7941
7854,7940
7823,7952
7835,7961
7833,7949
7856,7948
7834,7961
7829,7973
7824,7959
7784,7961
7836,7943
7828,7935
7838,7956
7792,7951
7837,7950
7778,7928
7801,7956
7829,7966
7776,7969
7778,7933
7775,7942
7838,7954
7785,7961
7789,7941
7771,7953
7773,7948
7800,7948
7771,7959
7766,7968
7773,7944
7791,7955
7775,7928
7791,7955
7791,7944
7779,7940
7790,7972
7796,7949
7816,7953
7811,7950
7816,7958
7829,7942
7887,7955
7990,7969
8073,7969
8247,7962
8202,7964
8316,7969
8382,7976
8426,7967
8439,7994
8466,8003
8477,8002
8475,8026
8439,8023
8473,8052
8466,8037
8421,8053
8400,8061
8428,8072
8381,8077
8409,8078
8474,8080
8491,8107
8510,8090
8518,8120
8467,8127
8593,8147
8460,8135
8432,8143
8459,8157
8614,8160
8709,8175
8617,8170
8560,8180
8526,8202
8584,8203
8573,8199
8644,8226
8610,8230
8531,8229
8626,8241
8677,8251
8703,8255
8631,8273
8552,8277
8682,8278
8657,8282
8673,8305
8531,8309
8699,8315
8705,8324
8556,8333
8516,8338
8697,8352
8751,8351
8559,8382
8587,8374
8807,8376
8688,8382
8617,8388
8739,8401
8667,8416
8646,8416
8785,8429
8665,8437
8690,8432
8786,8446
8734,8465
8624,8463
8727,8481
8716,8485
8723,8479
8726,8494
8815,8509
8718,8520
8734,8510
8881,8541
8688,8537
8929,8550
8726,8560
8808,8553
8741,8576
8789,8564
8822,8581
8792,8583
8811,8601
8794,8623
8888,8613
8885,8630
8891,8641
8889,8639
8880,8668
8871,8656
8939,8670
8914,8671
8889,8683
8860,8701
8875,8695
8914,8723
8899,8721
8998,8727
8896,8715
8777,8734
8816,8733
8708,8752
8929,8743
8822,8753
8807,8751
8711,8748
8593,8751
8826,8760
8595,8750
8609,8760
8721,8756
8630,8749
8786,8760
8591,8762
8804,8763
8649,8758
8588,8761
8709,8751
8618,8737
8708,8758
8759,8756
8687,8755
8694,8729
8639,8759
8667,8759
8574,8756
8648,8762
8809,8768
8634,8753
8756,8754
8756,8756
8524,8772
8692,8769
8550,8758
8685,8754
8505,8758
8616,8756
8737,8754
8657,8755
8689,8765
8645,8753
8609,8748
8716,8746
8594,8765
8706,8746
8779,8746
8752,8760
8886,8766
8578,8757
8862,8764
8656,8751
8589,8750
8772,8751
8593,8748
8722,8757
8746,8755
8632,8755
8755,8751
8624,8754
8663,8754
8618,8749
8608,8754
8806,8756
8657,8748
8763,8762
8585,8746
8642,8752
8744,8754
8565,8752
8685,8755
8517,8751
8571,8756
8806,8743
8625,8752
8766,8757
8751,8763
8563,8755
8781,8759
8633,8755
8733,8761
8754,8741
8749,8751
8721,8760
8641,8770
8716,8751
8623,8756
8683,8744
8817,8754
8617,8748
8725,8756
8695,8752
8772,8759
8811,8743
8560,8746
8674,8768
8518,8760
8634,8755
8817,8750
8606,8761
8742,8757
8688,8750
8582,8752
8729,8755
8572,8756
8684,8755
8600,8753
8781,8753
8852,8756
8556,8752
8797,8758
8604,8758
8615,8758
8698,8763
8572,8763
8687,8759
8742,8757
8691,8756
8797,8757
8736,8774
8740,8746
8594,8749
8687,8756
8860,8761
8695,8750
8789,8762
8660,8751
8764,8759
8733,8749
8537,8758
8676,8762
8576,8753
8626,8753
8822,8746
8664,8752
8761,8772
8706,8750
8516,8757
8756,8757
8593,8754
8751,8749
8626,8762
8698,8762
8815,8748
8656,8754
8738,8761
8678,8756
8688,8757
8716,8755
8643,8753
8732,8760
8683,8759
8720,8761
8733,8744
8580,8764
8707,8762
8531,8758
8698,8757
8854,8750
8593,8756
8826,8759
8707,8766
8577,8761
8737,8746
8549,8754
8731,8775
8588,8759
8661,8757
8778,8757
8618,8764
8823,8749
8617,8758
8577,8763
8715,8756
8589,8759
8782,8749
8750,8748
8693,8748
8816,8748
8655,8754
8816,8756
8590,8752
8727,8753
8852,8755
8592,8769
8764,8755
8653,8753
8719,8754
8700,8764
8562,8763
8632,8773
8582,8759
8709,8759
8834,8756
8652,8741
8786,8758
8616,8763
8622,8776
8699,8759
8544,8750
8770,8764
8585,8757
8728,8763
8754,8757
8600,8768
8793,8763
8668,8751
8589,8754
8748,8751
8616,8753
8762,8758
8776,8762
8764,8753
8762,8756
8622,8768
8696,8756
8547,8755
8714,8759
8779,8765
8641,8748
8771,8764
8624,8759
8787,8762
8708,8755
8574,8757
8699,8761
8564,8755
8630,8758
8793,8748
8707,8756
8773,8766
8638,8751
8671,8757
8676,8758
8634,8763
8761,8762
8599,8746
8793,8757
8757,8765
8591,8751
8794,8769
8601,8752
8612,8750
8695,8757
8751,8757
8862,8759
8667,8758
8808,8760
8726,8765
8581,8766
8730,8763
8520,8744
8674,8753
8820,8749
8614,8750
8754,8763
8636,8752
8804,8758
8644,8745
8550,8769
8750,8760
8618,8771
8706,8752
8776,8750
8702,8760
8792,8750
8643,8756
8560,8766
8722,8753
8611,8763
8761,8751
8599,8753
8715,8760
8808,8752
8658,8756
8733,8750
8639,8757
8720,8755
8645,8756
8667,8755
8754,8759
8595,8759
8768,8752
8723,8743
8565,8765
8724,8755
8530,8752
8685,8748
8875,8746
8684,8752
8800,8763
8738,8756
8797,8761
8710,8762
8574,8772
8637,8759
8685,8758
8710,8749
8706,8767
8718,8762
8787,8758
8654,8753
8607,8768
8710,8745
8667,8755
8787,8752
8622,8752
8750,8755
8745,8765
8592,8752
8716,8753
8538,8748
8656,8761
8741,8756
8653,8767
8714,8759
8688,8751
8783,8760
8746,8755
8623,8751
8741,8755
8562,8761
8731,8758
8775,8748
8662,8760
8715,8752
8630,8748
8662,8763
8658,8755
8599,8754
8809,8746
8603,8757
8766,8763
8769,8749
8566,8751
8832,8759
8580,8760
8665,8752
8667,8759
8672,8749
8751,8749
8647,8757
8720,8756
8740,8749
8656,8766
8669,8756
8604,8759
8762,8759
8852,8771
8677,8755
8770,8756
8671,8758
8787,8763
8671,8758
8659,8754
8738,8761
8641,8761
8691,8759
8734,8747
8743,8761
8776,8751
8607,8752
8649,8759
8633,8759
8636,8774
8814,8752
8581,8754
8777,8755
8680,8766
8546,8766
8785,8753
8546,8747
8632,8763
8593,8761
8668,8750
8738,8749
8716,8758
8799,8749
8804,8753
8611,8755
8718,8760
8631,8759
8711,8758
8821,8757
8640,8765
8693,8760
8689,8743
8681,8770
8669,8754
8620,8751
8676,8755
8747,8764
8639,8759
8679,8760
8737,8758
8772,8764
8595,8764
8652,8762
8669,8763
8603,8767
8759,8760
8565,8755
8751,8764
8730,8764
8565,8757
8640,8742
8468,8743
8606,8753
8440,8737
8590,8736
8654,8735
8331,8727
8656,8719
8395,8711
8377,8709
8410,8685
8303,8691
8511,8676
8302,8658
8534,8666
8437,8663
8383,8648
8387,8649
8372,8629
8330,8625
8325,8611
8311,8608
8306,8597
8225,8593
8285,8585
8293,8567
8340,8569
8253,8560
8280,8549
8265,8548
8236,8528
8333,8526
8112,8513
8240,8505
8356,8496
8227,8501
8262,8499
8227,8477
8311,8472
8241,8464
8300,8453
8298,8449
8274,8437
8318,8434
8231,8432
8238,8408
8307,8407
8258,8397
8233,8373
8278,8388
8313,8371
8250,8357
8155,8357
8252,8342
8215,8326
8353,8333
8384,8341
8361,8305
8027,8314
8247,8307
8175,8275
8069,8274
8021,8280
8191,8276
8152,8273
8064,8248
7990,8238
8059,8249
8143,8239
8102,8208
8069,8212
7981,8226
8073,8183
8170,8207
8123,8188
8057,8182
7997,8168
8002,8169
8034,8156
8137,8144
8129,8128
8003,8125
8012,8120
7972,8111
7970,8097
7971,8115
8009,8077
8049,8080
8106,8083
8095,8059
8060,8034
8051,8044
8071,8050
7924,8030
7969,8040
7975,8012
7886,8004
7903,7987
7906,7996
7929,7994
8059,7981
8005,7979
8024,7982
7995,7981
8022,7971
8020,7968
8051,7958
8095,7965
8074,7965
8105,7968
8095,7983
8095,7963
8110,7957
8121,7957
8135,7960
8137,7969
8138,7953
8141,7956
8157,7949
8153,7969
8134,7943
8158,7958
8152,7963
8188,7962
8148,7943
8192,7969
8142,7944
8134,7965
8161,7944
8190,7947
8171,7950
8177,7976
8170,7953
8174,7959
8164,7949
8157,7952
8168,7964
8161,7963
8186,7953
8161,7955
8162,7940
8170,7939
8149,7950
8157,7954
8115,7946
8117,7953
8127,7950
8125,7976
8110,7962
8104,7947
7997,7959
7967,7946
7841,7950
7693,7948
7689,7952
7623,7938
7490,7913
7498,7915
7381,7908
7413,7908
7439,7892
7452,7884
7431,7891
7428,7861
7421,7874
7444,7863
7437,7844
7448,7833
7475,7834
7476,7828
7409,7820
7355,7797
7343,7805
7309,7795
7309,7782
7404,7765
7406,7772
7421,7754
7374,7751
7306,7746
7337,7738
7324,7721
7366,7731
7415,7716
7383,7692
7325,7701
7322,7686
7330,7682
7410,7675
7374,7676
7257,7654
7295,7654
7329,7629
7349,7640
7202,7629
7183,7607
7349,7601
7413,7622
7161,7593
7171,7585
7261,7588
7193,7576
7144,7566
7287,7559
7215,7541
7141,7528
7219,7518
7267,7522
7185,7500
7120,7498
7189,7509
7138,7487
7131,7484
7208,7480
7180,7470
7215,7448
7206,7461
7140,7454
7193,7435
7116,7420
7171,7427
7225,7406
7068,7408
7225,7377
7058,7378
7069,7368
7208,7376
7114,7360
7240,7352
7042,7358
7217,7327
7076,7323
7148,7327
7088,7308
7070,7294
6988,7295
7093,7284
6999,7286
7058,7279
7040,7267
7096,7261
6977,7253
7099,7245
7062,7227
6998,7230
6974,7212
6986,7212
6949,7191
6940,7195
6957,7182
7035,7181
7037,7176
7074,7171
7086,7160
6971,7168
6982,7161
7129,7157
7114,7152
7273,7166
7243,7158
7277,7145
7232,7154
7056,7164
7303,7159
7091,7152
7275,7150
7226,7164
7174,7160
7303,7161
7134,7154
7311,7155
7196,7158
7071,7153
7334,7152
7086,7144
7247,7161
7457,7142
7182,7149
7376,7159
7249,7146
7130,7150
7325,7132
7076,7158
7300,7155
7223,7162
7260,7144
7322,7154
7184,7158
7322,7158
7162,7145
7155,7158
7240,7146
7183,7147
7310,7155
7271,7144
7332,7161
7165,7157
7131,7149
7175,7159
7110,7153
7170,7154
7222,7160
7138,7157
7224,7159
7180,7146
7226,7159
7143,7156
7102,7150
7226,7168
7045,7165
7192,7165
7291,7156
7209,7159
7396,7143
7099,7140
7103,7154
7225,7147
7122,7156
7321,7158
7128,7147
7312,7153
7242,7141
7102,7145
7295,7154
7153,7157
7281,7160
7074,7158
7129,7166
7364,7162
7190,7154
7262,7163
7222,7164
7186,7161
7210,7146
7185,7159
7268,7161
7345,7146
7217,7154
7344,7158
7144,7160
7315,7153
7199,7152
7166,7154
7277,7146
7183,7159
7258,7149
7274,7155
7291,7166
7311,7162
7182,7145
7228,7157
7175,7148
7202,7170
7380,7151
7161,7155
7368,7159
7153,7150
7078,7147
7171,7158
7116,7155
7162,7158
7139,7163
7186,7159
7246,7147
7251,7155
7224,7153
7202,7149
7127,7152
7200,7149
7109,7147
7268,7162
7243,7158
7239,7151
7284,7162
7115,7160
7290,7144
7177,7153
7106,7147
7338,7153
7145,7155
7361,7154
7268,7142
7356,7168
7306,7156
7104,7153
7276,7150
7085,7152
7247,7159
7342,7151
7135,7162
7263,7161
7230,7150
7205,7158
7207,7148
7210,7156
7266,7153
7163,7162
7220,7152
7386,7147
7079,7157
7319,7157
7162,7154
7134,7150
7281,7159
7078,7154
7212,7159
7315,7164
7224,7152
7277,7147
7209,7149
7219,7158
7148,7150
7244,7150
7305,7145
7213,7163
7333,7156
7162,7156
7029,7152
7218,7156
7167,7143
7176,7150
7143,7162
7191,7155
7291,7162
7275,7156
7211,7158
7221,7152
7090,7152
7246,7156
7096,7149
7282,7150
7227,7164
7203,7155
7244,7157
7164,7150
7358,7153
7151,7151
7084,7155
7277,7154
7184,7157
7265,7157
7318,7140
7282,7146
7316,7151
7151,7157
7217,7153
7134,7156
7229,7143
7290,7164
7183,7152
7268,7160
7250,7149
7216,7169
7193,7161
7310,7152
7265,7140
7230,7150
7173,7152
7319,7144
7177,7152
7320,7162
7199,7158
7199,7145
7237,7149
7087,7161
7248,7155
7346,7152
7215,7154
7330,7160
7183,7148
7338,7152
7136,7149
7138,7152
7311,7160
7210,7155
7371,7159
7198,7156
7290,7158
7239,7157
7142,7155
7221,7159
7138,7149
7201,7148
7283,7149
7218,7159
7283,7147
7218,7159
7153,7155
7296,7149
7237,7152
7244,7151
7226,7160
7209,7148
7276,7155
7233,7145
7223,7154
7143,7162
7174,7149
7198,7157
7150,7154
7325,7152
7276,7164
7326,7152
7280,7136
7054,7148
7239,7168
7068,7152
7186,7169
7221,7153
7175,7158
7316,7167
7198,7153
7253,7157
7287,7150
7253,7139
7250,7156
7227,7147
7162,7160
7343,7154
7228,7151
7309,7158
7213,7138
7196,7164
7189,7152
7119,7151
7272,7166
7077,7151
7218,7157
7326,7157
7118,7160
7332,7158
7231,7154
7192,7164
7241,7149
7175,7157
7325,7160
7195,7162
7238,7144
7189,7151
7142,7151
7191,7145
7135,7151
7174,7164
7152,7159
7287,7147
7240,7154
7163,7158
7245,7162
7258,7164
7154,7158
7175,7157
7122,7161
7212,7149
7401,7150
7113,7164
7334,7166
7216,7156
7164,7162
7179,7156
7072,7152
7298,7149
7269,7156
7244,7159
7241,7144
7051,7160
7352,7161
7138,7152
7160,7165
7247,7155
7162,7164
7279,7156
7252,7154
7251,7171
7244,7138
7208,7150
7197,7157
7217,7149
7118,7144
7287,7154
7254,7154
7239,7154
7253,7151
7198,7156
7313,7157
7215,7152
7267,7153
7128,7158
7311,7167
7345,7144
7171,7154
7377,7163
7250,7154
7227,7155
7209,7162
7119,7153
7368,7150
7199,7144
7244,7154
7230,7151
7061,7159
7288,7149
7165,7148
7210,7156
7201,7151
7280,7163
7255,7145
7188,7153
7262,7136
7269,7158
7206,7152
7218,7149
7112,7157
7189,7141
7333,7157
7137,7150
7253,7167
7195,7148
7168,7159
7224,7153
7165,7157
7277,7151
7168,7163
7297,7160
7287,7159
7131,7144
7282,7158
7114,7152
7240,7159
7143,7159
7192,7153
7281,7149
7241,7157
7270,7157
7228,7155
7182,7154
7272,7150
7207,7154
7220,7153
7307,7154
7253,7155
7355,7154
7280,7150
7321,7158
7344,7155
7126,7141
7242,7164
7203,7148
7216,7160
7347,7160
7158,7148
7324,7154
7175,7164
7233,7155
7219,7151
7208,7160
7445,7160
7220,7155
7387,7157
7375,7167
7348,7173
7405,7175
7346,7190
7474,7185
7389,7206
7496,7194
7515,7212
7440,7224
7536,7222
7450,7242
7663,7234
7516,7250
7534,7254
7526,7274
7584,7277
7558,7279
7592,7302
7546,7302
7623,7299
7588,7320
7608,7328
7549,7330
7610,7344
7604,7343
7635,7345
7588,7365
7681,7364
7600,7382
7595,7386
7690,7385
7632,7403
7641,7416
7675,7421
7624,7424
7705,7428
7701,7436
7740,7435
7725,7461
7716,7469
7701,7465
7698,7478
7724,7485
7750,7490
7734,7506
7691,7513
7798,7521
7751,7528
7781,7530
7868,7551
7809,7567
7652,7559
7732,7570
7692,7575
7671,7584
7779,7589
7784,7611
7721,7607
7717,7622
7809,7628
7843,7626
7759,7643
7764,7654
7841,7657
7843,7661
7842,7677
7755,7684
7811,7698
7935,7692
7893,7723
7876,7714
7835,7721
7832,7739
7839,7741
7986,7767
7957,7753
7928,7776
7798,7759
7855,7781
7845,7801
7919,7794
7903,7786
7945,7816
7936,7823
7873,7826
7865,7838
7850,7846
7869,7856
7948,7857
7969,7856
7988,7843
8016,7878
7995,7870
8036,7881
8062,7882
8037,7933
8039,7934
8035,7936
7983,7933
7962,7932
7947,7945
7988,7950
7904,7967
7894,7928
7897,7950
7890,7930
7847,7945
7856,7966
7852,7947
7829,7981
7810,7938
7841,7979
7839,7945
7802,7954
7835,7948
7801,7958
7812,7945
7820,7935
7797,7942
7791,7983
7804,7965
7814,7965
7781,7947
7825,7965
7807,7939
7784,7947
7777,7963
7811,7954
7799,7946
7803,7951
7785,7940
7795,7957
7822,7961
7783,7965
7752,7961
7797,7955
7787,7947
7769,7969
7799,7961
7792,7958
7780,7949
7808,7944
7799,7965
7790,7948
7793,7959
7815,7969
7832,7967
7848,7963
7937,7965
8001,7962
8100,7970
8224,7959
8343,7961
8317,7983
8410,7968
8434,7991
8446,7996
8473,8016
8511,8007
8511,8022
8466,8033
8452,8049
8439,8055
8463,8050
8420,8073
8425,8072
8371,8086
8440,8080
8455,8103
8481,8106
8515,8104
8532,8117
8566,8119
8447,8137
8425,8140
8412,8154
8617,8160
8590,8164
8635,8178
8574,8194
8548,8196
8551,8208
8630,8204
8624,8225
8605,8229
8585,8229
8541,8230
8675,8245
8679,8261
8646,8263
8550,8276
8544,8274
8646,8281
8676,8302
8553,8313
8574,8314
8714,8319
8600,8329
8479,8341
8609,8339
8763,8355
8505,8360
8692,8364
8811,8364
8763,8383
8608,8393
8742,8391
8655,8406
8642,8424
8686,8416
8698,8433
8634,8432
8703,8444
8713,8457
8702,8457
8742,8477
8702,8483
8764,8487
8666,8492
8689,8486
8903,8506
8727,8523
8878,8531
8802,8542
8848,8549
8829,8562
8699,8551
8869,8566
8753,8582
8907,8581
8770,8592
8833,8587
8776,8595
8825,8612
8836,8622
8901,8630
8824,8637
8958,8644
8825,8656
8932,8657
8884,8689
8950,8678
8770,8688
8817,8695
8886,8707
8888,8714
8981,8716
8886,8723
8933,8724
8807,8738
8829,8736
8668,8743
8656,8753
8898,8755
8693,8752
8814,8752
8706,8745
8571,8746
8724,8761
8610,8756
8674,8760
8822,8751
8712,8748
8761,8760
8621,8751
8730,8767
8635,8741
8628,8766
8784,8750
8620,8760
8780,8746
8685,8757
8705,8748
8767,8763
8594,8743
8592,8758
8647,8756
8666,8766
8767,8748
8580,8751
8773,8758
8633,8762
8553,8750
8621,8753
8552,8756
8680,8753
8600,8744
8688,8758
8712,8755
8543,8759
8723,8761
8651,8754
8587,8757
8685,8764
8534,8750
8757,8748
8853,8753
8694,8768
8803,8758
8581,8749
8808,8764
8600,8750
8553,8753
8719,8762
8700,8757
8655,8755
8674,8749
8766,8768
8778,8759
8633,8768
8689,8764
8585,8750
8762,8761
8785,8765
8667,8762
8816,8757
8647,8756
8611,8761
8694,8750
8511,8755
8689,8760
8585,8746
8668,8755
8736,8758
8743,8758
8707,8761
8679,8751
8707,8750
8620,8754
8623,8762
8748,8749
8698,8748
8717,8764
8732,8758
8553,8761
8798,8757
8544,8767
8594,8762
8832,8763
8590,8759
8794,8755
8701,8752
8827,8764
8680,8756
8570,8760
8679,8754
8601,8748
8718,8756
8769,8769
8614,8761
8778,8756
8679,8758
8619,8768
8681,8754
8583,8755
8811,8755
8551,8773
8725,8769
8750,8766
8640,8753
8765,8762
8633,8749
8655,8754
8675,8757
8631,8755
8694,8755
8757,8758
8748,8744
8773,8749
8611,8753
8704,8767
8579,8751
8727,8767
8733,8755
8710,8759
8737,8755
8628,8754
8856,8749
8713,8757
8527,8753
8743,8753
8540,8743
8698,8761
8850,8750
8547,8760
8856,8760
8748,8746
8660,8758
8716,8753
8634,8752
8706,8761
8645,8756
8675,8749
8713,8761
8607,8740
8681,8758
8614,8761
8674,8759
8697,8758
8627,8767
8750,8752
8653,8756
8841,8768
8627,8760
8556,8766
8692,8753
8593,8756
8654,8756
8788,8759
8583,8753
8813,8748
8630,8761
8792,8752
8687,8754
8609,8769
8789,8750
8556,8756
8843,8754
8792,8749
8526,8770
8798,8750
8611,8747
8619,8769
8597,8755
8536,8744
8753,8754
8804,8757
8658,8764
8775,8758
8561,8755
8718,8750
8570,8762
8609,8760
8716,8754
8639,8756
8777,8758
8601,8755
8759,8760
8674,8765
8560,8766
8757,8751
8564,8753
8718,8760
8774,8759
8655,8745
8887,8755
8711,8755
8585,8758
8684,8761
8599,8753
8752,8756
8654,8758
8698,8761
8699,8758
8591,8758
8705,8755
8628,8746
8654,8762
8635,8760
8634,8760
8815,8752
8624,8769
8781,8767
8674,8749
8578,8760
8695,8758
8561,8759
8650,8759
8764,8758
8641,8749
8869,8758
8627,8761
8830,8762
8712,8751
8589,8752
8758,8758
8629,8764
8836,8762
8789,8748
8717,8755
8796,8758
8649,8752
8651,8759
8637,8755
8611,8759
8829,8763
8574,8756
8716,8760
8750,8757
8568,8765
8729,8756
8570,8759
8681,8751
8620,8750
8626,8769
8734,8753
8661,8762
8713,8763
8727,8746
8593,8757
8667,8757
8576,8760
8739,8759
8777,8754
8667,8762
8859,8757
8617,8754
8889,8751
8684,8759
8584,8768
8713,8752
8627,8766
8754,8768
8772,8755
8624,8764
8797,8753
8716,8760
8713,8754
8645,8755
8632,8757
8786,8749
8557,8762
8791,8757
8703,8751
8598,8753
8696,8748
8577,8758
8692,8757
8587,8747
8693,8757
8740,8761
8687,8754
8780,8761
8687,8760
8571,8762
8746,8766
8617,8761
8780,8755
8830,8756
8642,8751
8757,8752
8668,8750
8756,8751
8645,8758
8641,8750
8755,8763
8648,8752
8725,8763
8763,8760
8706,8757
8762,8748
8620,8757
8723,8750
8592,8757
8617,8761
8760,8747
8566,8763
8795,8764
8699,8757
8538,8751
8668,8754
8588,8756
8694,8768
8614,8761
8688,8753
8743,8748
8628,8756
8861,8757
8634,8753
8581,8760
8698,8760
8615,8757
8780,8762
8781,8758
8641,8751
8817,8755
8695,8757
8804,8765
8694,8756
8613,8757
8782,8744
8578,8759
8763,8769
8761,8755
8775,8773
8679,8748
8613,8752
8731,8770
8618,8765
8648,8756
8782,8752
8592,8755
8754,8760
8648,8757
8616,8768
8710,8748
8611,8750
8679,8752
8655,8751
8682,8765
8735,8757
8667,8763
8795,8752
8664,8769
8686,8761
8673,8757
8688,8742
8776,8760
8715,8751
8747,8757
8780,8741
8633,8760
8757,8752
8563,8762
8636,8751
8766,8751
8579,8753
8853,8760
8688,8752
8792,8757
8744,8759
8590,8757
8681,8761
8612,8760
8584,8759
8763,8751
8673,8753
8733,8749
8636,8743
8620,8753
8668,8765
8600,8756
8705,8772
8578,8755
8681,8761
8756,8758
8662,8757
8809,8769
8676,8758
8625,8759
8725,8759
8701,8760
8767,8755
8712,8755
8730,8764
8709,8766
8612,8747
8748,8775
8565,8757
8667,8760
8721,8756
8650,8749
8728,8758
8538,8749
8453,8752
8630,8748
8528,8748
8686,8749
8358,8721
8523,8726
8644,8708
8309,8711
8566,8700
8432,8694
8405,8687
8281,8679
8467,8685
8563,8659
8451,8664
8330,8650
8356,8635
8355,8636
8352,8620
8349,8628
8305,8617
8314,8601
8285,8599
8285,8585
8344,8573
8223,8565
8300,8562
8346,8559
8305,8555
8239,8549
8373,8524
8198,8524
8232,8516
8278,8508
8213,8499
8235,8488
8200,8496
8273,8471
8241,8456
8218,8455
8331,8446
8214,8438
8311,8429
8340,8427
8236,8417
8263,8409
8290,8406
8231,8405
8287,8374
8299,8389
8227,8375
8151,8363
8271,8352
8082,8354
8190,8340
8363,8334
8377,8328
8210,8320
8043,8320
8242,8302
8144,8296
8070,8278
8128,8279
8174,8276
8129,8244
8040,8268
8048,8257
8119,8246
8130,8235
8095,8215
8000,8232
8021,8205
8112,8195
8128,8196
8104,8177
8018,8175
7995,8172
7991,8148
8113,8151
8180,8144
8029,8109
8054,8117
7994,8107
8006,8089
8002,8091
8024,8104
8013,8098
8060,8058
8102,8054
8091,8037
8061,8053
8001,8056
8003,8045
7958,8039
7954,8033
7900,8018
7927,7998
7958,7991
7982,7985
7910,8003
7950,7977
8011,7978
8077,7967
8049,7967
8004,7951
8076,7960
8066,7944
8107,7954
8130,7958
8078,7957
8076,7960
8152,7942
8122,7956
8133,7944
8109,7967
8153,7947
8141,7950
8133,7951
8157,7946
8174,7951
8201,7958
8152,7966
8176,7963
8170,7961
8189,7957
8160,7960
8149,7963
8166,7947
8185,7972
8152,7946
8156,7950
8191,7959
8150,7978
8185,7949
8156,7952
8169,7998
8145,7968
8164,7951
8182,7948
8148,7966
8136,7946
8142,7951
8149,7950
8129,7951
8160,7941
8147,7936
8139,7965
8140,7927
8137,7948
8077,7945
7952,7954
7902,7961
7807,7936
7680,7962
7575,7924
7632,7928
7504,7915
7404,7916
7489,7906
7444,7906
7416,7900
7412,7905
7407,7872
7427,7860
7448,7866
7444,7854
7480,7846
7475,7839
7479,7827
7459,7829
7403,7823
7325,7799
7330,7793
7356,7782
7349,7797
7400,7765
7364,7762
7407,7752
7294,7755
7336,7747
7329,7724
7343,7729
7421,7735
7411,7715
7347,7691
7316,7697
7305,7685
7396,7677
7367,7674
7294,7661
7266,7651
7306,7645
7381,7642
7344,7634
7293,7632
7370,7619
7366,7598
7450,7606
7122,7596
7282,7597
7215,7564
7105,7565
7268,7575
7186,7529
7250,7544
7112,7541
7239,7530
7175,7516
7128,7520
7185,7498
7174,7487
7170,7489
7213,7465
7179,7478
7176,7459
7230,7449
7202,7437
7224,7435
7229,7435
7141,7417
7195,7423
7016,7410
7178,7396
7171,7398
7067,7383
7195,7382
7035,7365
7199,7339
6986,7344
7061,7340
7134,7328
7137,7326
7147,7320
7023,7300
7034,7304
7097,7291
7081,7281
7033,7282
7061,7266
6966,7253
7025,7233
7009,7269
7038,7240
7028,7216
7043,7225
7002,7215
6931,7206
7011,7195
6915,7181
6990,7181
7011,7167
7052,7169
7021,7162
7157,7167
7189,7169
7101,7170
7143,7156
7099,7160
7135,7164
7221,7154
7164,7165
7300,7156
7204,7155
7177,7154
7217,7151
7056,7157
7232,7164
7042,7151
7235,7162
7311,7156
7194,7160
7313,7159
7304,7153
7182,7157
7379,7150
7163,7160
7272,7158
7299,7154
7279,7148
7319,7152
7246,7151
7322,7157
7273,7166
7214,7153
7328,7155
7214,7150
7313,7157
7296,7145
7261,7167
7312,7158
7231,7166
7245,7144
7134,7148
7231,7152
7333,7152
7199,7175
7226,7144
7100,7151
7098,7153
7222,7157
7119,7158
7198,7149
7141,7149
7266,7156
7307,7161
7100,7151
7307,7149
7141,7154
7101,7171
7131,7153
7068,7153
7252,7160
7339,7144
7208,7160
7325,7159
7159,7144
7291,7158
7183,7152
7181,7163
7330,7151
7211,7171
7314,7157
7218,7155
7344,7163
7217,7158
7106,7151
7237,7154
7101,7151
7228,7153
7275,7144
7168,7146
7267,7155
7239,7155
7169,7153
7334,7150
7249,7162
7237,7143
7224,7145
7335,7164
7306,7150
7152,7158
7345,7156
7204,7145
7197,7165
7126,7151
7123,7163
7331,7168
7296,7161
7298,7154
7360,7165
7172,7159
7329,7148
7091,7155
7173,7151
7351,7159
7205,7160
7284,7148
7088,7152
7333,7159
7260,7147
7125,7154
7192,7154
7197,7164
7236,7151
7216,7157
7154,7158
7183,7156
7284,7150
7144,7154
7167,7158
7117,7162
7262,7144
7287,7154
7207,7157
7307,7159
7164,7156
7298,7154
7162,7150
7137,7145
7318,7154
7180,7156
7366,7157
7253,7153
7282,7157
7201,7155
7105,7162
7268,7163
7057,7156
7220,7158
7320,7151
7167,7163
7243,7142
7206,7164
7148,7152
7249,7155
7166,7152
7168,7168
7153,7149
7248,7158
7324,7143
7092,7161
7282,7155
7277,7151
7151,7152
7228,7155
7162,7165
7309,7166
7328,7137
7250,7152
7274,7161
7144,7157
7323,7142
7105,7150
7191,7148
7297,7148
7207,7156
7248,7162
7161,7154
7252,7150
7182,7157
7138,7151
7183,7148
7179,7147
7180,7160
7211,7170
7191,7154
7215,7157
7182,7152
7185,7155
7110,7150
7151,7148
7277,7151
7165,7153
7279,7146
7353,7157
7094,7156
7327,7147
7202,7154
7193,7153
7266,7147
7116,7152
7258,7151
7262,7154
7270,7149
7218,7162
7121,7145
7228,7152
7125,7161
7213,7148
7233,7150
7212,7151
7290,7148
7190,7143
7276,7151
7230,7152
7213,7157
7222,7155
7108,7143
7320,7156
7259,7150
7242,7157
7315,7164
7254,7158
7148,7155
7268,7157
7082,7161
7308,7167
7131,7154
7237,7161
7308,7158
7111,7169
7358,7150
7138,7160
7223,7153
7169,7163
7254,7147
7277,7154
7254,7156
7262,7152
7258,7147
7141,7151
7230,7158
7102,7164
7185,7156
7258,7151
7171,7151
7222,7153
7222,7149
7306,7157
7252,7154
7159,7148
7174,7150
7259,7144
7232,7151
7252,7161
7232,7154
7235,7149
7202,7160
7190,7166
7171,7143
7113,7153
7307,7156
7101,7153
7359,7168
7233,7154
7088,7172
7207,7147
7074,7163
7214,7145
7072,7151
7196,7157
7261,7158
7195,7153
7203,7157
7153,7158
7238,7160
7165,7147
7133,7150
7302,7162
7278,7158
7162,7156
7300,7152
7183,7155
7405,7158
7318,7152
7075,7153
7242,7158
7184,7170
7231,7155
7305,7149
7183,7168
7313,7160
7206,7155
7270,7155
7160,7153
7197,7164
7281,7154
7118,7162
7267,7155
7209,7151
7087,7154
7211,7154
7153,7151
7261,7149
7260,7154
7233,7152
7280,7158
7201,7155
7306,7155
7191,7144
7093,7166
7290,7156
7089,7159
7213,7160
7290,7156
7204,7158
7322,7147
7144,7153
7127,7150
7175,7151
7085,7166
7334,7150
7105,7159
7355,7160
7255,7158
7066,7161
7265,7150
7107,7148
7218,7158
7111,7147
7178,7158
7255,7152
7277,7153
7148,7150
7254,7154
7259,7142
7232,7153
7196,7152
7298,7155
7282,7152
7225,7160
7294,7153
7097,7163
7452,7161
7168,7158
7054,7153
7336,7160
7084,7145
7265,7162
7317,7154
7240,7152
7298,7137
7145,7160
7197,7166
7114,7155
7180,7149
7305,7170
7142,7126
7382,7155
7256,7156
7108,7159
7292,7160
7233,7156
7263,7154
7201,7154
7300,7150
7245,7158
7234,7153
7311,7146
7290,7157
7113,7150
7285,7166
7133,7149
7201,7157
7305,7153
7204,7146
7244,7150
7160,7156
7376,7158
7241,7156
7143,7145
7345,7155
7155,7153
7354,7151
7234,7168
7381,7155
7252,7149
7074,7161
7261,7154
7162,7142
7170,7159
7315,7176
7141,7146
7241,7155
7297,7164
7207,7152
7284,7145
7228,7154
7258,7152
7206,7154
7171,7156
7343,7161
7286,7144
7347,7162
7205,7142
7078,7149
7228,7161
7129,7157
7229,7157
7383,7130
7211,7152
7390,7159
7210,7148
7416,7152
7243,7154
7321,7160
7370,7162
7356,7170
7476,7181
7323,7173
7488,7176
7467,7186
7403,7201
7493,7205
7497,7202
7504,7215
7518,7206
7500,7230
7481,7234
7527,7251
7527,7255
7556,7271
7523,7288
7502,7281
7553,7287
7570,7299
7592,7287
7561,7321
7614,7316
7563,7319
7669,7330
7623,7341
7618,7347
7607,7358
7627,7356
7600,7368
7596,7391
7695,7385
7714,7383
7654,7402
7661,7434
7633,7422
7695,7433
7676,7451
7720,7438
7718,7446
7643,7458
7729,7463
7702,7480
7630,7482
7717,7503
7704,7508
7706,7512
7746,7516
7680,7530
7792,7532
7653,7551
7707,7559
7694,7548
7676,7566
7824,7573
7691,7573
7764,7579
7808,7609
7747,7584
7719,7607
7791,7635
7896,7622
7786,7635
7754,7649
7739,7651
7896,7670
7887,7671
7764,7687
7776,7678
7842,7707
7907,7690
7901,7708
7812,7729
7826,7729
7917,7705
7905,7733
7944,7745
7933,7747
7833,7761
7813,7784
7870,7790
7936,7805
7952,7805
7935,7815
7909,7835
7949,7806
7923,7836
7877,7856
7882,7859
7884,7857
7983,7856
7959,7844
8009,7883
8019,7898
8009,7905
8093,7895
8080,7921
8055,7900
8039,7918
8029,7929
8000,7930
8011,7946
7959,7958
7948,7952
7921,7967
7883,7960
7867,7934
7901,7958
7896,7951
7839,7947
7845,7955
7824,7962
7824,7964
7840,7965
7822,7943
7812,7953
7819,7957
7822,7936
7828,7965
7822,7951
7815,7954
7795,7967
7827,7956
7800,7964
7823,7961
7792,7944
7786,7973
7801,7947
7786,7948
7800,7961
7780,7951
7773,7953
7774,7952
7788,7978
7791,7959
7779,7967
7778,7968
7795,7944
7769,7952
7793,7956
7768,7950
7758,7950
7798,7955
7797,7969
7810,7961
7814,7959
7791,7943
7789,7949
7843,7947
7873,7950
8027,7959
8105,7966
8191,7963
8285,7986
8329,7975
8423,7989
8431,7974
8428,7994
8452,8015
8471,7998
8496,8027
8462,8046
8453,8057
8450,8040
8457,8061
8438,8058
8423,8069
8405,8081
8412,8078
8484,8097
8474,8090
8546,8104
8545,8108
8521,8122
8527,8122
8447,8142
8432,8146
8445,8157
8579,8167
8604,8173
8622,8181
8570,8179
8544,8189
8571,8208
8636,8218
8656,8211
8574,8239
8557,8231
8595,8251
8661,8237
8696,8256
8604,8274
8529,8275
8660,8284
8710,8308
8624,8299
8634,8295
8626,8307
8641,8327
8505,8327
8569,8338
8707,8358
8741,8343
8659,8362
8622,8372
8704,8383
8584,8381
8750,8391
8766,8404
8653,8405
8676,8413
8768,8421
8624,8429
8687,8445
8740,8461
8668,8465
8782,8463
8747,8478
8716,8488
8781,8503
8718,8490
8847,8514
8749,8512
8771,8512
8834,8531
8873,8536
8810,8563
8715,8561
8847,8566
8785,8564
8824,8581
8840,8584
8840,8601
8876,8607
8814,8619
8852,8618
8874,8622
8881,8631
8881,8639
8836,8647
8858,8660
8844,8669
8940,8674
8928,8679
8909,8689
8898,8699
8900,8703
8945,8713
8974,8728
8965,8722
8804,8727
8847,8750
8741,8753
8789,8746
8650,8748
8669,8751
8753,8758
8666,8748
8848,8749
8710,8749
8546,8753
8729,8739
8590,8756
8761,8755
8587,8751
8727,8756
8677,8758
8579,8761
8786,8737
8569,8763
8676,8757
8586,8754
8622,8778
8768,8755
8736,8752
8658,8764
8745,8754
8617,8755
8740,8761
8655,8765
8614,8753
8751,8765
8551,8746
8731,8752
8564,8755
8724,8761
8575,8752
8590,8750
8718,8756
8569,8759
8687,8761
8783,8754
8630,8758
8858,8772
8615,8762
8611,8764
8679,8752
8618,8755
8757,8764
8579,8753
8762,8771
8725,8761
8607,8757
8738,8755
8630,8752
8725,8759
8613,8761
8644,8752
8829,8743
8747,8752
8715,8762
8759,8752
8562,8758
8759,8757
8580,8764
8675,8756
8773,8754
8659,8755
8749,8752
8644,8756
8767,8755
8675,8750
8514,8756
8725,8753
8532,8754
8701,8753
8771,8764
8743,8749
8902,8767
8543,8756
8647,8757
8656,8758
8634,8759
8670,8745
8562,8756
8724,8749
8730,8764
8600,8752
8792,8762
8624,8772
8660,8761
8612,8754
8623,8756
8848,8762
8664,8761
8782,8759
8661,8751
8634,8757
8691,8756
8577,8754
8705,8759
8781,8754
8647,8761
8844,8760
8596,8742
8795,8750
8721,8768
8574,8755
8745,8755
8626,8751
8728,8758
8786,8755
8651,8754
8658,8759
8650,8752
8754,8761
8583,8757
8657,8759
8810,8767
8580,8761
8833,8768
8719,8755
8528,8762
8730,8771
8568,8763
8730,8753
8540,8748
8666,8750
8884,8766
8669,8753
8822,8761
8716,8763
8577,8752
8759,8764
8565,8755
8643,8755
8764,8749
8703,8753
8757,8755
8629,8761
8790,8753
8695,8755
8640,8760
8725,8760
8638,8765
8751,8750
8718,8748
8753,8761
8793,8765
8632,8750
8657,8748
8565,8755
8698,8766
8804,8756
8634,8752
8789,8767
8659,8767
8651,8756
8671,8749
8559,8763
8657,8759
8748,8762
8738,8746
8825,8759
8574,8752
8754,8749
8663,8752
8553,8760
8830,8756
8547,8752
8753,8753
8740,8736
8649,8769
8776,8750
8605,8753
8634,8758
8698,8760
8635,8754
8744,8752
8680,8757
8752,8746
8702,8750
8540,8760
8761,8759
8561,8756
8666,8763
8531,8749
8712,8762
8836,8750
8659,8750
8772,8751
8670,8756
8551,8759
8686,8754
8541,8749
8657,8759
8779,8761
8682,8747
8757,8750
8572,8757
8811,8756
8601,8750
8635,8754
8782,8757
8592,8760
8764,8746
8726,8763
8764,8765
8760,8751
8603,8759
8692,8754
8617,8757
8682,8754
8813,8757
8664,8750
8800,8761
8647,8750
8677,8759
8668,8769
8587,8755
8707,8753
8566,8753
8666,8750
8759,8770
8666,8754
8725,8765
8596,8754
8621,8756
8641,8759
8583,8755
8795,8761
8793,8761
8740,8747
8798,8754
8649,8751
8829,8761
8683,8756
8553,8756
8700,8771
8672,8748
8758,8762
8739,8759
8777,8758
8764,8760
8628,8760
8740,8756
8567,8758
8702,8766
8789,8764
8648,8757
8735,8757
8626,8762
8538,8758
8704,8754
8528,8751
8682,8760
8551,8743
8681,8754
8849,8751
8628,8754
8800,8775
8674,8754
8649,8754
8669,8749
8615,8758
8696,8757
8732,8747
8716,8765
8762,8765
8625,8753
8767,8758
8626,8752
8622,8774
8779,8745
8703,8766
8820,8759
8639,8765
8800,8779
8740,8755
8550,8753
8660,8753
8580,8746
8692,8761
8875,8752
8537,8769
8762,8755
8716,8749
8678,8766
8669,8755
8663,8755
8779,8756
8628,8760
8735,8761
8797,8730
8592,8753
8790,8766
8636,8764
8583,8740
8703,8762
8547,8756
8777,8755
8750,8744
8692,8766
8720,8751
8616,8769
8753,8763
8566,8760
8646,8760
8747,8755
8672,8755
8752,8754
8666,8746
8777,8754
8734,8750
8704,8760
8673,8760
8592,8765
8745,8752
8833,8758
8692,8763
8789,8742
8636,8744
8668,8761
8681,8750
8539,8757
8673,8754
8615,8752
8662,8749
8712,8755
8651,8749
8777,8760
8669,8756
8583,8762
8687,8760
8667,8757
8788,8766
8647,8752
8755,8756
8716,8759
8600,8744
8711,8774
8542,8751
8677,8759
8751,8756
8651,8757
8766,8750
8686,8758
8743,8758
8764,8761
8666,8767
8744,8772
8656,8754
8762,8758
8748,8751
8714,8744
8691,8752
8570,8758
8667,8760
8640,8753
8538,8756
8763,8771
8576,8751
8726,8762
8727,8757
8586,8751
8825,8754
8586,8759
8604,8755
8612,8747
8674,8757
8827,8753
8695,8752
8758,8760
8744,8736
8574,8748
8693,8762
8626,8757
8695,8758
8827,8752
8649,8753
8783,8751
8672,8744
8638,8754
8710,8758
8601,8752
8691,8745
8663,8753
8658,8757
8740,8769
8647,8743
8744,8763
8724,8753
8671,8756
8619,8757
8706,8747
8719,8754
8533,8760
8779,8752
8665,8754
8576,8754
8693,8762
8571,8747
8719,8744
8798,8754
8631,8754
8701,8749
8602,8768
8608,8751
8521,8736
8369,8733
8622,8731
8356,8733
8585,8711
8494,8708
8482,8703
8453,8687
8370,8682
8518,8679
8281,8660
8382,8666
8348,8655
8415,8656
8335,8632
8361,8629
8307,8620
8350,8603
8294,8606
8286,8603
8258,8585
8326,8582
8282,8561
8329,8571
8247,8562
8238,8548
8310,8542
8145,8538
8305,8534
8205,8525
8285,8517
8292,8511
8293,8497
8276,8489
8222,8476
8296,8462
8264,8468
8374,8450
8350,8453
8234,8434
8325,8423
8307,8424
8265,8415
8318,8408
8264,8411
8229,8384
8290,8374
8234,8371
8232,8373
8165,8368
8160,8354
8185,8335
8275,8340
8425,8332
8277,8313
8082,8313
8199,8290
8102,8294
8028,8279
8115,8280
8141,8283
8139,8254
8109,8248
8040,8250
8081,8239
8143,8211
8083,8231
8061,8205
8042,8226
8052,8188
8129,8184
8081,8177
8047,8169
8033,8201
7968,8151
8090,8173
8117,8140
8131,8131
8023,8126
7956,8125
7992,8099
8005,8121
7958,8089
8023,8092
8041,8076
8101,8064
8081,8062
8057,8054
8016,8041
7979,8038
7968,8022
7927,8027
7963,8024
7899,8006
7833,8001
7849,7980
7899,7970
7980,7969
7978,7983
8028,7958
8011,7957
8086,7965
8048,7954
8061,7955
8092,7979
8068,7962
8081,7963
8100,7960
8108,7958
8112,7960
8102,7958
8166,7965
8151,7979
8143,7957
8167,7951
8180,7944
8133,7938
8136,7947
8151,7957
8152,7965
8176,7978
8198,7964
8173,7941
8147,7964
8160,7952
8168,7958
8160,7940
8161,7962
8142,7949
8190,7942
8195,7956
8163,7954
8149,7979
8175,7955
8162,7966
8154,7938
8164,7965
8158,7953
8164,7975
8144,7959
8164,7953
8139,7939
8151,7964
8140,7945
8159,7940
8142,7946
8120,7964
8037,7968
7901,7957
7806,7943
7731,7952
7654,7946
7651,7956
7488,7924
7534,7914
7544,7908
7448,7917
7407,7886
7417,7888
7419,7877
7402,7870
7420,7858
7429,7850
7458,7844
7457,7839
7467,7844
7447,7822
7454,7818
7358,7823
7342,7804
7321,7789
7359,7784
7422,7780
7363,7766
7427,7762
7425,7746
7338,7738
7316,7736
7323,7725
7426,7722
7418,7715
7413,7710
7355,7695
7290,7693
7343,7674
7405,7672
7358,7667
7266,7648
7269,7657
7346,7644
7319,7632
7279,7625
7213,7626
7255,7611
7481,7592
7235,7601
7142,7581
7294,7584
7108,7591
7101,7556
7303,7556
7267,7549
7218,7532
7176,7549
7250,7515
7154,7507
7149,7504
7207,7496
7131,7490
7082,7483
7216,7483
7088,7468
7165,7454
7209,7455
7099,7427
7257,7427
7110,7420
7143,7412
7216,7406
7095,7395
7243,7392
7119,7391
7144,7374
7020,7376
7082,7362
7152,7347
7084,7331
7155,7333
7072,7330
7192,7328
7009,7325
7118,7321
6994,7299
7126,7295
7046,7282
7062,7264
6962,7281
6993,7259
7035,7253
7109,7225
7041,7227
6908,7224
6965,7221
6941,7212
6988,7197
6937,7188
6956,7173
6953,7177
7072,7163
7159,7176
7182,7164
7194,7166
7127,7156
7193,7154
7103,7165
7198,7156
7139,7155
7167,7148
7276,7146
7134,7159
7356,7156
7171,7149
7383,7150
7111,7160
7119,7155
7328,7150
7058,7144
7241,7153
7345,7159
7173,7144
7308,7155
7258,7149
7137,7154
7216,7166
7190,7158
7319,7160
7166,7154
7279,7148
7283,7151
7167,7157
7376,7147
7181,7155
7194,7151
7296,7156
7185,7152
7264,7150
7302,7151
7249,7144
7283,7165
7164,7163
7232,7157
7150,7163
7286,7157
7250,7154
7211,7175
7299,7142
7189,7152
7298,7162
7179,7142
7140,7156
7197,7154
7170,7147
7149,7146
7244,7154
7136,7160
7261,7158
7101,7148
7130,7148
7160,7160
7102,7164
7283,7155
7105,7162
7375,7156
7256,7139
7070,7146
7385,7162
7153,7155
7193,7163
7210,7138
7157,7150
7373,7152
7237,7152
7354,7165
7123,7161
7119,7163
7186,7150
7117,7155
7193,7159
7265,7148
7175,7146
7233,7158
7295,7160
7219,7173
7229,7151
7204,7157
7296,7151
7184,7158
7287,7161
7284,7152
7275,7140
7302,7151
7121,7149
7142,7163
7145,7156
7165,7148
7349,7157
7129,7155
7345,7162
7251,7164
7127,7162
7227,7156
7139,7148
7257,7151
7085,7164
7192,7152
7303,7158
7206,7150
7253,7159
7190,7153
7179,7143
7194,7160
7146,7140
7237,7154
7266,7147
7147,7160
7392,7146
7134,7154
7314,7171
7226,7146
7138,7153
7205,7152
7225,7155
7138,7152
7199,7154
7282,7164
7281,7164
7150,7154
7216,7149
7115,7157
7186,7154
7374,7162
7191,7147
7334,7151
7168,7153
7119,7150
7238,7150
7144,7157
7258,7158
7145,7145
7166,7151
7275,7150
7305,7158
7240,7165
7294,7153
7080,7155
7343,7155
7123,7153
7236,7161
7225,7156
7237,7158
7276,7154
7140,7161
7318,7152
7201,7150
7106,7162
7250,7150
7111,7155
7287,7150
7261,7150
7317,7164
7287,7153
7106,7144
7292,7160
7140,7154
7182,7156
7273,7147
7183,7152
7260,7152
7179,7152
7219,7150
7182,7155
7246,7143
7210,7157
7147,7157
7212,7159
7316,7155
7096,7152
7340,7159
7153,7152
7125,7161
7230,7152
7123,7147
7231,7155
7265,7161
7209,7151
7326,7154
7257,7160
7224,7162
7141,7144
7155,7136
7353,7149
7222,7158
7308,7150
7182,7159
7100,7146
7270,7150
7085,7158
7202,7157
7156,7144
7223,7152
7254,7156
7225,7162
7275,7161
7202,7150
7139,7160
7207,7158
7149,7151
7233,7139
7273,7154
7199,7162
7283,7156
7230,7152
7289,7144
7155,7148
7177,7167
7299,7149
7147,7155
7344,7162
7315,7149
7296,7166
7275,7150
7034,7148
7285,7167
7135,7160
7146,7154
7298,7150
7166,7153
7297,7163
7212,7151
7220,7151
7287,7145
7287,7150
7216,7158
7249,7156
7218,7141
7342,7158
7182,7151
7274,7157
7170,7156
7171,7164
7225,7159
7107,7149
7247,7162
7245,7150
7119,7159
7258,7150
7153,7151
7259,7150
7151,7153
7202,7154
7325,7148
7233,7149
7336,7143
7110,7162
7312,7166
7198,7154
7070,7151
7268,7158
7138,7152
7187,7149
7244,7151
7247,7161
7305,7162
7216,7150
7105,7150
7290,7161
7201,7145
7220,7155
7117,7149
7170,7170
7371,7161
7289,7153
7299,7154
7212,7158
7161,7158
7234,7161
7134,7149
7263,7155
7253,7146
7255,7147
7219,7154
7144,7159
7283,7154
7085,7155
7182,7153
7212,7171
7099,7136
7331,7153
7204,7152
7241,7169
7233,7149
7260,7156
7184,7157
7201,7152
7213,7153
7264,7163
7251,7162
7251,7157
7171,7151
7187,7156
7199,7152
7129,7153
7306,7146
7081,7148
7207,7161
7324,7156
7078,7155
7393,7157
7221,7149
7158,7153
7168,7149
7131,7134
7292,7155
7156,7165
7209,7148
7213,7154
7060,7157
7249,7155
7168,7144
7192,7163
7197,7151
7260,7165
7257,7158
7221,7154
7215,7152
7268,7146
7257,7159
7234,7159
7187,7150
7240,7156
7364,7160
7232,7154
7362,7140
7134,7157
7212,7163
7214,7158
7082,7165
7311,7150
7139,7165
7326,7145
7291,7154
7133,7155
7314,7153
7101,7144
7219,7156
7120,7149
7143,7146
7339,7147
7226,7174
7288,7160
7293,7155
7199,7164
7298,7159
7207,7143
7117,7161
7315,7151
7219,7150
7257,7140
7229,7148
7148,7145
7298,7149
7181,7145
7283,7155
7131,7142
7207,7148
7303,7148
7173,7160
7371,7146
7169,7156
7140,7158
7219,7154
7123,7148
7369,7144
7169,7145
7254,7162
7158,7148
7136,7156
7281,7157
7173,7162
7180,7151
7211,7156
7233,7171
7239,7158
7209,7150
7203,7155
7264,7144
7194,7168
7233,7154
7115,7157
7225,7149
7354,7154
7239,7162
7367,7152
7237,7146
7141,7151
7297,7146
7110,7157
7255,7156
7198,7161
7287,7154
7378,7156
7177,7153
7373,7160
7226,7141
7381,7165
7353,7177
7497,7177
7521,7183
7400,7191
7509,7187
7436,7192
7476,7204
7481,7212
7467,7227
7525,7227
7486,7241
7599,7242
7504,7254
7547,7253
7479,7261
7574,7272
7573,7296
7574,7271
7531,7273
7609,7306
7551,7322
7624,7324
7590,7316
7680,7341
7599,7349
7642,7340
7595,7365
7580,7357
7691,7383
7579,7387
7699,7391
7639,7404
7660,7417
7618,7423
7684,7427
7671,7430
7617,7437
7711,7452
7697,7450
7734,7453
7706,7463
7643,7490
7732,7483
7760,7488
7698,7501
7744,7521
7779,7516
7674,7558
7686,7526
7928,7553
7727,7564
7640,7562
7795,7580
7791,7585
7687,7593
7812,7595
7799,7600
7789,7615
7796,7613
7903,7630
7817,7634
7758,7637
7772,7646
7791,7645
7850,7668
7849,7675
7728,7669
7782,7697
7840,7695
7891,7702
7928,7719
7794,7713
7848,7730
7931,7723
7896,7763
7968,7745
7830,7754
7781,7769
7842,7780
7797,7797
7904,7779
7954,7799
7960,7799
7933,7822
7882,7831
7944,7855
7828,7836
7888,7845
7896,7865
7962,7857
7978,7871
8001,7895
8009,7898
8042,7901
8024,7911
8058,7915
8043,7925
8017,7953
7967,7931
7919,7940
7925,7936
7978,7934
7934,7952
7835,7950
7844,7952
7857,7961
7868,7945
7858,7939
7825,7933
7836,7962
7859,7963
7864,7953
7834,7951
7823,7953
7788,7936
7841,7956
7849,7967
7791,7948
7793,7951
7787,7966
7815,7949
7820,7949
7818,7938
7764,7966
7773,7932
7809,7948
7771,7961
7788,7958
7798,7975
7789,7972
7785,7967
7814,7944
7772,7963
7784,7932
7788,7953
7795,7952
7756,7948
7766,7952
7759,7950
7776,7950
7792,7960
7791,7959
7805,7944
7818,7963
7811,7957
7787,7956
7831,7946
7831,7966
7941,7946
8051,7957
8170,7963
8209,7971
8334,7978
8371,7995
8433,7986
8423,7984
8430,8018
8455,8005
8473,8024
8497,8022
8469,8036
8456,8032
8473,8042
8432,8047
8424,8074
8444,8065
8382,8079
8409,8094
8498,8094
8517,8101
8516,8120
8570,8121
8526,8115
8466,8155
8470,8146
8450,8158
8583,8159
8651,8145
8662,8172
8558,8186
8553,8200
8522,8209
8636,8208
8623,8216
8636,8211
8555,8213
8547,8227
8639,8244
8714,8243
8681,8265
8576,8272
8610,8273
8718,8287
8643,8291
8559,8308
8608,8320
8678,8321
8650,8324
8490,8347
8674,8344
8707,8363
8559,8358
8683,8372
8778,8376
8660,8382
8712,8393
8767,8406
8699,8408
8621,8426
8738,8438
8655,8448
8651,8436
8759,8445
8705,8454
8666,8458
8765,8481
8734,8481
8773,8489
8696,8496
8696,8515
8836,8523
8738,8503
8845,8517
8727,8529
8833,8522
8852,8552
8756,8569
8793,8548
8708,8571
8865,8589
8766,8591
8876,8603
8801,8610
8899,8616
8842,8620
8930,8632
8830,8646
8919,8647
8841,8652
8944,8678
8867,8675
8924,8687
8807,8674
8891,8692
8982,8708
8883,8701
8888,8730
8784,8740
8848,8734
8801,8725
8836,8748
8835,8737
8649,8743
8830,8748
8603,8749
8805,8756
8595,8757
8642,8762
8775,8749
8661,8762
8748,8769
8693,8749
8631,8756
8664,8758
8554,8768
8804,8749
8797,8753
8665,8748
8754,8751
8557,8744
8731,8763
8593,8755
8631,8761
8702,8752
8606,8757
8730,8756
8662,8745
8790,8743
8694,8757
8571,8758
8711,8761
8574,8767
8710,8750
8729,8753
8631,8762
8713,8763
8644,8750
8590,8763
8652,8756
8561,8741
8685,8763
8545,8756
8694,8755
8815,8757
8623,8748
8807,8764
8638,8753
8555,8759
8623,8753
8612,8747
8802,8759
8677,8755
8694,8761
8808,8753
8628,8762
8744,8753
8649,8753
8651,8761
8802,8753
8633,8751
8820,8746
8693,8749
8797,8761
8680,8750
8600,8759
8810,8730
8594,8755
8784,8757
8782,8754
8626,8761
8830,8759
8638,8756
8659,8761
8635,8758
8554,8758
8800,8760
8565,8750
8697,8749
8734,8758
8615,8758
8810,8767
8598,8763
8554,8761
8697,8759
8659,8760
8658,8766
8666,8764
8743,8754
8726,8765
8553,8754
8823,8766
8612,8763
8704,8767
8792,8751
8592,8756
8793,8754
8658,8756
8769,8749
8719,8768
8524,8750
8698,8760
8577,8753
8703,8756
8779,8759
8679,8760
8784,8760
8694,8744
8653,8753
8608,8757
8695,8760
8770,8755
8604,8756
8744,8751
8663,8762
8535,8762
8752,8743
8576,8757
8604,8756
8622,8759
8642,8757
8757,8762
8649,8758
8865,8756
8714,8772
8601,8755
8691,8767
8604,8753
8724,8760
8811,8758
8613,8760
8798,8760
8684,8759
8795,8752
8686,8761
8577,8760
8788,8755
8554,8753
8755,8754
8821,8751
8657,8761
8853,8750
8667,8760
8659,8767
8742,8748
8637,8752
8700,8762
8673,8752
8662,8757
8722,8749
8617,8779
8804,8757
8627,8756
8679,8754
8632,8765
8676,8762
8779,8760
8628,8766
8818,8762
8701,8758
8534,8753
8732,8767
8513,8759
8719,8762
8794,8763
8597,8753
8862,8756
8684,8755
8798,8767
8676,8761
8612,8753
8737,8762
8566,8756
8737,8757
8669,8750
8688,8765
8735,8750
8625,8764
8668,8759
8673,8763
8620,8756
8726,8754
8628,8758
8825,8758
8692,8750
8646,8763
8657,8756
8572,8750
8688,8756
8605,8753
8599,8745
8783,8749
8677,8748
8772,8760
8671,8758
8601,8751
8669,8761
8668,8750
8794,8762
8725,8756
8747,8763
8786,8757
8669,8754
8822,8756
8621,8751
8559,8759
8769,8754
8547,8756
8701,8757
8789,8757
8665,8756
8779,8756
8587,8749
8662,8753
8621,8744
8654,8762
8802,8755
8669,8751
8771,8750
8716,8760
8561,8772
8696,8757
8559,8760
8697,8762
8764,8758
8667,8759
8816,8754
8674,8759
8854,8747
8722,8761
8704,8750
8809,8758
8599,8747
8680,8753
8745,8751
8712,8749
8748,8753
8700,8749
8686,8760
8689,8752
8602,8756
8757,8758
8588,8748
8754,8759
8711,8760
8570,8741
8685,8755
8552,8750
8680,8754
8650,8748
8668,8756
8824,8757
8639,8751
8837,8757
8714,8758
8540,8763
8803,8752
8663,8749
8763,8767
8747,8760
8734,8765
8796,8749
8649,8758
8801,8749
8640,8757
8660,8754
8791,8778
8571,8758
8763,8759
8802,8752
8757,8763
8793,8754
8528,8754
8648,8750
8590,8751
8639,8762
8805,8760
8633,8751
8731,8759
8662,8756
8555,8757
8661,8749
8573,8758
8667,8761
8592,8759
8662,8765
8799,8762
8598,8764
8860,8759
8693,8753
8649,8754
8755,8754
8578,8751
8714,8757
8739,8759
8652,8757
8803,8757
8653,8763
8740,8761
8662,8746
8589,8760
8766,8759
8572,8754
8735,8737
8691,8753
8761,8755
8659,8749
8578,8748
8688,8758
8554,8758
8709,8762
8837,8763
8606,8758
8822,8754
8658,8751
8547,8757
8719,8763
8626,8761
8689,8763
8627,8755
8655,8739
8746,8753
8633,8755
8765,8759
8614,8760
8596,8752
8713,8754
8685,8758
8778,8762
8781,8751
8771,8759
8773,8751
8584,8751
8721,8760
8629,8750
8664,8763
8827,8761
8575,8733
8759,8755
8666,8758
8706,8753
8755,8750
8620,8755
8691,8759
8611,8752
8672,8755
8728,8752
8690,8764
8791,8757
8647,8761
8645,8757
8673,8758
8648,8764
8703,8752
8605,8756
8695,8756
8781,8761
8628,8757
8817,8760
8636,8759
8642,8760
8645,8756
8579,8763
8822,8758
8746,8739
8779,8759
8767,8757
8565,8760
8749,8756
8553,8754
8628,8761
8735,8762
8590,8759
8756,8754
8688,8747
8749,8768
8738,8748
8583,8752
8631,8753
8595,8761
8678,8758
8799,8758
8667,8749
8775,8759
8714,8754
8626,8758
8754,8775
8680,8765
8727,8760
8693,8767
8713,8753
8699,8759
8623,8755
8740,8768
8606,8764
8674,8745
8582,8761
8644,8759
8855,8761
8606,8763
8799,8752
8749,8757
8591,8754
8735,8764
8514,8759
8517,8756
8587,8747
8604,8732
8627,8739
8414,8734
8656,8726
8429,8714
8368,8710
8621,8699
8291,8686
8477,8690
8412,8691
8538,8671
8399,8671
8334,8661
8405,8642
8381,8641
8348,8640
8341,8624
8292,8615
8314,8611
8305,8616
8295,8599
8257,8596
8297,8583
8267,8566
8286,8554
8242,8559
8311,8545
8164,8538
8275,8524
8201,8539
8242,8500
8321,8512
8310,8491
8338,8489
8250,8480
8213,8469
8335,8472
8316,8460
8345,8446
8275,8455
8266,8430
8319,8428
8280,8418
8212,8409
8241,8417
8242,8393
8290,8375
8248,8386
8252,8369
8185,8375
8265,8362
8071,8341
8265,8338
8412,8332
8427,8317
8157,8320
7969,8301
8301,8289
8169,8280
8100,8279
8053,8270
8162,8259
8130,8279
8053,8270
8020,8248
8145,8239
8099,8231
8078,8235
8033,8223
8065,8181
8093,8200
8128,8180
8084,8193
8053,8181
7956,8170
7969,8158
8164,8144
8149,8142
8090,8133
8075,8116
7991,8113
8001,8108
7985,8098
8001,8088
8073,8063
8074,8057
8076,8067
8053,8052
8027,8021
7998,8051
7970,8020
7945,8014
7951,8017
7905,8017
7928,7994
7956,7975
7971,7983
7930,7987
8031,7966
7994,7967
8058,7987
8069,7969
8015,7971
8078,7965
8086,7951
8118,7953
8095,7951
8102,7979
8117,7961
8136,7964
8132,7969
8102,7942
8145,7958
8166,7930
8138,7968
8127,7970
8164,7944
8153,7973
8116,7955
8180,7944
8147,7973
8145,7973
8167,7935
8155,7952
8166,7954
8176,7972
8164,7943
8164,7946
8171,7942
8186,7961
8156,7973
8174,7949
8170,7961
8165,7955
8178,7959
8164,7938
8162,7930
8173,7961
8173,7960
8164,7962
8152,7960
8156,7961
8120,7963
8133,7966
8139,7957
8151,7960
8108,7955
8113,7946
8013,7953
7896,7963
7758,7950
7725,7938
7558,7938
7530,7935
7514,7921
7495,7916
7483,7910
7442,7892
7451,7897
7419,7890
7429,7858
7441,7875
7406,7860
7486,7842
7441,7843
7468,7836
7477,7829
7454,7825
7395,7805
7354,7799
7328,7794
7383,7790
7342,7774
7439,7768
7419,7757
7408,7742
7349,7752
7310,7736
7297,7736
7333,7728
7419,7728
7393,7713
7374,7704
7315,7701
7308,7695
7365,7676
7377,7674
7302,7658
7283,7661
7255,7643
7360,7634
7355,7631
7235,7619
7274,7612
7255,7608
7339,7598
7133,7580
7213,7577
7254,7572
7048,7578
7186,7563
7225,7553
7251,7542
7119,7545
7208,7518
7280,7516
7156,7510
7144,7500
7182,7488
7086,7481
7161,7475
7231,7463
7085,7466
7135,7457
7163,7436
7105,7446
7198,7429
7085,7428
7206,7416
7068,7416
7242,7394
7248,7382
7040,7381
7230,7376
7132,7369
7141,7343
7131,7348
7149,7342
7227,7332
7055,7318
7128,7327
7015,7313
7073,7305
7038,7303
7067,7297
6982,7272
7057,7264
6968,7272
7045,7248
6928,7249
6967,7229
6938,7227
7025,7230
6947,7213
6875,7217
6959,7193
6904,7195
7050,7186
7060,7178
7010,7172
7036,7169
7071,7169
7048,7168
6946,7162
7138,7170
7197,7161
7205,7158
7247,7159
7088,7145
7295,7161
7060,7152
7200,7165
7337,7154
7151,7167
7311,7157
7058,7144
7362,7151
7202,7152
7084,7143
7277,7147
7156,7159
7275,7158
7427,7156
7178,7154
7406,7154
7199,7149
7158,7150
7244,7154
7157,7142
7244,7144
7377,7155
7226,7158
7259,7157
7245,7154
7319,7158
7210,7154
7148,7154
7326,7162
7143,7154
7281,7159
7219,7154
7288,7158
7295,7155
7115,7156
7192,7154
7089,7158
7245,7161
7223,7163
7158,7159
7240,7158
7281,7149
7120,7167
7276,7162
7099,7151
7230,7153
7116,7145
7246,7157
7281,7155
7076,7144
7315,7143
7159,7145
7133,7159
7154,7157
7129,7157
7262,7151
7302,7151
7254,7160
7372,7152
7099,7157
7401,7150
7103,7149
7188,7159
7322,7154
7192,7155
7216,7151
7177,7147
7372,7161
7240,7151
7197,7161
7257,7171
7143,7150
7291,7161
7309,7157
7228,7153
7301,7167
7241,7153
7137,7160
7217,7157
7094,7155
7286,7155
7109,7152
7197,7156
7271,7149
7157,7146
7279,7157
7152,7147
7189,7161
7234,7140
7196,7150
7382,7150
7158,7159
7366,7150
7266,7152
7110,7164
7214,7149
7096,7138
7164,7153
7295,7142
7131,7154
7257,7156
7236,7172
7275,7158
7258,7157
7121,7149
7168,7150
7134,7150
7191,7158
7261,7139
7195,7153
7264,7154
7198,7153
7214,7149
7178,7150
7142,7156
7316,7149
7066,7148
7263,7153
7299,7158
7143,7156
7342,7168
7094,7153
7183,7151
7128,7146
7160,7153
7273,7152
7151,7148
7295,7162
7176,7157
7188,7153
7243,7158
7214,7160
7230,7149
7207,7169
7239,7152
7215,7153
7187,7147
7342,7152
7196,7156
7101,7150
7315,7161
7110,7157
7241,7149
7345,7152
7164,7153
7318,7158
7218,7146
7135,7158
7208,7155
7187,7162
7306,7177
7117,7160
7248,7165
7222,7154
7117,7157
7192,7156
7005,7162
7193,7152
7127,7150
7137,7169
7258,7153
7188,7147
7242,7157
7231,7147
7140,7160
7213,7162
7098,7155
7268,7167
7286,7145
7213,7159
7296,7148
7263,7160
7170,7160
7309,7158
7144,7151
7277,7151
7092,7153
7249,7152
7296,7149
7073,7154
7297,7152
7176,7153
7264,7152
7109,7164
7184,7154
7279,7151
7192,7153
7264,7158
7225,7137
7150,7154
7229,7150
7166,7156
7160,7149
7210,7157
7200,7151
7177,7154
7186,7166
7365,7157
7202,7146
7173,7160
7249,7165
7229,7153
7267,7141
7371,7154
7150,7161
7328,7160
7252,7153
7136,7154
7172,7161
7119,7166
7322,7137
7123,7153
7304,7152
7253,7166
7217,7159
7201,7157
7078,7133
7254,7157
7148,7151
7172,7153
7234,7151
7201,7159
7202,7147
7215,7146
7202,7155
7217,7160
7149,7154
7280,7150
7242,7164
7251,7159
7247,7154
7230,7158
7326,7162
7297,7160
7137,7163
7201,7147
7182,7149
7301,7162
7268,7142
7286,7150
7276,7156
7143,7160
7296,7150
7077,7145
7209,7155
7275,7155
7094,7148
7262,7144
7194,7154
7172,7154
7188,7152
7137,7148
7221,7166
7227,7150
7193,7139
7274,7157
7241,7150
7318,7148
7271,7153
7160,7147
7276,7146
7158,7151
7192,7173
7275,7156
7220,7157
7325,7157
7151,7150
7303,7158
7204,7149
7104,7163
7359,7168
7183,7158
7311,7155
7292,7154
7273,7161
7179,7153
7146,7159
7266,7151
7132,7150
7164,7146
7200,7157
7189,7159
7146,7143
7234,7158
7247,7157
7206,7151
7139,7152
7309,7153
7185,7151
7201,7153
7321,7155
7152,7161
7387,7163
7153,7153
7067,7158
7228,7149
7051,7164
7277,7152
7364,7153
7236,7150
7322,7169
7082,7160
7358,7157
7220,7154
7174,7163
7277,7170
7130,7151
7300,7154
7225,7155
7264,7151
7246,7150
7164,7173
7281,7156
7210,7151
7233,7152
7264,7151
7126,7157
7350,7151
7262,7150
7132,7155
7273,7160
7129,7163
7204,7159
7207,7154
7214,7153
7291,7136
7147,7144
7368,7152
7227,7160
7145,7158
7374,7144
7153,7144
7371,7155
7269,7150
7320,7170
7233,7144
7138,7157
7217,7150
7117,7150
7168,7159
7273,7156
7191,7153
7151,7156
7286,7156
7187,7155
7254,7154
7195,7145
7233,7145
7225,7149
7136,7160
7222,7161
7213,7156
7294,7154
7161,7166
7165,7149
7214,7153
7125,7152
7293,7159
7289,7153
7253,7154
7299,7163
7129,7151
7398,7158
7175,7152
7214,7161
7274,7154
7125,7155
7318,7163
7257,7153
7312,7153
7247,7151
7227,7164
7273,7157
7187,7160
7280,7150
7263,7174
7199,7149
7334,7152
7294,7153
7054,7152
7292,7136
7107,7157
7230,7151
7176,7138
7113,7161
7268,7151
7221,7147
7330,7155
7314,7145
7219,7150
7204,7156
7168,7163
7324,7157
7306,7155
7400,7155
7271,7174
7349,7165
7406,7168
7267,7169
7389,7180
7503,7174
7411,7196
7449,7205
7501,7205
7469,7220
7435,7225
7473,7228
7572,7241
7576,7240
7523,7242
7460,7277
7493,7279
7540,7264
7584,7283
7533,7299
7547,7298
7623,7305
7619,7312
7594,7322
7618,7330
7630,7344
7630,7342
7649,7361
7547,7375
7628,7366
7592,7362
7616,7399
7718,7405
7688,7410
7710,7407
7660,7414
7725,7427
7666,7441
7659,7444
7705,7457
7723,7465
7756,7473
7714,7477
7689,7477
7750,7493
7762,7511
7733,7503
7783,7518
7707,7524
7639,7531
7799,7547
7790,7535
7788,7544
7663,7568
7748,7566
7724,7585
7723,7597
7837,7599
7777,7608
7713,7601
7807,7612
7861,7636
7832,7642
7728,7643
7790,7653
7854,7656
7826,7659
7820,7671
7770,7675
7823,7698
7897,7714
7883,7715
7867,7720
7789,7712
7853,7724
7900,7737
7959,7744
7951,7757
7774,7780
7797,7759
7866,7760
7920,7787
7932,7789
7929,7803
7956,7786
7901,7805
7925,7814
7887,7835
7887,7841
7876,7864
7913,7863
7975,7867
7993,7869
7980,7877
8039,7879
8008,7921
8054,7912
8048,7901
8009,7925
7986,7941
7951,7940
7993,7957
7940,7953
7879,7953
7898,7946
7949,7961
7858,7956
7860,7945
7859,7954
7831,7961
7833,7944
7827,7960
7807,7929
7831,7958
7872,7956
7818,7960
7831,7943
7827,7973
7779,7954
7816,7933
7811,7954
7803,7961
7800,7950
7783,7945
7789,7952
7832,7949
7823,7950
7796,7934
7780,7948
7781,7952
7774,7951
7796,7964
7785,7958
7785,7956
7791,7958
7785,7965
7765,7954
7786,7956
7780,7962
7806,7960
7778,7943
7790,7967
7787,7954
7809,7952
7806,7980
7851,7959
7822,7950
7809,7962
7846,7945
7904,7954
7956,7972
8067,7964
8198,7955
8232,7981
8332,7979
8360,8000
8428,7987
8441,7990
8468,7991
8464,8020
8477,8028
8473,8034
8445,8050
8442,8049
8431,8080
8430,8075
8429,8062
8394,8074
8410,8059
8463,8094
8503,8094
8521,8101
8555,8122
8506,8130
8561,8123
8429,8146
8433,8145
8555,8141
8632,8165
8706,8170
8585,8192
8577,8193
8505,8187
8581,8204
8682,8208
8640,8220
8605,8225
8577,8237
8574,8236
8637,8258
8687,8259
8609,8276
8535,8266
8648,8282
8675,8282
8675,8298
8554,8303
8742,8309
8605,8334
8609,8332
8486,8332
8654,8364
8760,8347
8502,8365
8597,8365
8645,8379
8647,8387
8634,8399
8723,8396
8674,8414
8644,8420
8787,8425
8649,8432
8671,8457
8752,8446
8634,8457
8702,8474
8763,8469
8644,8504
8765,8494
8725,8503
8748,8495
8704,8520
8733,8512
8830,8529
8718,8543
8802,8544
8727,8553
8827,8567
8753,8568
8920,8580
8860,8583
8830,8590
8814,8615
8773,8609
8878,8634
8887,8627
8875,8646
8887,8648
8875,8667
8940,8660
8949,8667
8883,8678
8894,8691
8994,8686
8846,8703
8976,8708
8925,8712
8971,8721
8937,8724
8801,8736
8861,8759
8706,8740
8921,8746
8785,8749
8851,8738
8743,8742
8635,8750
8679,8749
8604,8753
8647,8757
8783,8752
8650,8749
8790,8751
8613,8757
8591,8762
8658,8756
8588,8751
8715,8761
8589,8744
8697,8744
8705,8753
8572,8757
8711,8767
8633,8762
8647,8756
8602,8764
8659,8761
8788,8752
8733,8754
8745,8749
8689,8758
8621,8755
8673,8750
8535,8748
8608,8759
8702,8756
8620,8756
8723,8770
8662,8752
8732,8763
8638,8762
8585,8760
8733,8765
8623,8758
8729,8754
8781,8749
8807,8759
8886,8762
8619,8762
8639,8760
8700,8756
8589,8762
8711,8752
8565,8750
8703,8758
8747,8759
8687,8753
8733,8755
8668,8766
8672,8762
8670,8753
8629,8759
8835,8756
8666,8729
8756,8754
8666,8755
8640,8748
8690,8750
8612,8750
8703,8753
8819,8763
8603,8769
8777,8762
8616,8756
8768,8754
8750,8759
8605,8764
8769,8756
8622,8763
8869,8763
8763,8764
8722,8766
8761,8757
8598,8758
8663,8760
8594,8757
8652,8761
8781,8751
8613,8761
8780,8758
8718,8751
8567,8757
8723,8756
8540,8760
8698,8760
8556,8762
8701,8754
8807,8753
8628,8757
8800,8762
8716,8754
8595,8763
8752,8752
8532,8748
8679,8755
8761,8768
8689,8759
8809,8762
8627,8760
8774,8758
8626,8754
8603,8755
8742,8762
8583,8740
8735,8762
8778,8760
8636,8755
8772,8766
8668,8753
8662,8754
8597,8758
8630,8751
8903,8757
8648,8751
8771,8763
8613,8749
8612,8756
8724,8766
8567,8758
8684,8748
8580,8767
8662,8754
8842,8750
8645,8767
8802,8772
8717,8758
8541,8742
8759,8765
8594,8761
8723,8747
8738,8762
8661,8749
8760,8751
8732,8754
8709,8761
8643,8758
8687,8770
8716,8757
8671,8756
8716,8752
8697,8749
8736,8766
8691,8755
8585,8761
8728,8750
8522,8752
8720,8761
8813,8755
8614,8748
8811,8761
8660,8750
8616,8757
8654,8765
8561,8748
8778,8750
8491,8756
8698,8757
8815,8753
8618,8766
8827,8750
8620,8760
8594,8760
8772,8757
8590,8756
8767,8760
8697,8750
8757,8753
8867,8761
8621,8754
8628,8768
8630,8757
8607,8753
8797,8761
8603,8755
8701,8758
8659,8761
8662,8755
8698,8760
8588,8765
8664,8758
8558,8765
8715,8761
8818,8752
8627,8763
8780,8762
8654,8755
8618,8761
8692,8753
8589,8755
8816,8762
8775,8750
8723,8757
8784,8748
8610,8751
8746,8759
8709,8755
8596,8763
8727,8762
8655,8753
8778,8758
8711,8757
8786,8760
8764,8747
8594,8757
8699,8766
8583,8752
8719,8755
8726,8760
8623,8755
8794,8751
8626,8750
8499,8765
8670,8749
8563,8748
8658,8758
8564,8753
8637,8754
8812,8756
8689,8751
8809,8763
8663,8752
8666,8757
8673,8759
8643,8762
8799,8757
8713,8757
8784,8753
8729,8746
8587,8757
8803,8756
8584,8757
8607,8760
8784,8763
8668,8764
8821,8755
8668,8751
8754,8758
8755,8759
8628,8772
8634,8757
8543,8761
8661,8764
8829,8752
8610,8754
8767,8754
8652,8759
8666,8756
8695,8754
8557,8760
8746,8762
8617,8755
8706,8757
8733,8750
8537,8746
8759,8754
8687,8762
8616,8763
8645,8745
8592,8751
8752,8754
8726,8759
8753,8742
8778,8748
8610,8757
8762,8759
8578,8750
8659,8765
8783,8752
8673,8760
8751,8746
8604,8742
8743,8755
8729,8750
8593,8756
8773,8767
8567,8748
8759,8753
8906,8754
8679,8774
8837,8762
8733,8761
8632,8749
8712,8752
8593,8753
8657,8754
8633,8755
8689,8768
8676,8756
8690,8759
8714,8761
8675,8757
8633,8754
8633,8756
8686,8761
8805,8745
8649,8751
8750,8763
8767,8754
8579,8761
8729,8757
8515,8760
8651,8755
8758,8753
8672,8756
8665,8761
8667,8749
8753,8746
8706,8754
8685,8757
8794,8755
8595,8757
8742,8750
8794,8753
8651,8763
8787,8757
8605,8761
8645,8759
8679,8752
8573,8756
8795,8747
8587,8759
8729,8750
8752,8752
8594,8755
8806,8750
8591,8764
8660,8763
8676,8753
8690,8763
8775,8760
8695,8752
8731,8754
8731,8752
8695,8758
8634,8751
8621,8748
8779,8758
8819,8748
8689,8751
8772,8758
8630,8758
8772,8750
8708,8757
8567,8757
8677,8759
8607,8755
8682,8743
8743,8759
8683,8758
8753,8739
8638,8757
8625,8755
8655,8755
8612,8749
8826,8756
8605,8754
8778,8758
8716,8749
8531,8753
8748,8752
8561,8760
8664,8750
8667,8749
8679,8754
8744,8765
8727,8755
8772,8758
8831,8753
8633,8758
8742,8754
8645,8768
8713,8757
8758,8757
8671,8746
8727,8765
8685,8751
8704,8758
8668,8769
8628,8754
8722,8758
8701,8749
8716,8758
8649,8760
8778,8752
8757,8754
8576,8760
8669,8763
8601,8755
8654,8769
8806,8759
8577,8749
8759,8753
8707,8757
8498,8766
8633,8760
8509,8749
8619,8759
8464,8733
8591,8734
8669,8726
8321,8718
8643,8721
8401,8691
8358,8688
8389,8693
8340,8683
8530,8671
8317,8662
8539,8662
8437,8648
8402,8646
8415,8634
8337,8624
8306,8627
8319,8611
8295,8618
8318,8610
8262,8595
8371,8580
8295,8566
8301,8567
8277,8551
8268,8553
8241,8557
8232,8564
8286,8529
8159,8522
8240,8511
8304,8512
8214,8494
8274,8486
8236,8483
8322,8478
8255,8462
8307,8451
8307,8447
8230,8440
8264,8425
8216,8412
8233,8404
8264,8406
8236,8403
8263,8391
8259,8392
8268,8383
8237,8375
8263,8357
8243,8354
8188,8362
8393,8332
8375,8316
8351,8339
8020,8305
8270,8307
8161,8303
8117,8272
8057,8278
8164,8276
8135,8266
8072,8257
8036,8238
8046,8226
8125,8254
8131,8241
8075,8217
7986,8211
8046,8201
8161,8197
8138,8179
8085,8187
7964,8167
8056,8165
8043,8151
8146,8157
8097,8125
8036,8110
8000,8121
7958,8114
7969,8084
8009,8108
8024,8088
8059,8047
8144,8086
8059,8048
8048,8046
8025,8055
7993,8043
7968,8043
7939,8031
7950,8021
7904,8023
7923,7996
7886,7979
7938,7977
8041,7983
8016,7985
8012,7962
8037,7989
8005,7956
8018,7954
8059,7977
8103,7979
8096,7973
8138,7964
8100,7940
8113,7963
8107,7948
8135,7956
8136,7951
8148,7961
8172,7963
8165,7961
8170,7962
8173,7952
8156,7963
8152,7950
8148,7949
8135,7942
8162,7952
8174,7959
8142,7946
8176,7952
8160,7948
8178,7964
8139,7964
8179,7959
8174,7967
8155,7948
8179,7931
8140,7975
8163,7983
8157,7945
8168,7954
8161,7953
8147,7977
8171,7965
8157,7936
8146,7948
8147,7941
8123,7955
8154,7938
8152,7948
8138,7959
8121,7951
7994,7968
7938,7950
7830,7950
7697,7946
7676,7946
7623,7920
7493,7940
7478,7914
7427,7902
7395,7905
7489,7892
7435,7891
7429,7894
7406,7860
7437,7858
7452,7874
7447,7828
7491,7831
7481,7853
7439,7823
7419,7823
7346,7810
7329,7810
7334,7799
7315,7796
7385,7757
7393,7782
7413,7767
7406,7755
7294,7744
7307,7730
7349,7727
7370,7731
7439,7710
7376,7709
7318,7703
7300,7696
7377,7689
7384,7681
7383,7664
7285,7656
7252,7665
7354,7641
7307,7633
7236,7624
7197,7611
7365,7595
7436,7602
7130,7605
7192,7587
7288,7575
7170,7576
7125,7558
7302,7553
7174,7546
7099,7535
7156,7531
7248,7518
7150,7522
7199,7508
7224,7495
7169,7491
7183,7485
7204,7468
7129,7463
7199,7459
7170,7453
7104,7436
7192,7442
7097,7435
7164,7415
7174,7408
7023,7404
7210,7399
7182,7381
7110,7379
7204,7369
7086,7355
7191,7357
6971,7345
7225,7328
7099,7324
7161,7313
7108,7306
7058,7314
7034,7303
7123,7287
7010,7280
7062,7276
7035,7260
7077,7267
6952,7249
7073,7240
7072,7236
7006,7236
7004,7212
6965,7217
6934,7206
6953,7199
6932,7187
6944,7187
7015,7185
7076,7169
7040,7166
7015,7150
6983,7167
7210,7161
7126,7166
7208,7157
7179,7145
7257,7151
7233,7151
7102,7160
7355,7153
7189,7158
7230,7154
7068,7150
7167,7164
7329,7157
7213,7152
7284,7148
7253,7144
7090,7158
7260,7154
7123,7150
7230,7156
7398,7148
7239,7147
7330,7164
7220,7158
7328,7153
7273,7156
7180,7154
7181,7158
7238,7158
7288,7162
7298,7157
7290,7152
7316,7148
7220,7159
7190,7150
7252,7155
7213,7148
7323,7155
7281,7154
7312,7157
7176,7159
7100,7159
7157,7145
7120,7152
7203,7154
7230,7150
7168,7160
7218,7151
7187,7157
7246,7159
7125,7155
7111,7155
7241,7159
7077,7155
7255,7155
7263,7147
7217,7157
7386,7157
7133,7148
7128,7153
7206,7151
7102,7150
7360,7149
7021,7146
7321,7155
7343,7150
7174,7150
7323,7146
7185,7151
7292,7143
7109,7156
7201,7157
7332,7153
7183,7161
7263,7166
7260,7148
7223,7158
7228,7158
7164,7146
7311,7152
7287,7155
7234,7148
7357,7150
7159,7145
7370,7146
7190,7150
7165,7165
7227,7157
7224,7148
7273,7155
7231,7154
7262,7137
7285,7152
7215,7161
7210,7157
7153,7153
7236,7156
7378,7144
7179,7154
7361,7155
7164,7157
7095,7162
7185,7158
7127,7143
7177,7158
7170,7151
7152,7153
7215,7136
7286,7147
7204,7149
7222,7154
7112,7147
7244,7158
7122,7154
7220,7146
7246,7153
7192,7174
7283,7154
7099,7157
7328,7156
7132,7165
7074,7159
7299,7162
7122,7156
7285,7148
7259,7160
7280,7160
7307,7146
7170,7150
7294,7151
7118,7159
7204,7150
7299,7147
7114,7163
7317,7148
7198,7158
7217,7154
7205,7155
7192,7147
7258,7161
7153,7159
7153,7158
7339,7152
7122,7146
7335,7158
7186,7152
7112,7150
7331,7154
7121,7146
7237,7154
7289,7145
7178,7157
7319,7148
7152,7164
7285,7150
7179,7147
7213,7165
7246,7163
7212,7162
7354,7149
7124,7152
7239,7156
7218,7158
7122,7149
7205,7152
7130,7152
7162,7166
7270,7148
7149,7151
7247,7156
7226,7160
7136,7148
7193,7143
7102,7151
7226,7153
7126,7148
7195,7154
7223,7155
7192,7133
7285,7159
7179,7148
7152,7156
7244,7153
7190,7152
7287,7164
7293,7163
7258,7145
7302,7166
7168,7164
7314,7158
7140,7144
7215,7163
7237,7155
7165,7151
7244,7163
7223,7153
7244,7159
7202,7150
7305,7152
7266,7144
7213,7160
7251,7158
7348,7158
7287,7153
7284,7156
7149,7157
7215,7154
7218,7152
7078,7151
7271,7156
7064,7153
7205,7146
7310,7141
7130,7153
7366,7148
7169,7160
7153,7152
7184,7156
7204,7150
7351,7153
7148,7144
7288,7157
7280,7165
7139,7150
7277,7150
7124,7152
7180,7157
7207,7145
7287,7147
7267,7158
7221,7155
7109,7160
7298,7157
7156,7152
7218,7159
7217,7152
7132,7153
7273,7155
7253,7151
7224,7156
7133,7151
7157,7157
7226,7155
7125,7147
7319,7150
7238,7145
7323,7149
7282,7152
7071,7155
7276,7151
7073,7159
7179,7153
7264,7153
7153,7154
7296,7159
7245,7157
7272,7144
7331,7159
7276,7160
7245,7151
7216,7154
7192,7158
7316,7147
7204,7145
7244,7148
7209,7147
7208,7150
7271,7155
7133,7155
7247,7148
7066,7153
7186,7151
7276,7155
7162,7165
7329,7162
7216,7150
7180,7155
7184,7155
7179,7159
7294,7146
7195,7156
7240,7155
7176,7155
7147,7150
7270,7150
7137,7161
7174,7152
7175,7160
7287,7157
7250,7159
7150,7145
7319,7151
7266,7151
7171,7154
7256,7159
7100,7142
7162,7165
7383,7158
7094,7157
7346,7168
7196,7152
7137,7167
7208,7160
7105,7151
7280,7155
7099,7148
7294,7157
7316,7149
7073,7147
7293,7150
7085,7152
7170,7154
7193,7161
7140,7160
7286,7152
7199,7168
7254,7162
7265,7153
7216,7157
7311,7153
7179,7160
7178,7153
7285,7149
7263,7151
7258,7170
7239,7147
7309,7161
7270,7154
7186,7149
7304,7151
7104,7151
7283,7164
7304,7154
7248,7157
7386,7165
7198,7147
7192,7159
7189,7155
7140,7161
7375,7153
7133,7142
7259,7160
7229,7145
7111,7145
7317,7156
7175,7157
7178,7166
7273,7148
7253,7156
7231,7145
7182,7155
7256,7162
7265,7149
7224,7158
7306,7157
7122,7163
7211,7156
7377,7143
7187,7154
7374,7154
7206,7147
7239,7152
7283,7159
7135,7152
7279,7154
7140,7155
7299,7148
7339,7153
7304,7148
7284,7159
7055,7152
7276,7149
7065,7151
7141,7155
7329,7154
7111,7157
7282,7158
7236,7152
7215,7160
7260,7155
7134,7146
7193,7161
7196,7159
7165,7158
7345,7160
7248,7154
7316,7156
7301,7151
7164,7153
7301,7152
7116,7167
7220,7165
7400,7152
7187,7147
7370,7154
7201,7157
7313,7156
7224,7155
7217,7157
7392,7150
7258,7161
7374,7168
7352,7170
7481,7164
7354,7189
7357,7186
7459,7185
7445,7201
7476,7203
7483,7217
7462,7224
7491,7225
7461,7248
7592,7242
7510,7254
7536,7251
7534,7266
7561,7281
7569,7279
7592,7288
7554,7297
7606,7310
7541,7312
7635,7308
7579,7329
7637,7339
7599,7346
7643,7349
7608,7359
7645,7375
7642,7375
7689,7381
7606,7387
7633,7405
7705,7411
7599,7417
7661,7427
7715,7439
7604,7437
7662,7450
7664,7464
7763,7465
7707,7477
7641,7477
7700,7486
7726,7497
7729,7509
7690,7514
7792,7516
7717,7533
7773,7541
7841,7545
7774,7549
7684,7563
7741,7582
7715,7575
7721,7579
7773,7593
7803,7602
7720,7610
7748,7621
7791,7625
7813,7660
7789,7629
7781,7641
7832,7654
7812,7679
7841,7676
7748,7680
7838,7694
7885,7685
7890,7694
7852,7706
7831,7736
7856,7721
7879,7752
7967,7731
7934,7749
7902,7783
7737,7754
7820,7782
7855,7790
7937,7779
7891,7785
7990,7816
7952,7809
7887,7822
7918,7826
7881,7851
7874,7842
7945,7869
7942,7861
8001,7877
8034,7896
7966,7893
7935,7899
8061,7897
8046,7906
8060,7907
8009,7915
7967,7926
7920,7949
7965,7927
7961,7930
7875,7954
7893,7960
7902,7931
7874,7954
7858,7945
7851,7937
7815,7960
7840,7948
7816,7949
7823,7964
7836,7957
7840,7947
7813,7942
7814,7965
7833,7945
7786,7963
7835,7951
7814,7980
7790,7945
7793,7942
7800,7951
7808,7967
7803,7968
7808,7952
7774,7959
7792,7950
7799,7969
7799,7972
7759,7949
7776,7972
7797,7948
7769,7961
7792,7956
7776,7970
7782,7950
7765,7969
7798,7972
7784,7968
7798,7955
7809,7938
7803,7949
7837,7939
7803,7952
7821,7948
7823,7948
7855,7961
7960,7957
8018,7960
8121,7971
8217,7959
8356,7969
8328,7987
8392,7981
8432,8015
8431,8007
8439,7997
8501,8006
8458,8030
8434,8039
8457,8043
8453,8061
8423,8059
8429,8069
8416,8059
8415,8082
8419,8096
8487,8096
8529,8102
8557,8114
8583,8108
8554,8137
8500,8145
8456,8148
8405,8146
8632,8151
8565,8177
8611,8176
8605,8187
8551,8192
8580,8189
8658,8206
8652,8204
8599,8231
8564,8226
8588,8240
8639,8243
8681,8260
8661,8249
8531,8276
8544,8272
8669,8287
8677,8287
8606,8307
8592,8308
8738,8329
8626,8326
8478,8329
8614,8346
8783,8354
8714,8363
8679,8361
8796,8377
8756,8386
8649,8395
8795,8396
8691,8399
8612,8418
8670,8412
8670,8420
8649,8450
8770,8445
8701,8452
8699,8462
8768,8459
8725,8486
8727,8502
8661,8487
8636,8499
8863,8513
8758,8515
8708,8517
8763,8535
8847,8543
8758,8554
8705,8554
8852,8553
8755,8577
8871,8584
8771,8589
8830,8607
8781,8602
8874,8621
8849,8620
8950,8633
8884,8641
8928,8646
8874,8657
8864,8644
8887,8661
8952,8675
8784,8674
8884,8699
8862,8698
8877,8708
8977,8717
8806,8708
8914,8735
8807,8737
8780,8749
8731,8739
8690,8756
8883,8755
8659,8746
8796,8757
8697,8755
8559,8756
8784,8761
8619,8756
8698,8742
8617,8745
8683,8760
8771,8757
8684,8753
8701,8749
8639,8747
8659,8755
8600,8756
8630,8762
8780,8760
8665,8759
8747,8762
8750,8753
8587,8761
8779,8754
8649,8759
8605,8763
8763,8752
8584,8759
8757,8763
8637,8749
8770,8763
8620,8753
8541,8765
8715,8769
8584,8756
8678,8764
8736,8751
8609,8764
8796,8747
8650,8763
8579,8767
8666,8749
8547,8756
8876,8754
8569,8752
8708,8758
8791,8745
8612,8751
8767,8762
8602,8748
8574,8760
8688,8761
8682,8757
8698,8753
8679,8747
8754,8760
8726,8765
8621,8752
8732,8752
8624,8758
8750,8765
8742,8763
8655,8751
8786,8751
8708,8751
8794,8765
8670,8750
8566,8769
8696,8755
8571,8757
8693,8772
8734,8764
8683,8759
8802,8755
8653,8744
8664,8746
8637,8766
8642,8763
8801,8764
8526,8741
8655,8748
8722,8755
8564,8761
8750,8751
8533,8757
8565,8765
8678,8756
8582,8752
8786,8761
8674,8748
8861,8752
8775,8761
8551,8764
8729,8761
8622,8763
8675,8774
8800,8749
8633,8756
8776,8760
8661,8759
8792,8772
8641,8767
8613,8757
8851,8754
8505,8764
8731,8758
8821,8765
8712,8760
8755,8764
8636,8755
8621,8759
8660,8761
8621,8752
8695,8750
8599,8758
8689,8749
8759,8758
8633,8752
8738,8754
8570,8760
8671,8750
8632,8746
8660,8762
8766,8750
8647,8756
8848,8738
8703,8748
8516,8757
8739,8758
8558,8763
8730,8751
8799,8749
8583,8761
8844,8767
8691,8755
8745,8756
8704,8757
8636,8756
8764,8760
8626,8760
8737,8757
8691,8745
8608,8757
8704,8754
8607,8753
8662,8758
8625,8753
8643,8753
8740,8763
8653,8754
8805,8763
8660,8750
8603,8765
8706,8756
8594,8753
8683,8761
8833,8743
8624,8758
8809,8766
8608,8753
8791,8754
8665,8749
8591,8759
8803,8754
8558,8748
8829,8751
8902,8749
8684,8763
8813,8761
8627,8750
8595,8760
8677,8758
8550,8765
8707,8766
8598,8752
8685,8773
8753,8753
8591,8762
8747,8756
8541,8768
8621,8767
8626,8752
8636,8756
8693,8753
8657,8756
8743,8760
8683,8758
8628,8743
8695,8759
8601,8760
8715,8766
8750,8750
8681,8757
8832,8753
8684,8753
8875,8772
8696,8769
8623,8763
8742,8756
8633,8753
8706,8754
8723,8760
8720,8758
8681,8762
8627,8765
8657,8764
8617,8753
8644,8761
8787,8749
8595,8752
8786,8759
8674,8762
8564,8759
8731,8754
8570,8755
8679,8756
8598,8742
8694,8760
8794,8762
8633,8759
8824,8765
8747,8750
8619,8756
8712,8763
8663,8757
8827,8767
8799,8755
8733,8759
8790,8752
8652,8758
8784,8760
8634,8758
8564,8750
8776,8753
8589,8756
8717,8765
8751,8753
8708,8759
8761,8755
8560,8749
8696,8758
8610,8752
8656,8763
8786,8746
8612,8761
8723,8764
8718,8749
8579,8756
8718,8751
8561,8752
8656,8764
8529,8763
8583,8756
8796,8765
8620,8760
8897,8761
8716,8758
8558,8757
8734,8757
8612,8756
8732,8762
8770,8753
8646,8749
8775,8753
8693,8757
8696,8758
8657,8757
8640,8741
8748,8751
8577,8751
8764,8743
8642,8755
8793,8757
8686,8760
8557,8754
8742,8765
8553,8762
8667,8751
8779,8760
8713,8753
8792,8751
8663,8772
8560,8761
8763,8745
8597,8762
8708,8758
8779,8751
8742,8758
8801,8748
8662,8763
8758,8749
8698,8741
8604,8757
8754,8747
8635,8763
8756,8757
8774,8765
8705,8769
8745,8759
8579,8760
8737,8755
8597,8753
8702,8766
8743,8756
8584,8758
8765,8749
8691,8757
8519,8760
8671,8758
8603,8767
8714,8755
8603,8759
8653,8744
8781,8759
8623,8750
8857,8753
8671,8763
8604,8758
8678,8758
8601,8760
8737,8758
8786,8758
8676,8756
8816,8767
8666,8761
8789,8757
8628,8754
8567,8748
8756,8758
8533,8745
8727,8758
8755,8769
8751,8752
8656,8756
8638,8749
8781,8762
8550,8751
8662,8769
8790,8749
8602,8746
8746,8747
8673,8762
8591,8760
8731,8759
8609,8759
8698,8749
8633,8754
8640,8757
8722,8756
8655,8757
8807,8762
8645,8747
8633,8759
8702,8750
8657,8759
8785,8756
8836,8753
8650,8756
8785,8756
8681,8753
8742,8758
8616,8752
8669,8756
8796,8758
8589,8768
8842,8756
8655,8757
8826,8751
8719,8766
8545,8764
8669,8749
8587,8756
8602,8759
8742,8763
8657,8744
8750,8748
8673,8759
8619,8754
8716,8755
8662,8765
8677,8761
8609,8748
8734,8754
8721,8762
8655,8768
8822,8758
8671,8749
8638,8755
8671,8757
8614,8758
8758,8761
8721,8761
8737,8756
8712,8746
8646,8752
8741,8763
8573,8760
8666,8760
8774,8759
8653,8763
8774,8751
8604,8750
8688,8760
8635,8747
8479,8739
8651,8727
8320,8724
8575,8734
8576,8706
8391,8706
8527,8702
8354,8687
8405,8687
8211,8674
8410,8677
8572,8667
8441,8664
8335,8648
8420,8638
8364,8628
8337,8630
8322,8622
8300,8614
8317,8600
8300,8594
8280,8596
8270,8578
8314,8576
8288,8570
8254,8542
8254,8550
8271,8538
8341,8543
8189,8512
8207,8530
8262,8520
8227,8495
8291,8480
8205,8478
8300,8473
8263,8469
8247,8445
8315,8453
8233,8440
8309,8440
8320,8432
8259,8410
8283,8413
8279,8399
8211,8399
8203,8401
8275,8388
8219,8368
8162,8358
8243,8360
8108,8350
8176,8330
8370,8332
8361,8321
8236,8319
8013,8311
8233,8286
8143,8297
8050,8279
8115,8276
8163,8267
8149,8274
8055,8256
8123,8252
8118,8226
8172,8219
8074,8224
7985,8210
8031,8207
8135,8183
8161,8190
8095,8193
8033,8174
8047,8156
7995,8153
8120,8143
8192,8142
8001,8132
8013,8114
7998,8108
8018,8089
8010,8098
7985,8103
8046,8084
8081,8081
8130,8053
8095,8050
8029,8063
8018,8047
7972,8039
7972,8052
7964,8051
7934,8009
7949,7997
7925,8003
7968,7969
7890,7981
7915,7971
8033,7986
8020,7975
8050,7974
8027,7971
8050,7974
8064,7945
8103,7964
8103,7947
8079,7962
8100,7945
8110,7962
8123,7953
8106,7957
8139,7974
8148,7947
8157,7956
8160,7969
8161,7940
8140,7941
8142,7954
8177,7951
8165,7957
8174,7961
8161,7969
8158,7974
8185,7963
8148,7945
8169,7946
8156,7947
8155,7965
8150,7925
8170,7949
8166,7952
8185,7970
8153,7970
8151,7961
8152,7957
8160,7951
8197,7943
8150,7974
8170,7968
8165,7944
8119,7969
8144,7948
8155,7979
8129,7959
8157,7966
8181,7978
8071,7948
7996,7950
7848,7960
7761,7972
7691,7938
7625,7936
7602,7930
7515,7911
7385,7911
7405,7898
7442,7908
7403,7892
7404,7885
7414,7879
7407,7867
7393,7861
7431,7845
7493,7825
7467,7828
7444,7817
7479,7812
7405,7810
7356,7807
7333,7796
7346,7785
7373,7775
7419,7768
7357,7758
7430,7772
7316,7745
7298,7753
7315,7745
7365,7733
7421,7722
7399,7706
7348,7706
7295,7699
7331,7683
7359,7672
7408,7673
7263,7648
7244,7649
7307,7651
7385,7649
7264,7628
7269,7621
7388,7608
7355,7607
7470,7595
7117,7584
7273,7582
7212,7572
7108,7562
7283,7543
7241,7548
7271,7538
7176,7535
7221,7540
7197,7512
7113,7516
7193,7506
7168,7489
7166,7489
7231,7474
7136,7464
7106,7449
7249,7443
7135,7451
7202,7428
7249,7429
7057,7420
7151,7414
7003,7413
7158,7394
7220,7397
7063,7378
7213,7382
6999,7376
7151,7361
7028,7339
7080,7345
7189,7337
7159,7313
7145,7318
7039,7315
7023,7315
7083,7298
7100,7297
7030,7274
7085,7275
6962,7254
7041,7255
7003,7248
7036,7233
6961,7215
7015,7225
7009,7208
6898,7209
7017,7196
6898,7187
7025,7189
6990,7178
7071,7168
7038,7173
7141,7175
7234,7161
7109,7160
7068,7176
7181,7166
7120,7149
7222,7159
7151,7146
7258,7163
7187,7147
7157,7157
7235,7156
7046,7157
7222,7160
7013,7150
7247,7161
7301,7157
7202,7150
7357,7156
7297,7156
7145,7159
7368,7143
7153,7149
7287,7143
7315,7138
7290,7161
7326,7150
7192,7146
7344,7157
7218,7144
7213,7147
7347,7157
7154,7163
7233,7161
7346,7157
7239,7159
7364,7147
7210,7150
7194,7151
7147,7150
7211,7163
7271,7150
7083,7148
7243,7161
7114,7153
7124,7158
7229,7150
7107,7157
7192,7152
7276,7165
7249,7157
7266,7158
7108,7157
7260,7153
7166,7157
7138,7158
7262,7166
7119,7158
7269,7151
7333,7152
7200,7158
7268,7166
7172,7140
7159,7156
7155,7154
7147,7164
7318,7170
7175,7153
7315,7150
7199,7157
7110,7163
7222,7152
7114,7148
7209,7152
7122,7152
7245,7158
7273,7148
7187,7158
7292,7159
7260,7149
7210,7160
7338,7149
7235,7159
7175,7154
7323,7149
7311,7162
7273,7142
7129,7154
7266,7155
7186,7154
7216,7157
7321,7153
7124,7158
7345,7155
7286,7159
7325,7161
7318,7152
7176,7163
7274,7153
7084,7154
7215,7165
7316,7155
7192,7152
7267,7151
7065,7149
7105,7163
7216,7150
7095,7161
7183,7144
7228,7159
7202,7154
7224,7148
7176,7157
7166,7157
7235,7157
7145,7156
7168,7148
7080,7153
7249,7147
7247,7159
7207,7150
7288,7154
7159,7154
7264,7154
7151,7167
7187,7156
7299,7144
7139,7165
7354,7156
7233,7159
7278,7151
7213,7156
7110,7147
7271,7155
7116,7151
7215,7152
7302,7145
7197,7157
7264,7154
7189,7154
7157,7145
7311,7147
7199,7152
7166,7147
7112,7152
7278,7141
7282,7145
7158,7153
7258,7159
7295,7158
7199,7154
7217,7147
7163,7145
7249,7160
7299,7151
7246,7154
7251,7146
7123,7158
7323,7155
7114,7157
7183,7169
7345,7159
7162,7139
7263,7156
7132,7152
7262,7149
7189,7134
7151,7147
7155,7145
7243,7149
7155,7143
7148,7151
7180,7161
7194,7157
7179,7167
7156,7156
7168,7150
7125,7155
7277,7153
7173,7158
7245,7157
7365,7154
7130,7150
7316,7158
7200,7151
7153,7151
7242,7148
7157,7148
7299,7151
7260,7163
7260,7154
7208,7142
7111,7156
7270,7166
7072,7146
7172,7169
7269,7157
7174,7152
7220,7152
7151,7162
7252,7157
7212,7155
7204,7156
7264,7158
7140,7166
7377,7149
7269,7163
7150,7162
7282,7148
7203,7152
7106,7157
7302,7156
7160,7148
7283,7150
7235,7149
7266,7161
7309,7158
7094,7157
7291,7149
7111,7161
7308,7151
7394,7152
7213,7148
7325,7155
7203,7144
7310,7156
7233,7148
7145,7154
7183,7157
7162,7157
7192,7145
7240,7149
7210,7149
7259,7140
7227,7140
7215,7148
7236,7157
7175,7151
7196,7157
7206,7151
7238,7158
7284,7167
7182,7142
7175,7150
7208,7162
7245,7152
7148,7146
7152,7159
7321,7152
7233,7150
7355,7155
7224,7152
7063,7155
7251,7150
7079,7158
7201,7155
7337,7146
7135,7141
7212,7154
7223,7154
7217,7151
7144,7163
7175,7144
7254,7163
7088,7151
7324,7151
7318,7139
7205,7151
7344,7167
7197,7150
7085,7170
7224,7148
7024,7152
7254,7150
7160,7149
7186,7156
7327,7167
7144,7167
7279,7158
7183,7150
7280,7172
7167,7145
7236,7154
7267,7157
7115,7161
7268,7153
7231,7155
7100,7157
7213,7140
7142,7161
7266,7153
7252,7152
7215,7157
7280,7155
7191,7154
7310,7151
7198,7155
7115,7160
7254,7151
7154,7159
7238,7152
7298,7136
7249,7155
7276,7142
7077,7150
7138,7161
7231,7147
7084,7154
7345,7151
7101,7147
7372,7162
7256,7158
7089,7167
7254,7150
7094,7154
7204,7156
7132,7146
7175,7158
7267,7151
7296,7161
7178,7155
7285,7152
7250,7158
7186,7150
7235,7169
7289,7147
7265,7153
7179,7150
7312,7137
7196,7159
7118,7154
7195,7148
7086,7160
7303,7157
7114,7154
7283,7147
7346,7149
7186,7152
7337,7151
7216,7156
7225,7160
7158,7160
7228,7157
7264,7148
7138,7153
7370,7160
7262,7156
7104,7155
7226,7155
7227,7156
7287,7156
7295,7143
7301,7156
7303,7155
7282,7148
7288,7157
7260,7147
7098,7149
7227,7164
7104,7159
7197,7157
7285,7153
7225,7159
7250,7147
7179,7152
7204,7153
7232,7155
7162,7152
7324,7157
7111,7141
7350,7157
7261,7159
7145,7161
7257,7156
7078,7163
7239,7162
7118,7153
7159,7166
7313,7154
7259,7153
7282,7156
7274,7151
7177,7143
7269,7147
7203,7155
7240,7143
7363,7153
7150,7155
7300,7155
7280,7149
7306,7156
7224,7145
7143,7162
7293,7158
7126,7149
7149,7137
7392,7162
7234,7161
7296,7167
7200,7141
7213,7156
7242,7163
7259,7153
7388,7155
7340,7170
7513,7171
7333,7166
7341,7194
7439,7173
7400,7196
7509,7203
7492,7217
7452,7217
7553,7235
7487,7242
7509,7236
7542,7250
7543,7258
7536,7262
7526,7263
7553,7278
7547,7292
7629,7295
7621,7293
7516,7317
7575,7321
7617,7327
7595,7323
7592,7337
7705,7352
7629,7356
7683,7368
7608,7363
7554,7377
7700,7391
7655,7406
7632,7405
7645,7426
7600,7419
7669,7429
7682,7439
7754,7436
7717,7446
7659,7463
7672,7468
7714,7490
7690,7487
7718,7515
7696,7496
7703,7505
7730,7511
7761,7526
7811,7526
7662,7542
7662,7539
7712,7563
7728,7559
7811,7579
7662,7566
7746,7579
7776,7594
7812,7609
7712,7588
7742,7620
7873,7632
7781,7653
7757,7659
7814,7650
7823,7656
7833,7665
7753,7653
7754,7677
7876,7683
7911,7716
7870,7706
7800,7726
7813,7705
7850,7724
7933,7734
7960,7763
7912,7762
7786,7772
7805,7786
7868,7769
7918,7779
7914,7789
7972,7794
7926,7791
7945,7829
7875,7838
7898,7842
7890,7836
7881,7850
7947,7868
7934,7868
8006,7881
8025,7864
7994,7892
8042,7900
8052,7890
8016,7920
8016,7937
7948,7930
7995,7956
8011,7926
7954,7931
7910,7946
7902,7940
7876,7970
7877,7937
7869,7954
7857,7966
7809,7947
7836,7957
7834,7960
7807,7948
7812,7942
7839,7950
7808,7946
7818,7960
7836,7963
7853,7967
7799,7951
7832,7945
7792,7946
7780,7963
7771,7931
7807,7959
7829,7954
7793,7939
7799,7929
7793,7955
7796,7963
7787,7968
7782,7950
7780,7954
7770,7947
7742,7941
7777,7957
7771,7940
7783,7939
7784,7977
7764,7962
7795,7941
7780,7961
7832,7952
7806,7957
7806,7948
7818,7924
7817,7943
7822,7935
7858,7960
7898,7957
7953,7963
8078,7973
8178,7966
8298,7970
8275,7963
8401,7983
8386,7977
8424,8002
8467,8013
8449,8021
8484,8022
8506,8037
8477,8046
8454,8060
8441,8060
8405,8049
8423,8069
8370,8067
8434,8067
8467,8091
8497,8103
8536,8109
8527,8117
8538,8131
8537,8129
8482,8134
8414,8158
8465,8150
8602,8174
8612,8181
8618,8181
8548,8181
8547,8204
8610,8202
8662,8208
8665,8226
8604,8224
8584,8243
8620,8243
8667,8249
8650,8257
8594,8262
8599,8259
8668,8285
8690,8289
8650,8297
8606,8317
8707,8309
8643,8319
8531,8337
8552,8340
8714,8351
8729,8352
8697,8352
8709,8371
8697,8397
8598,8389
8758,8400
8730,8411
8670,8423
8694,8410
8729,8435
8672,8432
8725,8456
8685,8453
8687,8461
8737,8454
8693,8488
8703,8479
8818,8500
8704,8499
8842,8520
8733,8514
8740,8530
8815,8517
8810,8542
8814,8536
8742,8564
8864,8562
8741,8562
8810,8571
8831,8600
8844,8593
8869,8601
8845,8612
8832,8626
8915,8625
8899,8643
8838,8638
8868,8656
8866,8664
8898,8666
8950,8673
8773,8695
8985,8681
8902,8697
8945,8707
8874,8721
8938,8723
8980,8735
8809,8735
8870,8735
8665,8734
8756,8744
8603,8744
8666,8758
8733,8740
8607,8760
8845,8755
8650,8760
8550,8758
8717,8758
8605,8746
8767,8754
8739,8759
8715,8764
8740,8761
8587,8761
8830,8764
8689,8754
8616,8752
8763,8745
8661,8759
8730,8752
8722,8754
8676,8743
8758,8751
8656,8752
8655,8761
8687,8767
8577,8755
8708,8754
8599,8754
8691,8753
8553,8763
8588,8760
8579,8759
8596,8759
8760,8759
8559,8755
8692,8760
8768,8752
8601,8756
8844,8765
8603,8753
8572,8767
8743,8760
8635,8748
8739,8752
8732,8751
8747,8756
8754,8759
8617,8750
8722,8763
8580,8754
8682,8747
8764,8754
8628,8755
8828,8765
8768,8731
8767,8757
8717,8764
8557,8762
8775,8759
8531,8759
8668,8758
8783,8745
8650,8756
8742,8750
8696,8751
8613,8762
8748,8750
8577,8761
8703,8760
8602,8750
8716,8762
8791,8756
8555,8762
8892,8752
8598,8755
8656,8763
8618,8757
8610,8757
8684,8752
8671,8757
8724,8755
8764,8758
8609,8756
8755,8759
8620,8755
8630,8747
8817,8757
8623,8752
8803,8752
8620,8758
8769,8756
8615,8759
8643,8756
8741,8757
8593,8750
8672,8757
8787,8752
8675,8761
8799,8756
8579,8761
8592,8760
8674,8756
8565,8759
8741,8755
8610,8765
8735,8759
8746,8762
8597,8755
8702,8761
8584,8749
8689,8764
8634,8751
8689,8755
8812,8766
8699,8754
8781,8755
8679,8758
8576,8760
8829,8760
8596,8751
8716,8763
8781,8759
8637,8760
8831,8745
8652,8754
8526,8751
8709,8755
8609,8757
8757,8764
8514,8762
8654,8758
8793,8744
8623,8757
8764,8748
8592,8750
8646,8748
8667,8761
8635,8759
8755,8759
8713,8753
8748,8752
8722,8739
8706,8749
8720,8767
8687,8763
8712,8752
8756,8755
8725,8757
8777,8761
8629,8760
8767,8764
8622,8763
8612,8758
8774,8751
8548,8754
8676,8758
8773,8757
8741,8759
8788,8756
8593,8744
8599,8756
8638,8752
8514,8753
8793,8755
8552,8759
8779,8763
8791,8748
8566,8763
8755,8765
8604,8765
8602,8767
8705,8760
8628,8756
8700,8755
8720,8757
8710,8741
8671,8751
8558,8758
8775,8757
8641,8751
8684,8750
8687,8757
8734,8746
8773,8766
8635,8759
8770,8760
8662,8764
8565,8757
8739,8753
8572,8764
8678,8756
8807,8771
8651,8769
8743,8757
8563,8754
8657,8749
8618,8759
8645,8765
8781,8753
8649,8761
8727,8763
8723,8749
8563,8748
8803,8748
8669,8750
8789,8753
8607,8757
8685,8758
8774,8767
8599,8764
8815,8748
8645,8755
8595,8757
8748,8745
8584,8751
8672,8752
8776,8754
8724,8758
8797,8766
8616,8746
8864,8747
8674,8757
8536,8752
8876,8757
8618,8768
8764,8760
8753,8753
8749,8755
8783,8763
8581,8752
8580,8761
8699,8764
8593,8747
8751,8752
8638,8756
8741,8755
8726,8751
8582,8759
8790,8756
8611,8752
8695,8756
8595,8739
8706,8756
8714,8759
8642,8756
8737,8756
8648,8758
8507,8755
8705,8743
8559,8765
8698,8749
8830,8748
8668,8764
8830,8762
8638,8756
8768,8753
8688,8763
8625,8761
8675,8741
8694,8754
8704,8752
8703,8752
8692,8758
8681,8745
8634,8755
8713,8756
8640,8753
8605,8751
8758,8753
8647,8757
8818,8754
8619,8760
8532,8765
8749,8760
8561,8758
8728,8769
8759,8752
8671,8758
8817,8758
8639,8754
8744,8759
8712,8756
8713,8765
8902,8755
8617,8757
8836,8764
8776,8753
8734,8743
8713,8754
8631,8760
8654,8756
8613,8758
8565,8757
8727,8746
8537,8759
8808,8750
8768,8762
8585,8762
8746,8773
8586,8765
8663,8771
8551,8753
8694,8766
8747,8749
8678,8761
8742,8763
8632,8757
8636,8758
8688,8750
8603,8755
8716,8755
8769,8746
8737,8744
8879,8747
8666,8750
8811,8756
8691,8744
8651,8756
8741,8744
8595,8756
8666,8758
8770,8776
8698,8753
8683,8745
8581,8755
8657,8769
8679,8748
8611,8754
8765,8750
8694,8751
8833,8761
8644,8754
8594,8761
8718,8752
8610,8746
8712,8752
8575,8764
8673,8750
8769,8752
8623,8742
8751,8765
8718,8758
8622,8769
8742,8750
8644,8762
8723,8757
8748,8754
8746,8756
8734,8759
8629,8754
8689,8759
8599,8755
8686,8756
8812,8751
8548,8761
8788,8747
8719,8754
8775,8757
8724,8741
8524,8752
8693,8759
8576,8755
8556,8752
8806,8740
8605,8760
8726,8764
8724,8751
8575,8758
8763,8768
8581,8757
8695,8756
8591,8748
8719,8760
8840,8751
8588,8751
8764,8734
8657,8759
8644,8761
8751,8760
8567,8756
8655,8756
8763,8764
8631,8741
8757,8750
8642,8755
8736,8751
8669,8757
8663,8761
8797,8756
8622,8760
8801,8761
8640,8762
8732,8764
8697,8747
8572,8760
8688,8746
8580,8750
8691,8758
8755,8744
8640,8748
8745,8761
8575,8755
8549,8750
8453,8729
8377,8728
8632,8723
8300,8712
8561,8716
8497,8709
8325,8706
8440,8697
8277,8677
8500,8673
8312,8673
8398,8661
8355,8650
8302,8655
8365,8629
8340,8628
8281,8622
8347,8613
8217,8614
8275,8594
8245,8590
8305,8571
8278,8568
8342,8571
8246,8544
8265,8551
8283,8533
8322,8533
8305,8527
8187,8513
8222,8520
8283,8509
8282,8495
8239,8484
8270,8483
8296,8465
8238,8470
8346,8447
8278,8462
8228,8443
8329,8437
8242,8422
8229,8418
8244,8404
8213,8393
8323,8377
8257,8377
8190,8359
8152,8367
8192,8361
8130,8364
8195,8346
8418,8334
8413,8330
8256,8319
7977,8309
8126,8291
8121,8295
8081,8291
8077,8282
8125,8253
8204,8258
8074,8244
8041,8253
8131,8240
8125,8228
8091,8208
8057,8229
8047,8217
8072,8171
8137,8191
8096,8174
8046,8169
7969,8170
7998,8166
8105,8151
8155,8144
8142,8130
8015,8102
7965,8115
7989,8105
7988,8095
7981,8099
8086,8096
8024,8090
8081,8067
8078,8055
8038,8049
8041,8038
7994,8040
7941,8038
7911,8012
7911,8004
7938,7975
7948,8017
7860,7995
7923,7971
8005,7964
7997,7987
8056,7976
8010,7976
8013,7972
8078,7957
8078,7959
8099,7955
8086,7967
8092,7985
8116,7961
8119,7964
8134,7950
8143,7950
8128,7953
8134,7965
8155,7949
8156,7967
8144,7953
8147,7948
8150,7950
8140,7949
8144,7949
8172,7955
8173,7944
8164,7957
8140,7952
8177,7963
8165,7950
8199,7969
8172,7950
8166,7923
8158,7952
8187,7953
8183,7981
8150,7954
8157,7954
8139,7950
8179,7961
8160,7948
8166,7960
8169,7956
8174,7962
8147,7949
8148,7962
8167,7971
8142,7958
8147,7941
8149,7957
8106,7961
8042,7947
7961,7955
7805,7956
7672,7941
7639,7943
7633,7916
7490,7931
7584,7923
7521,7912
7418,7887
7397,7895
7447,7881
7401,7869
7403,7867
7407,7859
7432,7859
7487,7834
7449,7835
7466,7822
7456,7834
7378,7816
7369,7822
7361,7790
7329,7784
7332,7780
7448,7779
7388,7765
7421,7752
7418,7753
7326,7725
7291,7732
7325,7724
7391,7712
7397,7715
7368,7697
7345,7702
7309,7688
7364,7672
7411,7672
7358,7671
7282,7651
7254,7633
7327,7653
7308,7633
7238,7623
7333,7607
7253,7617
7479,7599
7065,7601
7107,7578
7297,7569
7098,7564
7214,7555
7315,7555
7220,7531
7069,7549
7152,7523
7236,7523
7142,7519
7172,7505
7229,7508
7158,7489
7192,7465
7222,7476
7086,7467
7166,7466
7160,7448
7144,7442
7239,7438
7142,7430
7144,7408
7194,7386
7123,7400
7236,7406
7107,7376
7157,7371
7083,7368
7211,7352
7228,7350
7127,7326
7165,7334
7088,7342
7166,7326
7016,7312
7049,7298
6986,7310
7113,7285
7019,7281
7055,7264
7004,7269
7010,7263
6964,7240
7096,7238
7040,7233
7041,7219
6952,7214
6908,7196
6989,7198
6916,7195
6983,7179
6952,7195
7038,7177
7118,7171
7117,7171
7095,7162
7051,7168
7232,7161
7093,7170
7153,7152
7180,7162
7207,7157
7336,7156
7139,7159
7305,7169
7182,7159
7116,7164
7141,7156
7085,7166
7323,7158
7322,7147
7265,7154
7334,7160
7222,7155
7319,7158
7268,7156
7152,7164
7346,7153
7133,7154
7293,7160
7287,7132
7300,7151
7383,7169
7145,7176
7190,7169
7182,7149
7213,7157
7282,7155
7159,7157
7243,7155
7305,7149
7230,7171
7321,7155
7140,7138
7219,7156
7205,7162
7214,7160
7251,7154
7103,7153
7233,7151
7172,7157
7150,7152
7202,7158
7155,7147
7269,7159
7341,7137
7139,7151
7280,7158
7161,7161
7276,7160
7092,7159
7095,7155
7266,7142
7123,7149
7237,7153
7183,7145
7315,7152
7233,7165
7099,7142
7190,7155
7173,7149
7199,7155
7418,7166
7182,7144
7380,7158
7252,7160
7136,7161
7234,7154
7146,7159
7294,7152
7151,7144
7223,7148
7236,7153
7246,7147
7221,7164
7245,7172
7195,7152
7253,7154
7191,7162
7347,7164
7246,7150
7251,7153
7266,7150
7129,7165
7305,7155
7167,7160
7180,7160
7343,7162
7163,7144
7319,7148
7276,7158
7314,7154
7281,7146
7102,7155
7296,7161
7164,7155
7225,7162
7229,7151
7173,7164
7286,7162
7182,7165
7110,7152
7195,7152
7190,7152
7243,7162
7119,7155
7269,7160
7281,7158
7133,7152
7336,7167
7106,7163
7102,7154
7206,7165
7120,7166
7276,7151
7274,7153
7246,7145
7180,7153
7114,7148
7293,7150
7190,7147
7253,7162
7359,7153
7219,7148
7364,7162
7148,7152
7352,7160
7175,7169
7109,7162
7247,7158
7117,7154
7228,7159
7267,7149
7145,7152
7280,7152
7292,7134
7195,7152
7273,7147
7147,7161
7322,7146
7083,7157
7278,7139
7271,7150
7194,7141
7297,7149
7149,7146
7190,7141
7199,7152
7136,7152
7246,7155
7235,7150
7298,7154
7291,7165
7101,7162
7313,7153
7140,7165
7253,7156
7235,7155
7185,7148
7302,7154
7189,7157
7269,7156
7204,7161
7201,7158
7238,7149
7228,7153
7268,7156
7227,7150
7183,7132
7292,7157
7109,7157
7150,7154
7147,7153
7145,7161
7310,7158
7125,7154
7186,7155
7254,7152
7154,7158
7292,7153
7235,7151
7195,7160
7296,7163
7155,7146
7310,7160
7197,7152
7337,7143
7197,7160
7040,7157
7221,7152
7137,7157
7176,7156
7307,7138
7213,7161
7290,7153
7249,7147
7187,7163
7214,7157
7118,7159
7314,7158
7218,7156
7324,7148
7281,7163
7218,7155
7308,7148
7198,7151
7168,7161
7175,7153
7109,7135
7303,7154
7220,7160
7350,7155
7274,7160
7089,7149
7321,7172
7090,7159
7283,7154
7270,7169
7161,7165
7337,7165
7206,7141
7319,7147
7257,7156
7166,7150
7200,7149
7276,7161
7251,7161
7220,7151
7147,7145
7276,7166
7213,7154
7237,7159
7194,7160
7200,7167
7270,7152
7095,7164
7240,7149
7236,7150
7199,7169
7255,7160
7173,7159
7149,7166
7159,7166
7185,7159
7296,7150
7162,7159
7312,7151
7111,7155
7080,7147
7154,7152
7047,7144
7223,7154
7287,7162
7210,7151
7225,7172
7173,7154
7285,7150
7212,7139
7119,7154
7339,7146
7197,7150
7226,7156
7295,7153
7173,7157
7405,7157
7281,7159
7139,7162
7236,7157
7153,7141
7303,7157
7134,7141
7298,7151
7333,7150
7183,7162
7244,7148
7123,7141
7264,7151
7107,7153
7146,7147
7232,7163
7170,7161
7293,7154
7182,7159
7100,7165
7254,7154
7228,7168
7183,7151
7259,7148
7147,7146
7328,7161
7241,7164
7263,7150
7223,7150
7150,7155
7277,7165
7122,7151
7297,7166
7276,7157
7237,7160
7290,7157
7118,7141
7125,7157
7163,7150
7084,7157
7387,7143
7117,7145
7315,7159
7202,7145
7118,7159
7211,7151
7117,7153
7216,7153
7123,7165
7182,7159
7162,7153
7192,7152
7236,7147
7162,7150
7179,7152
7293,7148
7239,7153
7201,7161
7313,7157
7237,7163
7387,7140
7205,7165
7336,7154
7203,7162
7187,7163
7336,7154
7114,7160
7253,7166
7291,7145
7295,7151
7311,7154
7132,7144
7279,7155
7106,7153
7211,7173
7337,7151
7167,7151
7316,7182
7213,7156
7170,7160
7255,7149
7206,7154
7275,7162
7232,7150
7135,7159
7333,7155
7273,7163
7258,7157
7258,7147
7118,7151
7314,7163
7210,7146
7278,7144
7222,7164
7209,7153
7353,7147
7202,7158
7175,7145
7227,7158
7199,7159
7398,7154
7172,7137
7319,7147
7190,7159
7107,7144
7206,7162
7176,7159
7253,7166
7157,7147
7138,7151
7241,7149
7270,7169
7207,7154
7211,7151
7175,7153
7283,7173
7198,7140
7202,7155
7333,7169
7218,7156
7351,7150
7137,7166
7381,7154
7225,7160
7132,7152
7312,7163
7184,7152
7250,7157
7277,7160
7299,7156
7322,7157
7202,7146
7376,7149
7211,7163
7321,7163
7412,7162
7440,7173
7495,7174
7392,7174
7414,7194
7444,7194
7487,7209
7505,7220
7429,7223
7542,7213
7517,7246
7551,7252
7504,7251
7553,7273
7494,7256
7623,7277
7528,7273
7570,7278
7595,7300
7580,7313
7569,7310
7589,7326
7522,7349
7626,7330
7580,7338
7644,7362
7536,7351
7611,7375
7586,7373
7570,7378
7715,7400
7649,7393
7669,7403
7586,7427
7664,7424
7632,7436
7631,7435
7694,7454
7702,7449
7752,7462
7729,7473
7724,7476
7710,7494
7725,7497
7727,7511
7795,7509
7665,7528
7681,7542
7677,7546
7725,7538
7740,7554
7659,7552
7792,7564
7693,7582
7731,7579
7855,7600
7784,7619
7788,7615
7778,7625
7906,7644
7808,7622
7779,7647
7768,7652
7893,7672
7842,7654
7861,7677
7717,7684
7895,7693
7868,7692
7911,7694
7826,7699
7813,7738
7868,7733
7897,7730
7979,7763
7972,7759
7861,7756
7765,7783
7848,7774
7835,7797
7918,7778
7948,7795
7970,7801
7932,7825
7938,7826
7952,7826
7864,7853
7880,7833
7942,7851
7981,7881
7985,7854
8025,7881
8012,7898
8031,7912
8027,7920
8039,7927
8051,7920
8017,7924
7994,7928
7913,7933
7912,7937
7950,7967
7918,7947
7879,7944
7823,7934
7874,7941
7886,7964
7878,7955
7823,7939
7814,7958
7846,7953
7830,7947
7826,7945
7810,7917
7760,7966
7783,7951
7825,7947
7790,7957
7827,7951
7780,7953
7813,7953
7777,7957
7800,7953
7796,7977
7786,7960
7819,7960
7796,7965
7778,7943
7780,7943
7791,7945
7765,7954
7800,7949
7754,7937
7778,7962
7750,7969
7779,7959
7774,7967
7793,7946
7817,7963
7776,7955
7771,7946
7792,7962
7826,7952
7811,7958
7799,7938
7776,7945
7808,7969
7890,7958
7938,7928
8074,7954
8161,7967
8244,7962
8351,7993
8404,7987
8402,7975
8442,7992
8419,8011
8441,8005
8474,8015
8470,8028
8432,8042
8450,8029
8465,8053
8418,8059
8431,8073
8402,8071
8384,8077
8436,8092
8519,8092
8549,8110
8552,8114
8539,8108
8531,8138
8418,8131
8424,8151
8453,8157
8625,8158
8635,8175
8628,8175
8550,8192
8528,8188
8532,8188
8652,8194
8629,8208
8652,8221
8574,8227
8616,8241
8646,8247
8637,8256
8633,8252
8563,8281
8592,8270
8749,8287
8648,8296
8558,8303
8628,8316
8663,8329
8532,8351
8472,8336
8655,8342
8759,8353
8541,8367
8627,8354
8756,8396
8651,8396
8686,8400
8731,8399
8650,8414
8624,8403
8766,8426
8618,8439
8651,8437
8763,8451
8671,8462
8744,8453
8812,8489
8715,8478
8716,8485
8720,8493
8636,8501
8802,8510
8687,8509
8817,8533
8734,8537
8867,8547
8733,8555
8787,8563
8804,8572
8799,8581
8884,8588
8741,8604
8885,8597
8764,8600
8915,8617
8843,8631
8916,8627
8838,8640
8916,8643
8839,8643
8903,8656
8847,8672
8942,8675
8897,8692
8995,8696
8976,8704
8879,8714
8977,8713
8814,8723
8829,8735
8810,8743
8817,8740
8803,8759
8589,8746
8738,8749
8611,8753
8738,8768
8830,8745
8617,8751
8796,8755
8734,8757
8609,8753
8692,8760
8613,8752
8792,8762
8599,8759
8801,8764
8821,8757
8553,8763
8794,8764
8565,8763
8669,8755
8635,8749
8631,8756
8669,8747
8641,8760
8658,8756
8550,8744
8606,8754
8743,8753
8573,8756
8693,8747
8717,8756
8732,8759
8777,8754
8561,8752
8771,8752
8671,8753
8661,8760
8663,8761
8532,8745
8659,8761
8772,8758
8570,8759
8728,8748
8596,8762
8728,8757
8621,8766
8602,8759
8836,8757
8711,8745
8815,8756
8737,8757
8596,8766
8739,8765
8639,8762
8598,8756
8777,8750
8623,8754
8751,8759
8706,8751
8761,8757
8702,8755
8607,8758
8699,8755
8552,8754
8718,8759
8676,8747
8710,8758
8757,8753
8643,8746
8598,8749
8621,8758
8638,8764
8767,8762
8596,8758
8781,8763
8792,8756
8618,8757
8707,8767
8581,8756
8677,8752
8565,8763
8581,8762
8689,8750
8692,8760
8680,8761
8722,8753
8631,8762
8757,8767
8617,8752
8657,8756
8813,8755
8752,8763
8785,8750
8577,8758
8811,8758
8670,8750
8545,8749
8789,8758
8523,8757
8669,8762
8785,8763
8684,8755
8784,8757
8651,8759
8635,8755
8690,8749
8663,8755
8795,8759
8663,8757
8817,8757
8728,8758
8617,8753
8696,8755
8558,8736
8659,8752
8568,8762
8630,8755
8784,8757
8626,8749
8761,8762
8632,8751
8598,8745
8695,8769
8556,8756
8722,8756
8786,8758
8732,8760
8820,8747
8641,8763
8795,8749
8651,8743
8577,8762
8647,8767
8678,8756
8784,8754
8758,8754
8747,8767
8780,8762
8598,8762
8648,8758
8641,8744
8611,8760
8731,8755
8592,8754
8676,8758
8795,8749
8614,8750
8733,8759
8610,8760
8724,8758
8620,8758
8677,8758
8726,8760
8567,8745
8772,8754
8572,8751
8575,8756
8637,8760
8549,8757
8799,8758
8760,8753
8719,8774
8793,8758
8626,8750
8855,8760
8718,8752
8620,8760
8786,8744
8616,8755
8738,8759
8744,8755
8698,8771
8683,8755
8603,8756
8660,8762
8643,8741
8640,8752
8792,8759
8579,8749
8729,8759
8725,8748
8575,8765
8692,8759
8535,8758
8754,8750
8588,8752
8627,8772
8761,8755
8594,8746
8770,8751
8670,8757
8575,8758
8712,8765
8655,8759
8770,8751
8756,8757
8783,8766
8793,8755
8614,8758
8679,8754
8629,8749
8650,8754
8779,8753
8573,8758
8800,8762
8798,8761
8596,8759
8741,8752
8574,8750
8743,8767
8597,8756
8653,8767
8693,8752
8587,8757
8744,8752
8613,8762
8622,8764
8713,8766
8569,8752
8760,8760
8737,8752
8690,8759
8738,8754
8591,8765
8820,8761
8651,8755
8617,8757
8784,8753
8572,8756
8790,8767
8771,8757
8728,8754
8697,8767
8651,8755
8689,8749
8702,8752
8699,8766
8806,8766
8601,8752
8813,8751
8709,8743
8608,8756
8682,8760
8548,8749
8767,8763
8558,8753
8660,8757
8801,8764
8562,8754
8823,8757
8617,8749
8575,8752
8652,8762
8540,8754
8681,8753
8709,8755
8763,8749
8732,8745
8628,8748
8777,8758
8650,8746
8616,8761
8773,8761
8630,8756
8799,8755
8737,8752
8742,8768
8752,8743
8596,8753
8683,8758
8565,8755
8717,8771
8814,8754
8627,8752
8799,8764
8681,8755
8638,8750
8682,8750
8582,8760
8756,8764
8588,8754
8659,8773
8752,8756
8572,8761
8858,8771
8587,8743
8601,8759
8708,8753
8593,8764
8745,8751
8714,8755
8733,8755
8748,8765
8683,8750
8810,8764
8729,8760
8623,8763
8763,8754
8641,8751
8789,8756
8686,8753
8768,8759
8701,8752
8549,8755
8742,8771
8549,8752
8704,8760
8705,8759
8687,8760
8769,8753
8667,8749
8644,8758
8620,8760
8555,8767
8779,8760
8628,8755
8738,8753
8803,8754
8655,8754
8806,8752
8623,8759
8607,8761
8615,8761
8592,8767
8761,8753
8682,8746
8751,8753
8855,8763
8604,8766
8780,8754
8616,8755
8697,8780
8869,8755
8611,8756
8846,8744
8708,8754
8809,8759
8709,8758
8533,8763
8688,8754
8604,8761
8693,8755
8717,8745
8649,8759
8698,8765
8622,8757
8650,8773
8630,8757
8630,8746
8774,8759
8677,8754
8770,8760
8746,8754
8583,8753
8875,8744
8630,8758
8591,8760
8676,8760
8611,8751
8793,8763
8657,8756
8800,8757
8747,8749
8562,8759
8739,8760
8571,8755
8681,8750
8767,8759
8592,8750
8768,8756
8719,8757
8726,8762
8664,8761
8654,8752
8766,8756
8585,8754
8593,8762
8782,8755
8617,8754
8805,8755
8675,8761
8566,8761
8722,8766
8628,8753
8632,8770
8712,8754
8695,8758
8697,8764
8682,8767
8728,8752
8633,8760
8679,8761
8749,8761
8647,8756
8766,8761
8611,8767
8826,8764
8639,8756
8535,8754
8658,8770
8605,8758
8704,8736
8680,8751
8534,8749
8591,8748
8435,8738
8477,8735
8429,8737
8383,8724
8672,8704
8359,8713
8528,8701
8444,8707
8266,8706
8438,8675
8354,8677
8422,8675
8424,8640
8426,8649
8318,8642
8357,8628
8338,8624
8303,8610
8292,8609
8342,8604
8263,8605
8301,8585
8400,8580
8199,8565
8246,8562
8234,8556
8341,8540
8244,8527
8305,8541
8115,8542
8189,8509
8248,8503
8238,8508
8386,8498
8168,8491
8317,8482
8183,8468
8302,8454
8386,8444
8284,8435
8223,8440
8288,8443
8238,8415
8345,8414
8258,8395
8230,8390
8290,8386
8280,8375
8277,8368
8198,8355
8208,8359
8090,8348
8243,8346
8409,8324
8408,8311
8136,8318
8145,8301
8144,8277
8208,8295
8111,8284
8135,8267
8236,8267
8125,8270
8055,8257
8104,8240
8105,8228
8141,8205
8032,8209
8009,8219
8053,8199
8143,8179
8089,8195
8078,8199
8029,8180
8002,8165
7925,8166
8139,8135
8161,8135
8015,8132
8082,8105
8022,8116
7999,8114
7989,8083
7986,8097
8038,8082
8100,8059
8079,8059
8046,8056
8050,8059
8026,8047
7964,8039
7977,8036
7953,8029
7931,8004
7930,8007
7874,7993
8008,8007
7936,7969
7976,7959
8021,7981
8039,7945
8087,7984
8025,7965
8100,7977
8098,7978
8072,7954
8148,7960
8119,7933
8100,7974
8137,7959
8146,7971
8142,7979
8144,7965
8154,7965
8182,7944
8124,7951
8160,7955
8141,7936
8178,7952
8168,7965
8211,7948
8186,7960
8161,7957
8155,7949
8167,7951
8171,7943
8160,7955
8129,7969
8200,7970
8210,7949
8175,7968
8165,7945
8169,7949
8156,7968
8161,7951
8149,7958
8154,7927
8159,7962
8153,7957
8169,7947
8158,7972
8148,7960
8161,7972
8164,7942
8157,7944
8149,7939
8119,7967
8055,7961
7929,7958
7899,7954
7738,7942
7647,7953
7524,7933
7557,7938
7510,7918
7473,7917
7449,7886
7425,7885
7408,7890
7441,7887
7406,7861
7430,7882
7466,7862
7482,7848
7482,7842
7443,7832
7475,7823
7479,7817
7362,7819
7324,7805
7331,7797
7365,7783
7407,7776
7438,7779
7365,7762
7439,7743
7320,7761
7322,7745
7286,7741
7371,7725
7364,7699
7408,7701
7329,7696
7328,7694
7288,7685
7425,7684
7401,7669
7294,7663
7301,7649
7342,7641
7329,7636
7384,7622
7245,7619
7310,7620
7454,7603
7286,7597
7070,7610
7302,7576
7260,7571
7073,7573
7291,7552
7211,7545
7254,7539
7179,7526
7256,7506
7192,7519
7108,7508
7195,7492
7139,7491
7163,7478
7178,7466
7141,7464
7106,7451
7241,7454
7136,7445
7255,7441
7182,7432
7075,7418
7225,7407
7071,7389
7180,7390
7175,7383
7125,7397
7178,7375
7010,7376
7212,7363
7065,7359
7158,7335
7135,7333
7179,7326
7151,7324
7088,7306
6952,7311
7012,7273
7064,7293
7067,7270
6973,7264
6959,7250
7051,7260
7131,7252
7014,7233
6951,7241
6999,7226
6967,7219
6937,7208
6998,7212
6979,7184
7044,7185
7028,7169
7175,7161
7091,7170
7116,7170
7222,7163
7205,7167
7123,7157
7175,7163
7158,7159
7212,7148
7049,7162
7209,7163
7366,7151
7188,7152
7373,7159
7097,7157
7124,7156
7046,7148
7118,7126
7319,7162
7124,7153
7250,7149
7320,7157
7163,7158
7418,7163
7142,7154
7156,7152
7239,7154
7192,7153
7319,7167
7384,7151
7262,7149
7419,7156
7234,7150
7304,7147
7276,7156
7225,7158
7292,7148
7201,7160
7304,7167
7232,7153
7333,7159
7190,7151
7127,7169
7291,7164
7083,7153
7166,7157
7239,7156
7215,7143
7226,7153
7166,7161
7173,7154
7294,7150
7176,7165
7239,7158
7134,7158
7236,7161
7221,7152
7069,7153
7252,7147
7092,7158
7163,7151
7120,7154
7144,7160
7366,7160
7250,7151
7281,7159
7325,7157
7170,7148
7395,7156
7239,7146
7191,7169
7329,7142
7204,7150
7334,7156
7143,7156
7242,7146
7158,7154
7123,7154
7240,7162
7160,7161
7200,7145
7245,7149
7296,7155
7304,7134
7180,7151
7211,7158
7256,7149
7169,7155
7328,7143
7067,7136
7310,7152
7354,7149
7146,7164
7329,7158
7194,7142
7217,7160
7150,7157
7180,7167
7331,7157
7264,7160
7363,7147
7191,7152
7160,7159
7227,7154
7085,7149
7230,7156
7278,7156
7192,7156
7281,7161
7113,7156
7253,7151
7224,7146
7151,7154
7172,7159
7143,7151
7136,7156
7306,7141
7202,7148
7263,7152
7133,7152
7126,7150
7236,7152
7185,7158
7265,7151
7218,7156
7256,7154
7273,7160
7124,7149
7289,7158
7101,7157
7270,7160
7350,7151
7239,7154
7352,7145
7117,7153
7280,7165
7126,7147
7109,7154
7278,7161
7166,7153
7171,7151
7247,7151
7187,7159
7188,7150
7252,7153
7143,7157
7237,7152
7143,7160
7300,7159
7105,7161
7294,7156
7350,7165
7184,7148
7390,7159
7168,7157
7112,7156
7255,7154
7133,7159
7249,7142
7242,7167
7273,7166
7228,7153
7178,7152
7169,7149
7155,7152
7163,7139
7270,7149
7202,7147
7276,7148
7182,7154
7258,7158
7176,7149
7181,7155
7247,7154
7113,7149
7181,7153
7299,7158
7205,7153
7317,7161
7130,7147
7160,7165
7218,7147
7153,7156
7280,7156
7107,7152
7221,7159
7295,7152
7238,7155
7286,7157
7137,7144
7194,7157
7136,7162
7229,7152
7332,7163
7172,7154
7264,7151
7169,7145
7174,7152
7229,7153
7170,7151
7179,7156
7277,7143
7211,7151
7237,7145
7231,7162
7205,7170
7206,7160
7200,7155
7262,7157
7191,7145
7243,7154
7211,7152
7323,7162
7294,7152
7074,7144
7183,7163
7168,7157
7142,7154
7384,7156
7117,7143
7314,7161
7318,7154
7193,7148
7295,7154
7217,7156
7234,7159
7130,7154
7213,7153
7293,7164
7190,7153
7195,7149
7222,7158
7312,7148
7210,7149
7180,7147
7270,7149
7320,7150
7254,7159
7283,7156
7208,7148
7198,7149
7215,7155
7110,7152
7238,7151
7160,7158
7217,7154
7195,7152
7257,7168
7285,7154
7106,7166
7250,7153
7175,7146
7302,7157
7320,7153
7231,7155
7294,7161
7144,7141
7107,7159
7196,7155
7095,7147
7208,7149
7084,7147
7192,7147
7301,7154
7225,7153
7247,7155
7251,7153
7233,7157
7289,7165
7169,7160
7212,7149
7285,7161
7188,7150
7292,7147
7185,7156
7313,7148
7160,7135
7184,7158
7281,7160
7134,7167
7299,7160
7238,7160
7362,7154
7281,7154
7116,7153
7180,7147
7166,7164
7238,7157
7263,7140
7231,7153
7247,7159
7232,7148
7301,7156
7183,7159
7273,7164
7225,7156
7197,7144
7328,7147
7220,7155
7149,7152
7328,7157
7162,7155
7105,7154
7194,7148
7085,7146
7239,7164
7252,7144
7263,7145
7336,7157
7154,7149
7187,7153
7136,7158
7149,7159
7303,7156
7174,7148
7281,7167
7123,7157
7111,7152
7229,7155
7125,7161
7219,7163
7187,7154
7289,7170
7274,7149
7139,7158
7273,7160
7241,7158
7251,7152
7202,7150
7152,7158
7240,7154
7359,7149
7175,7163
7300,7145
7153,7147
7280,7149
7168,7145
7128,7153
7324,7155
7118,7149
7356,7163
7239,7148
7434,7176
7306,7168
7099,7152
7226,7150
7113,7144
7206,7160
7348,7158
7207,7147
7302,7163
7271,7171
7214,7153
7287,7146
7266,7157
7188,7157
7190,7144
7261,7158
7276,7155
7201,7151
7255,7151
7203,7153
7204,7158
7191,7149
7134,7153
7211,7162
7260,7148
7252,7147
7310,7144
7194,7161
7314,7152
7096,7145
7259,7149
7358,7163
7214,7158
7338,7151
7117,7158
7366,7154
7225,7153
7139,7155
7194,7156
7222,7157
7312,7153
7256,7164
7251,7163
7240,7158
7168,7155
7225,7155
7256,7160
7084,7148
7270,7147
7106,7149
7241,7157
7388,7154
7193,7150
7327,7157
7278,7157
7109,7151
7322,7156
7198,7148
7271,7154
7298,7158
7352,7158
7290,7157
7229,7161
7343,7165
7328,7165
7476,7170
7502,7169
7404,7188
7444,7176
7447,7194
7462,7204
7471,7220
7466,7222
7519,7218
7514,7233
7633,7235
7472,7247
7552,7255
7497,7262
7543,7279
7542,7282
7584,7297
7564,7295
7615,7290
7573,7319
7597,7323
7570,7331
7647,7341
7604,7343
7652,7356
7602,7352
7620,7363
7652,7375
7571,7374
7739,7390
7694,7415
7717,7410
7627,7417
7650,7430
7645,7424
7602,7437
7674,7430
7750,7465
7673,7464
7727,7471
7707,7476
7718,7479
7778,7491
7681,7506
7739,7519
7740,7520
7751,7516
7692,7533
7825,7558
7660,7540
7654,7559
7620,7564
7768,7570
7652,7573
7732,7589
7783,7596
7807,7603
7746,7611
7784,7616
7831,7625
7771,7631
7699,7659
7829,7657
7881,7643
7821,7677
7817,7677
7787,7688
7885,7689
7859,7710
7858,7688
7854,7730
7809,7715
7859,7722
7916,7742
7918,7765
7932,7752
7827,7775
7861,7793
7856,7761
7866,7780
7962,7813
7947,7822
7951,7790
7922,7818
7928,7823
7846,7847
7864,7873
7880,7857
7950,7870
7972,7879
7985,7869
7983,7893
8048,7920
7993,7905
8103,7927
8080,7919
8060,7924
8010,7942
7966,7948
7922,7946
7905,7938
7924,7936
7878,7957
7872,7951
7861,7946
7866,7951
7847,7977
7850,7956
7839,7940
7809,7947
7839,7950
7840,7958
7834,7953
7826,7955
7789,7945
7836,7943
7793,7942
7859,7964
7802,7956
7822,7976
7824,7958
7797,7953
7810,7960
7781,7943
7811,7960
7794,7957
7797,7966
7816,7964
7798,7952
7789,7972
7764,7973
7795,7960
7779,7962
7760,7959
7780,7949
7775,7954
7730,7961
7783,7939
7805,7961
7797,7954
7774,7930
7790,7955
7812,7950
7812,7968
7814,7951
7802,7979
7816,7960
7914,7949
8036,7959
8086,7948
8192,7965
8334,7995
8324,7979
8426,7979
8429,8004
8413,7986
8467,8013
8451,8009
8491,8022
8467,8027
8451,8030
8475,8020
8438,8068
8419,8070
8430,8063
8409,8076
8426,8097
8473,8090
8524,8089
8520,8117
8575,8112
8500,8126
8501,8129
8422,8143
8459,8151
8530,8157
8587,8167
8675,8175
8590,8176
8558,8187
8561,8198
8603,8205
8665,8220
8629,8224
8609,8219
8546,8240
8655,8249
8696,8248
8666,8265
8613,8282
8568,8268
8652,8281
8661,8291
8600,8308
8606,8319
8677,8327
8654,8314
8503,8337
8534,8348
8665,8353
8632,8354
8655,8366
8595,8362
8650,8387
8684,8392
8677,8398
8721,8404
8598,8407
8756,8417
8784,8430
8687,8424
8767,8436
8785,8454
8632,8453
8732,8462
8658,8477
8722,8480
8728,8494
8618,8506
8782,8507
8746,8512
8835,8526
8771,8523
8669,8539
8812,8548
8759,8557
8860,8564
8811,8575
8873,8577
8742,8589
8823,8596
8833,8603
8883,8607
8885,8631
8909,8637
8837,8631
8965,8653
8899,8668
8931,8665
8871,8670
8897,8674
8908,8681
9043,8696
8938,8707
8973,8725
8960,8718
8798,8728
8945,8727
8822,8741
8784,8732
8705,8740
8921,8741
8729,8740
8614,8759
8732,8751
8588,8754
8684,8768
8788,8747
8614,8759
8720,8751
8646,8753
8797,8755
8615,8760
8576,8755
8743,8750
8633,8757
8674,8757
8678,8753
8726,8756
8730,8747
8591,8763
8613,8758
8649,8755
8649,8752
8782,8757
8659,8752
8812,8771
8700,8755
8540,8765
8711,8755
8581,8751
8714,8754
8532,8761
8650,8761
8719,8754
8624,8763
8680,8776
8661,8750
8529,8759
8665,8751
8607,8764
8729,8766
8691,8762
8710,8752
8802,8753
8642,8755
8845,8752
8591,8748
8647,8760
8840,8750
8631,8758
8740,8759
8753,8757
8721,8765
8790,8750
8675,8760
8691,8758
8693,8751
8663,8757
8753,8752
8671,8759
8762,8757
8588,8761
8624,8749
8619,8750
8612,8749
8801,8750
8572,8757
8738,8766
8831,8756
8625,8758
8788,8761
8619,8763
8606,8759
8786,8746
8626,8767
8726,8764
8711,8758
8728,8775
8725,8759
8471,8761
8784,8751
8616,8755
8664,8758
8725,8757
8618,8759
8797,8754
8733,8754
8768,8764
8763,8756
8596,8753
8771,8759
8556,8749
8676,8761
8774,8752
8640,8758
8763,8760
8662,8759
8557,8767
8688,8754
8588,8753
8742,8771
8588,8759
8691,8749
8756,8761
8635,8757
8814,8761
8615,8765
8721,8763
8668,8753
8600,8757
8772,8765
8716,8759
8733,8754
8739,8753
8570,8749
8826,8753
8663,8758
8642,8759
8776,8759
8631,8752
8848,8758
8663,8763
8772,8770
8678,8754
8613,8764
8791,8754
8543,8754
8658,8739
8824,8755
8667,8742
8812,8753
8648,8768
8576,8759
8686,8759
8576,8758
8742,8771
8591,8754
8702,8760
8742,8764
8617,8761
8743,8757
8687,8753
8654,8749
8691,8755
8728,8757
8739,8760
8690,8763
8717,8749
8705,8768
8632,8760
8706,8760
8585,8754
8732,8771
8730,8755
8755,8764
8796,8755
8613,8756
8584,8752
8651,8749
8568,8762
8781,8753
8534,8750
8663,8754
8774,8753
8616,8758
8722,8768
8656,8753
8712,8760
8663,8754
8615,8746
8745,8750
8658,8742
8717,8766
8711,8761
8559,8749
8816,8756
8637,8754
8617,8761
8753,8757
8606,8763
8819,8750
8657,8756
8687,8751
8648,8767
8627,8756
8654,8761
8616,8763
8708,8758
8710,8753
8708,8766
8827,8758
8556,8759
8611,8752
8655,8762
8581,8761
8805,8759
8537,8759
8757,8759
8780,8752
8628,8762
8791,8751
8639,8754
8648,8759
8688,8750
8611,8759
8680,8765
8699,8751
8769,8767
8739,8759
8581,8764
8759,8759
8583,8755
8721,8747
8744,8752
8717,8769
8764,8740
8621,8758
8792,8753
8650,8753
8507,8767
8798,8764
8543,8744
8651,8758
8812,8762
8658,8764
8803,8753
8678,8755
8646,8757
8674,8765
8646,8757
8746,8755
8630,8754
8736,8759
8698,8752
8631,8758
8769,8765
8597,8767
8675,8759
8615,8748
8676,8751
8792,8768
8632,8757
8787,8759
8650,8750
8536,8750
8698,8753
8614,8760
8667,8753
8763,8766
8632,8755
8782,8755
8636,8754
8697,8752
8656,8767
8709,8767
8850,8759
8616,8749
8720,8761
8760,8754
8690,8760
8767,8750
8576,8748
8604,8749
8727,8758
8557,8764
8708,8758
8637,8755
8783,8757
8702,8753
8528,8738
8762,8742
8607,8759
8707,8748
8596,8757
8721,8771
8800,8756
8613,8750
8745,8734
8624,8734
8593,8758
8764,8747
8594,8742
8742,8769
8863,8750
8672,8764
8891,8764
8691,8757
8804,8760
8679,8743
8596,8751
8732,8762
8583,8767
8668,8762
8782,8755
8671,8760
8699,8761
8598,8754
8691,8752
8640,8761
8585,8760
8710,8760
8697,8750
8757,8775
8582,8750
8581,8764
8720,8751
8603,8763
8741,8762
8504,8755
8685,8750
8777,8740
8637,8759
8720,8765
8658,8752
8691,8765
8707,8748
8622,8754
8769,8756
8754,8759
8740,8755
8760,8765
8554,8755
8755,8764
8607,8742
8647,8743
8801,8759
8561,8750
8747,8759
8749,8752
8691,8758
8747,8763
8598,8759
8707,8761
8602,8764
8675,8757
8782,8757
8669,8773
8760,8752
8630,8757
8587,8761
8707,8752
8613,8742
8703,8753
8682,8751
8741,8750
8810,8759
8621,8747
8749,8765
8669,8763
8638,8761
8797,8748
8613,8763
8690,8746
8777,8758
8657,8764
8749,8755
8627,8764
8677,8751
8654,8754
8621,8758
8802,8768
8611,8759
8775,8750
8647,8756
8576,8753
8699,8774
8604,8756
8726,8760
8528,8750
8648,8754
8789,8767
8617,8764
8776,8766
8736,8767
8602,8749
8745,8771
8602,8751
8609,8753
8693,8754
8777,8754
8778,8749
8614,8756
8745,8762
8653,8761
8680,8750
8794,8777
8579,8755
8713,8762
8734,8758
8682,8759
8692,8742
8593,8751
8705,8759
8564,8766
8714,8734
8800,8758
8644,8762
8806,8761
8646,8761
8615,8760
8637,8747
8487,8758
8624,8752
8428,8752
8606,8736
8607,8734
8401,8734
8632,8731
8385,8721
8457,8709
8366,8703
8401,8692
8504,8693
8322,8692
8576,8678
8271,8666
8233,8658
8417,8649
8297,8641
8293,8627
8335,8636
8358,8620
8355,8623
8292,8606
8329,8603
8220,8593
8352,8575
8284,8569
8292,8565
8291,8560
8334,8553
8219,8547
8285,8536
8263,8522
8242,8508
8239,8518
8351,8502
8382,8492
8279,8475
8288,8485
8341,8460
8229,8463
8351,8447
8324,8434
8285,8438
8311,8427
8261,8424
8219,8411
8252,8400
8223,8400
8232,8396
8252,8377
8281,8384
8236,8373
8296,8350
8086,8351
8172,8344
8349,8330
8411,8309
8337,8313
8000,8288
8243,8300
8193,8293
8091,8290
8043,8282
8138,8261
8112,8255
8091,8273
8040,8240
8105,8248
8161,8216
8139,8228
7998,8215
8006,8212
8052,8198
8097,8201
8069,8166
8026,8174
7969,8146
7957,8138
8049,8151
8154,8145
8108,8131
8055,8133
8004,8110
7974,8109
8011,8112
7998,8099
8003,8099
8060,8066
8072,8064
8049,8050
8044,8045
8039,8046
8021,8052
7941,8030
7957,8012
7909,7999
7923,8003
7901,8006
7918,7991
7895,7996
8046,7996
8002,7955
8066,7978
8013,7964
8043,7947
8102,7982
8048,7957
8128,7950
8083,7954
8114,7970
8110,7970
8139,7960
8110,7964
8131,7925
8180,7969
8153,7943
8170,7966
8128,7961
8172,7944
8153,7954
8165,7979
8159,7950
8153,7947
8128,7952
8145,7938
8150,7937
8147,7950
8143,7959
8148,7947
8174,7958
8161,7947
8155,7950
8157,7973
8169,7949
8161,7975
8154,7950
8180,7960
8181,7957
8158,7947
8152,7943
8161,7951
8149,7970
8142,7964
8171,7956
8146,7960
8160,7977
8143,7953
8147,7959
8130,7961
8110,7948
8016,7946
7887,7945
7812,7950
7693,7941
7569,7936
7582,7928
7479,7925
7515,7908
7514,7902
7392,7894
7473,7901
7402,7887
7437,7850
7422,7865
7425,7873
7461,7848
7476,7843
7499,7824
7458,7834
7448,7816
7417,7818
7362,7813
7334,7795
7331,7795
7318,7777
7450,7769
7382,7765
7398,7755
7380,7756
7351,7738
7304,7740
7346,7724
7432,7705
7387,7696
7392,7705
7323,7694
7319,7689
7364,7678
7420,7657
7318,7668
7248,7667
7305,7656
7320,7649
7357,7642
7233,7616
7214,7618
7206,7611
7376,7598
7163,7596
7188,7582
7318,7575
7181,7580
7170,7558
7218,7546
7261,7557
7099,7532
7206,7515
7209,7519
7157,7527
7187,7484
7214,7501
7097,7479
7149,7485
7184,7481
7091,7457
7135,7456
7183,7454
7116,7448
7228,7427
7089,7431
7172,7429
7133,7414
7037,7397
7203,7387
7078,7378
7190,7373
7203,7375
7110,7349
7150,7352
7003,7338
7202,7332
7064,7322
7151,7322
7061,7307
7104,7290
6984,7303
7113,7278
6999,7287
7057,7274
7012,7273
6979,7255
6919,7253
7025,7238
7021,7227
6952,7219
6990,7216
6894,7209
6977,7201
6969,7190
7026,7181
6991,7190
7066,7179
7058,7178
7128,7162
7042,7172
7022,7155
7148,7162
7110,7163
7243,7165
7210,7154
7144,7161
7220,7149
7109,7159
7286,7162
7108,7146
7277,7156
7202,7152
7030,7172
7350,7152
7193,7149
7104,7153
7251,7148
7139,7158
7316,7157
7448,7164
7208,7152
7365,7154
7160,7155
7318,7151
7229,7156
7141,7148
7334,7147
7103,7147
7328,7145
7268,7159
7285,7161
7331,7157
7196,7149
7207,7164
7220,7154
7181,7154
7303,7155
7200,7158
7314,7159
7315,7145
7159,7144
7162,7152
7102,7156
7290,7148
7131,7164
7200,7154
7248,7147
7285,7158
7222,7158
7197,7137
7154,7164
7116,7151
7103,7146
7299,7159
7209,7145
7270,7152
7277,7149
6969,7153
7390,7160
7105,7149
7126,7148
7339,7152
7085,7158
7351,7166
7351,7152
7341,7164
7338,7163
7098,7159
7272,7160
7158,7142
7274,7171
7224,7150
7191,7156
7378,7161
7231,7154
7093,7148
7225,7149
7159,7156
7298,7147
7203,7166
7228,7156
7307,7144
7189,7154
7331,7161
7106,7141
7177,7156
7206,7150
7198,7156
7270,7149
7264,7152
7255,7157
7305,7157
7122,7165
7353,7147
7206,7150
7226,7145
7411,7149
7193,7158
7400,7152
7175,7150
7344,7155
7176,7148
7066,7162
7268,7157
7113,7148
7215,7156
7279,7158
7128,7156
7244,7160
7289,7156
7158,7150
7191,7153
7113,7174
7273,7157
7123,7146
7257,7158
7217,7175
7124,7168
7275,7165
7087,7152
7169,7151
7122,7143
7114,7148
7366,7152
7288,7142
7331,7157
7248,7151
7093,7156
7289,7160
7159,7158
7263,7157
7248,7152
7267,7153
7302,7146
7171,7156
7321,7164
7190,7156
7217,7146
7289,7163
7185,7133
7266,7166
7255,7157
7139,7168
7347,7154
7136,7159
7094,7148
7190,7142
7158,7158
7279,7158
7115,7156
7256,7160
7268,7155
7180,7154
7308,7147
7169,7144
7181,7150
7119,7152
7180,7158
7308,7151
7188,7154
7348,7154
7165,7152
7055,7155
7241,7156
7126,7153
7203,7156
7259,7160
7181,7148
7259,7152
7267,7162
7139,7147
7193,7146
7097,7156
7326,7159
7119,7142
7236,7163
7218,7159
7216,7159
7202,7148
7173,7158
7173,7156
7108,7148
7137,7152
7318,7148
7234,7152
7315,7159
7286,7150
7079,7152
7318,7150
7124,7154
7213,7148
7237,7155
7197,7157
7258,7163
7165,7151
7252,7154
7210,7150
7212,7150
7250,7167
7275,7153
7274,7152
7204,7153
7225,7158
7367,7148
7193,7149
7222,7159
7132,7161
7191,7154
7349,7147
7050,7146
7252,7151
7294,7147
7209,7160
7316,7157
7176,7153
7185,7157
7155,7154
7167,7184
7325,7155
7191,7134
7380,7159
7237,7154
7069,7157
7286,7153
7123,7148
7194,7152
7283,7155
7195,7150
7286,7157
7246,7167
7298,7158
7202,7158
7137,7159
7296,7143
7169,7130
7240,7150
7259,7158
7156,7161
7304,7141
7246,7148
7195,7154
7206,7155
7171,7156
7288,7154
7194,7152
7339,7158
7216,7149
7120,7149
7221,7154
7084,7160
7288,7153
7067,7146
7135,7161
7257,7150
7186,7150
7277,7158
7224,7150
7042,7157
7314,7151
7265,7161
7189,7158
7221,7155
7173,7164
7344,7160
7227,7152
7312,7162
7199,7167
7162,7159
7295,7157
7134,7157
7280,7159
7334,7148
7209,7154
7273,7153
7104,7148
7135,7156
7228,7151
7210,7148
7248,7164
7259,7158
7289,7147
7143,7147
7148,7153
7197,7157
7136,7156
7196,7153
7103,7166
7225,7164
7190,7165
7174,7156
7221,7157
7198,7158
7142,7151
7214,7149
7191,7162
7212,7160
7353,7157
7207,7153
7408,7156
7191,7162
7329,7152
7188,7157
7071,7165
7299,7163
7138,7154
7318,7149
7273,7151
7256,7156
7276,7153
7066,7151
7276,7153
7131,7155
7128,7149
7267,7156
7191,7147
7310,7170
7246,7149
7189,7163
7248,7145
7182,7139
7200,7154
7156,7141
7191,7156
7323,7150
7222,7145
7263,7149
7219,7151
7179,7163
7272,7146
7202,7156
7308,7167
7280,7151
7234,7155
7369,7156
7139,7151
7401,7160
7248,7157
7175,7157
7364,7144
7109,7155
7375,7152
7208,7147
7279,7169
7230,7144
7077,7161
7218,7169
7127,7168
7142,7155
7182,7158
7253,7151
7282,7162
7224,7153
7208,7160
7238,7155
7192,7163
7204,7165
7167,7156
7182,7156
7343,7153
7152,7159
7355,7151
7198,7156
7141,7162
7246,7149
7148,7150
7235,7152
7288,7154
7262,7161
7304,7149
7199,7146
7327,7154
7112,7160
7232,7154
7371,7147
7203,7147
7343,7163
7228,7160
7258,7154
7193,7157
7188,7149
7263,7155
7148,7164
7136,7157
7336,7150
7211,7153
7339,7155
7264,7153
7130,7144
7371,7154
7136,7155
7271,7157
7146,7154
7207,7158
7384,7143
7229,7159
7393,7161
7236,7151
7169,7148
7250,7161
7182,7162
7452,7143
7317,7162
7330,7156
7347,7163
7311,7187
7417,7181
7371,7187
7447,7192
7489,7184
7469,7199
7500,7213
7482,7224
7516,7218
7506,7230
7638,7233
7494,7254
7566,7263
7455,7267
7489,7275
7557,7280
7593,7295
7574,7310
7595,7300
7519,7313
7619,7323
7578,7347
7633,7341
7583,7339
7620,7345
7547,7381
7646,7382
7594,7374
7666,7386
7662,7394
7595,7404
7747,7412
7620,7417
7641,7434
7692,7423
7656,7434
7687,7441
7656,7451
7735,7464
7782,7475
7695,7479
7716,7483
7756,7504
7719,7509
7661,7509
7791,7532
7606,7517
7772,7531
7880,7542
7771,7565
7686,7559
7749,7579
7715,7587
7702,7583
7783,7588
7785,7591
7699,7608
7703,7607
7792,7614
7857,7635
7748,7643
7738,7656
7836,7666
7848,7658
7848,7658
7743,7675
7802,7690
7901,7694
7951,7695
7867,7736
7800,7723
7847,7743
7887,7728
7983,7756
7969,7753
7878,7755
7802,7765
7868,7772
7859,7801
7928,7791
7887,7786
7963,7791
7986,7822
7906,7823
7886,7832
7866,7852
7865,7850
7922,7856
7996,7880
7995,7862
7985,7884
8002,7901
7985,7898
8036,7881
8068,7921
8008,7916
8019,7912
7951,7940
7911,7944
7902,7932
7984,7934
7856,7940
7892,7941
7909,7964
7836,7948
7844,7969
7839,7944
7811,7949
7844,7947
7829,7951
7815,7944
7842,7943
7828,7963
7851,7954
7810,7959
7839,7945
7795,7954
7790,7944
7806,7971
7796,7950
7811,7962
7815,7959
7809,7953
7780,7943
7780,7965
7771,7938
7837,7949
7809,7967
7808,7942
7772,7963
7776,7967
7786,7969
7788,7947
7785,7957
7779,7967
7780,7954
7780,7935
7777,7961
7785,7917
7769,7963
7800,7963
7792,7956
7820,7967
7809,7949
7826,7954
7826,7961
7850,7947
7961,7957
8065,7960
8129,7948
8197,7976
8334,7977
8315,7994
8415,7975
8438,8002
8477,8001
8438,8012
8482,8004
8470,8037
8489,8028
8440,8046
8445,8055
8401,8051
8453,8053
8414,8065
8412,8082
8434,8080
8466,8111
8508,8103
8568,8120
8566,8124
8550,8132
8429,8138
8408,8140
8417,8151
8642,8157
8692,8167
8603,8176
8552,8184
8522,8203
8568,8202
8669,8187
8705,8212
8638,8219
8613,8237
8555,8241
8642,8244
8689,8257
8622,8252
8510,8278
8660,8279
8680,8300
8709,8299
8581,8306
8608,8309
8719,8326
8660,8329
8516,8344
8588,8342
8737,8352
8530,8359
8683,8367
8772,8375
8707,8377
8645,8399
8738,8392
8687,8408
8615,8410
8734,8427
8721,8429
8614,8449
8735,8447
8688,8455
8710,8457
8796,8472
8753,8489
8701,8488
8663,8496
8726,8508
8880,8506
8697,8524
8818,8529
8805,8525
8862,8544
8754,8548
8806,8564
8845,8575
8807,8579
8895,8591
8812,8596
8842,8619
8807,8606
8902,8621
8838,8624
8893,8649
8901,8638
8880,8645
8852,8659
8912,8675
8863,8672
8926,8682
8772,8697
8912,8690
8888,8697
8888,8714
8969,8713
8870,8734
8943,8722
8797,8732
8732,8741
8730,8745
8687,8753
8856,8755
8691,8740
8743,8748
8687,8724
8604,8755
8719,8744
8598,8756
8678,8753
8820,8758
8714,8758
8764,8746
8660,8756
8700,8762
8634,8768
8653,8759
8721,8750
8579,8760
8777,8768
8704,8742
8720,8758
8725,8752
8589,8753
8602,8761
8624,8757
8618,8753
8789,8752
8575,8758
8770,8760
8621,8760
8553,8750
8658,8750
8590,8764
8657,8751
8742,8758
8688,8766
8698,8752
8521,8754
8751,8760
8639,8749
8595,8754
8679,8759
8535,8753
8767,8761
8834,8756
8655,8748
8810,8744
8670,8757
8811,8755
8630,8750
8612,8759
8755,8760
8646,8756
8675,8755
8708,8750
8786,8756
8789,8761
8608,8759
8686,8749
8644,8761
8711,8758
8792,8757
8678,8765
8816,8762
8669,8741
8620,8765
8690,8757
8548,8745
8669,8763
8556,8750
8675,8755
8782,8750
8752,8756
8744,8747
8725,8755
8642,8742
8623,8763
8657,8756
8800,8755
8657,8761
8694,8756
8710,8760
8568,8759
8762,8755
8605,8753
8643,8756
8796,8757
8598,8766
8814,8755
8670,8752
8817,8748
8748,8758
8564,8771
8721,8753
8658,8762
8673,8761
8761,8759
8612,8749
8734,8758
8672,8750
8664,8763
8626,8759
8555,8756
8798,8756
8538,8762
8740,8755
8785,8755
8627,8769
8768,8764
8670,8769
8509,8756
8743,8765
8658,8757
8700,8765
8697,8763
8720,8759
8729,8748
8575,8755
8745,8762
8575,8763
8735,8765
8755,8746
8652,8770
8760,8754
8653,8747
8835,8763
8725,8757
8585,8758
8750,8764
8592,8762
8683,8759
8811,8747
8568,8761
8835,8755
8747,8757
8625,8761
8696,8759
8599,8752
8783,8755
8558,8754
8673,8761
8681,8753
8606,8751
8724,8753
8617,8751
8690,8765
8690,8761
8637,8758
8767,8758
8627,8756
8841,8764
8699,8755
8567,8752
8700,8761
8593,8751
8677,8763
8777,8751
8601,8754
8776,8756
8679,8752
8746,8755
8622,8757
8556,8749
8784,8764
8522,8752
8765,8761
8856,8754
8734,8756
8818,8751
8637,8756
8611,8757
8647,8745
8525,8761
8725,8758
8551,8759
8661,8756
8751,8758
8583,8755
8750,8760
8609,8761
8667,8750
8625,8764
8623,8758
8740,8771
8651,8756
8791,8758
8676,8754
8547,8757
8776,8765
8553,8752
8671,8752
8742,8778
8607,8766
8814,8747
8719,8759
8780,8764
8683,8758
8638,8751
8770,8758
8642,8767
8719,8756
8676,8753
8688,8757
8718,8760
8657,8754
8644,8750
8592,8756
8631,8752
8747,8775
8578,8760
8796,8748
8649,8759
8506,8755
8689,8762
8543,8762
8686,8753
8556,8753
8549,8749
8787,8762
8650,8761
8810,8764
8716,8743
8646,8762
8668,8755
8633,8753
8772,8751
8794,8755
8725,8746
8796,8751
8652,8738
8839,8766
8643,8759
8550,8752
8793,8755
8544,8775
8684,8755
8765,8759
8697,8761
8784,8761
8577,8752
8648,8757
8610,8743
8638,8761
8814,8758
8656,8765
8704,8752
8730,8756
8568,8756
8739,8763
8603,8755
8670,8753
8599,8759
8665,8769
8808,8758
8677,8760
8840,8755
8663,8752
8607,8761
8709,8743
8574,8749
8735,8759
8749,8754
8662,8761
8768,8760
8708,8769
8712,8753
8672,8751
8658,8755
8775,8766
8581,8748
8795,8745
8675,8758
8803,8760
8683,8760
8527,8750
8729,8761
8556,8748
8709,8757
8814,8752
8546,8767
8804,8767
8701,8752
8553,8764
8816,8743
8620,8757
8747,8758
8643,8752
8694,8762
8803,8746
8609,8755
8761,8755
8668,8764
8616,8757
8668,8750
8627,8756
8763,8766
8819,8745
8689,8762
8787,8755
8577,8759
8753,8761
8605,8750
8621,8760
8765,8757
8599,8748
8766,8758
8658,8752
8715,8768
8696,8756
8620,8752
8698,8754
8580,8767
8635,8760
8797,8753
8723,8757
8833,8755
8640,8750
8608,8744
8694,8764
8610,8763
8696,8751
8628,8750
8694,8752
8836,8760
8646,8756
8789,8766
8657,8749
8607,8758
8683,8752
8562,8763
8764,8760
8750,8759
8766,8761
8696,8751
8631,8746
8754,8765
8631,8750
8635,8748
8779,8749
8595,8760
8772,8753
8629,8748
8749,8766
8737,8758
8573,8761
8694,8755
8623,8764
8694,8763
8758,8758
8682,8754
8770,8779
8684,8755
8650,8754
8662,8754
8704,8756
8814,8762
8585,8757
8755,8759
8772,8768
8566,8759
8762,8758
8576,8745
8682,8762
8605,8757
8573,8765
8820,8760
8683,8754
8809,8765
8717,8758
8608,8769
8794,8746
8550,8760
8597,8756
8746,8753
8631,8763
8783,8782
8684,8770
8770,8756
8724,8749
8651,8747
8687,8754
8601,8758
8666,8761
8755,8755
8645,8756
8789,8747
8699,8755
8649,8759
8708,8752
8660,8753
8781,8756
8719,8749
8731,8771
8712,8747
8608,8755
8739,8765
8603,8755
8648,8756
8719,8755
8658,8762
8753,8760
8494,8752
8750,8756
8599,8748
8414,8727
8686,8737
8300,8733
8552,8716
8580,8716
8474,8709
8556,8704
8360,8690
8392,8687
8287,8675
8430,8679
8551,8671
8261,8662
8358,8642
8389,8648
8369,8632
8346,8634
8315,8607
8296,8608
8280,8603
8204,8593
8348,8585
8355,8577
8217,8563
8312,8569
8304,8545
8284,8546
8262,8544
8374,8531
8202,8509
8197,8516
8266,8515
8232,8502
8314,8501
8234,8472
8330,8472
8232,8473
8212,8456
8311,8450
8269,8444
8229,8437
8284,8428
8227,8424
8265,8416
8257,8401
8241,8402
8303,8399
8298,8377
8214,8369
8145,8372
8300,8343
8076,8355
8191,8343
8433,8323
8418,8342
8226,8319
8033,8310
8221,8301
8156,8303
8067,8303
8130,8277
8120,8264
8166,8256
8081,8221
8057,8237
8105,8234
8153,8235
8058,8208
8050,8209
8024,8214
8065,8198
8135,8190
8087,8172
8010,8187
8043,8167
7959,8154
8104,8157
8191,8130
8052,8129
8030,8128
8003,8102
7988,8110
7999,8100
7971,8100
8029,8068
8089,8084
8100,8083
8086,8071
8027,8039
8048,8047
7972,8042
7958,8028
7941,8030
7897,8011
7962,8010
7923,7987
7883,7987
7910,7963
7972,7993
7985,7964
8035,7966
8047,7964
8008,7983
8081,7946
8043,7964
8088,7937
8103,7968
8116,7966
8137,7970
8118,7967
8146,7967
8121,7957
8145,7960
8153,7957
8160,7955
8156,7942
8156,7979
8165,7967
8115,7996
8185,7970
8177,7971
8140,7928
8196,7955
8181,7952
8160,7938
8137,7943
8180,7953
8160,7948
8168,7968
8160,7930
8169,7956
8177,7937
8187,7941
8163,7952
8157,7975
8152,7967
8123,7950
8174,7958
8158,7961
8111,7957
8170,7957
8158,7962
8146,7936
8140,7968
8142,7958
8123,7969
8139,7961
8108,7968
7976,7937
7888,7949
7796,7931
7665,7945
7627,7937
7582,7925
7523,7924
7423,7910
7509,7915
7462,7894
7431,7888
7404,7874
7408,7875
7446,7870
7455,7862
7424,7852
7495,7838
7456,7837
7484,7824
7459,7807
7367,7807
7359,7807
7318,7801
7339,7782
7369,7782
7406,7774
7384,7771
7424,7753
7276,7751
7313,7741
7308,7737
7348,7724
7380,7728
7407,7714
7338,7702
7309,7701
7283,7681
7375,7673
7411,7670
7321,7660
7260,7659
7287,7636
7345,7641
7316,7635
7254,7625
7331,7623
7220,7605
7434,7606
7127,7598
7302,7579
7305,7577
7117,7570
7256,7566
7251,7548
7260,7535
7136,7535
7278,7538
7223,7518
7114,7511
7206,7505
7217,7496
7065,7499
7224,7478
7124,7465
7114,7467
7187,7455
7155,7454
7076,7435
7206,7421
7096,7415
7202,7423
7177,7408
7107,7395
7228,7386
7120,7389
7179,7368
7029,7373
7221,7354
7124,7343
7080,7349
7221,7326
7020,7320
7138,7308
7027,7309
7027,7303
6975,7295
7108,7276
7030,7277
7091,7273
6962,7255
7027,7254
7022,7249
7076,7239
7009,7233
7053,7222
6977,7208
6890,7199
7026,7190
6943,7192
7021,7175
7020,7186
7091,7182
7121,7171
7207,7162
7240,7165
7075,7164
7212,7173
7159,7164
7124,7151
7192,7164
7160,7157
7339,7150
7189,7143
7303,7153
7286,7162
7065,7151
7243,7153
7041,7157
7245,7168
7343,7160
7192,7155
7327,7160
7327,7149
7298,7153
7403,7160
7124,7155
7236,7158
7202,7150
7218,7153
7339,7157
7180,7153
7343,7156
7147,7153
7225,7153
7205,7162
7190,7158
7286,7157
7168,7148
7281,7157
7394,7156
7226,7163
7342,7141
7150,7155
7214,7146
7210,7165
7185,7160
7199,7154
7080,7160
7310,7159
7188,7153
7098,7167
7217,7149
7144,7151
7237,7149
7312,7146
7151,7154
7307,7155
7084,7147
7329,7172
7178,7158
7016,7137
7228,7148
7098,7150
7217,7155
7316,7138
7181,7154
7330,7154
7177,7159
7129,7158
7274,7149
7146,7142
7331,7163
7120,7155
7314,7151
7302,7159
7113,7159
7187,7146
7102,7159
7217,7165
7168,7148
7177,7150
7267,7158
7227,7157
7304,7155
7315,7156
7181,7169
7315,7158
7188,7151
7322,7162
7280,7150
7202,7147
7299,7157
7192,7151
7226,7153
7190,7155
7176,7160
7339,7150
7112,7161
7269,7156
7309,7164
7154,7161
7357,7151
7104,7149
7234,7172
7185,7149
7166,7157
7242,7150
7174,7146
7302,7163
7243,7147
7131,7163
7212,7160
7242,7152
7235,7149
7259,7136
7244,7165
7188,7161
7183,7154
7319,7158
7169,7154
7093,7158
7277,7157
7125,7148
7231,7152
7320,7156
7191,7154
7260,7147
7160,7159
7152,7150
7201,7146
7162,7156
7349,7152
7138,7155
7321,7154
7223,7150
7136,7164
7230,7147
7067,7156
7127,7156
7170,7157
7199,7167
7228,7157
7205,7151
7226,7145
7274,7153
7147,7145
7255,7164
7130,7148
7275,7153
7260,7154
7198,7166
7295,7144
7290,7158
7286,7157
7216,7150
7183,7157
7290,7158
7114,7155
7230,7156
7243,7145
7275,7157
7306,7152
7083,7155
7181,7169
7117,7155
7177,7162
7278,7154
7092,7153
7270,7160
7229,7147
7121,7160
7220,7157
7205,7160
7187,7160
7243,7139
7232,7165
7195,7154
7075,7161
7382,7159
7141,7148
7110,7158
7170,7152
7133,7164
7261,7167
7384,7159
7213,7155
7392,7146
7233,7148
7341,7157
7252,7149
7102,7155
7285,7153
7123,7156
7296,7149
7244,7152
7281,7144
7226,7145
7068,7158
7211,7146
7160,7142
7172,7155
7222,7163
7228,7161
7238,7157
7197,7145
7181,7149
7203,7160
7121,7144
7334,7163
7146,7163
7226,7156
7292,7166
7223,7152
7336,7151
7315,7154
7136,7161
7287,7160
7177,7145
7270,7156
7314,7154
7294,7148
7332,7159
7109,7161
7345,7145
7087,7142
7209,7152
7359,7154
7103,7154
7300,7159
7247,7147
7248,7154
7285,7156
7205,7153
7182,7144
7264,7159
7160,7152
7212,7142
7155,7158
7286,7160
7255,7159
7234,7156
7154,7163
7234,7159
7262,7155
7182,7163
7275,7170
7258,7151
7170,7162
7297,7160
7077,7162
7112,7157
7175,7155
7110,7148
7341,7170
7190,7149
7297,7157
7204,7166
7053,7134
7217,7156
7096,7158
7193,7157
7269,7160
7098,7148
7186,7143
7214,7159
7270,7156
7224,7156
7147,7164
7298,7152
7210,7148
7145,7157
7292,7161
7152,7152
7384,7160
7300,7159
7064,7153
7267,7150
7150,7155
7234,7174
7134,7148
7246,7161
7281,7166
7208,7155
7289,7148
7169,7146
7212,7152
7126,7146
7131,7168
7212,7158
7198,7161
7269,7156
7205,7151
7149,7150
7267,7130
7231,7153
7179,7165
7207,7168
7138,7164
7298,7158
7204,7152
7239,7153
7258,7152
7159,7148
7202,7146
7179,7157
7239,7154
7263,7145
7159,7150
7343,7144
7215,7143
7085,7161
7305,7153
7098,7154
7373,7152
7077,7164
7281,7148
7248,7152
7124,7161
7233,7161
7114,7166
7164,7150
7208,7150
7144,7154
7229,7148
7243,7142
7234,7155
7203,7170
7182,7149
7267,7159
7247,7158
7173,7167
7307,7144
7201,7147
7361,7157
7180,7147
7312,7164
7224,7153
7103,7145
7310,7149
7105,7151
7196,7158
7342,7155
7266,7163
7379,7160
7167,7159
7204,7161
7135,7151
7136,7163
7342,7148
7060,7152
7296,7158
7285,7155
7238,7149
7242,7154
7240,7161
7266,7151
7180,7154
7203,7167
7281,7154
7324,7145
7273,7146
7284,7159
7151,7147
7396,7152
7209,7158
7207,7163
7218,7146
7175,7161
7295,7161
7220,7154
7337,7170
7235,7153
7130,7154
7351,7149
7123,7144
7350,7158
7262,7139
7248,7156
7276,7153
7168,7164
7153,7157
7171,7151
7112,7156
7268,7152
7232,7154
7265,7148
7253,7158
7198,7167
7280,7155
7190,7150
7040,7164
7209,7167
7138,7164
7297,7158
7236,7153
7305,7151
7250,7143
7166,7157
7361,7154
7239,7156
7238,7151
7264,7147
7265,7158
7371,7147
7230,7142
7364,7157
7258,7154
7320,7164
7444,7170
7342,7176
7494,7189
7450,7187
7476,7197
7453,7197
7509,7208
7477,7219
7413,7227
7498,7229
7481,7232
7573,7241
7484,7237
7591,7262
7536,7264
7583,7279
7522,7270
7573,7290
7569,7290
7596,7302
7570,7319
7570,7321
7570,7336
7656,7339
7644,7342
7650,7369
7622,7363
7659,7379
7575,7373
7629,7384
7710,7399
7684,7414
7677,7402
7673,7404
7704,7419
7612,7438
7677,7442
7705,7455
7651,7457
7688,7475
7746,7485
7668,7487
7744,7489
7767,7506
7677,7500
7735,7517
7787,7530
7628,7525
7682,7528
7690,7572
7726,7545
7668,7575
7826,7566
7717,7579
7716,7590
7840,7601
7803,7612
7724,7613
7815,7623
7896,7637
7790,7635
7755,7646
7743,7653
7841,7649
7790,7666
7819,7675
7764,7688
7839,7689
7847,7695
7904,7708
7825,7725
7815,7710
7870,7731
7940,7730
7959,7758
7960,7753
7812,7769
7836,7779
7835,7792
7835,7780
7889,7793
7929,7799
7961,7820
7929,7839
7904,7836
7930,7840
7858,7870
7886,7848
7882,7861
7959,7873
7994,7858
8036,7888
8000,7894
8030,7915
8037,7878
8018,7916
8070,7913
7998,7940
7969,7941
7909,7948
7929,7933
7913,7931
7850,7964
7871,7950
7831,7948
7866,7947
7866,7952
7855,7945
7867,7953
7820,7943
7825,7934
7840,7949
7826,7943
7801,7938
7825,7955
7809,7950
7847,7951
7787,7962
7828,7974
7802,7961
7802,7958
7803,7960
7793,7945
7802,7964
7785,7956
7778,7967
7776,7955
7814,7972
7776,7961
7780,7954
7774,7950
7772,7961
7774,7950
7788,7980
7768,7958
7750,7959
7749,7958
7767,7971
7796,7948
7776,7960
7810,7950
7790,7970
7802,7952
7800,7936
7809,7950
7799,7957
7824,7951
7876,7926
7906,7955
8048,7976
8185,7977
8211,7961
8337,7970
8395,7991
8400,7990
8428,7994
8459,8021
8448,8013
8524,8015
8485,8017
8438,8039
8456,8034
8471,8058
8448,8063
8428,8052
8423,8070
8424,8080
8463,8095
8465,8090
8506,8109
8555,8120
8500,8121
8511,8131
8425,8129
8468,8150
8475,8157
8617,8152
8653,8170
8641,8182
8593,8183
8518,8210
8557,8192
8664,8211
8627,8227
8616,8224
8603,8224
8535,8242
8638,8237
8699,8266
8612,8264
8537,8289
8621,8279
8716,8272
8664,8297
8571,8312
8642,8301
8633,8318
8661,8330
8503,8344
8690,8338
8719,8360
8521,8362
8631,8367
8706,8371
8756,8379
8660,8383
8744,8384
8635,8407
8604,8420
8712,8421
8621,8439
8659,8436
8738,8435
8646,8457
8742,8472
8759,8474
8728,8479
8801,8483
8693,8497
8701,8504
8773,8509
8753,8519
8822,8522
8692,8536
8807,8539
8799,8551
8760,8569
8800,8582
8803,8590
8897,8587
8792,8598
8858,8610
8744,8609
8913,8617
8892,8619
8911,8633
8873,8635
8950,8659
8850,8657
8952,8665
8867,8673
8906,8685
8967,8691
8905,8707
8973,8694
8777,8715
8968,8707
8785,8731
8789,8735
8859,8731
8849,8735
8902,8738
8585,8749
8865,8743
8681,8754
8709,8744
8814,8741
8609,8751
8767,8750
8701,8764
8693,8763
8754,8757
8558,8756
8732,8760
8614,8749
8707,8746
8826,8762
8635,8761
8751,8763
8659,8761
8617,8755
8645,8761
8647,8757
8609,8761
8654,8757
8656,8770
8681,8765
8655,8762
8757,8761
8548,8769
8596,8761
8614,8756
8604,8766
8761,8763
8570,8761
8780,8761
8688,8755
8539,8766
8706,8750
8510,8752
8611,8753
8805,8758
8577,8756
8805,8747
8763,8758
8819,8764
8775,8763
8592,8765
8737,8752
8625,8761
8755,8755
8765,8764
8630,8750
8723,8754
8631,8756
8647,8761
8681,8753
8616,8759
8801,8756
8595,8744
8764,8759
8748,8754
8575,8754
8750,8755
8591,8756
8666,8756
8651,8761
8660,8753
8735,8764
8718,8761
8730,8758
8725,8759
8620,8762
8690,8750
8598,8752
8781,8771
8910,8761
8689,8746
8805,8765
8588,8757
8839,8758
8639,8764
8534,8756
8723,8772
8572,8759
8643,8760
8754,8766
8639,8751
8767,8768
8567,8742
8627,8755
8627,8754
8652,8764
8737,8754
8575,8757
8818,8759
8710,8729
8542,8754
8728,8763
8591,8758
8623,8763
8613,8753
8660,8757
8767,8752
8705,8740
8815,8749
8817,8744
8618,8764
8731,8747
8636,8749
8729,8752
8757,8756
8708,8769
8741,8756
8629,8753
8726,8748
8681,8751
8625,8758
8845,8757
8567,8754
8732,8762
8726,8740
8813,8763
8802,8751
8552,8755
8681,8764
8630,8752
8581,8771
8806,8755
8518,8758
8755,8757
8763,8754
8550,8754
8766,8764
8625,8750
8687,8760
8652,8748
8685,8753
8772,8762
8660,8758
8791,8763
8699,8747
8625,8763
8720,8752
8584,8752
8722,8763
8836,8757
8634,8754
8782,8757
8612,8753
8760,8767
8615,8756
8613,8760
8736,8754
8626,8755
8783,8760
8669,8742
8742,8756
8785,8752
8593,8756
8725,8761
8579,8756
8646,8765
8747,8747
8603,8752
8852,8764
8740,8758
8547,8754
8740,8751
8553,8754
8706,8761
8616,8754
8664,8753
8708,8753
8670,8755
8732,8754
8733,8756
8649,8756
8750,8744
8573,8750
8696,8755
8748,8755
8664,8762
8711,8757
8541,8752
8759,8751
8536,8757
8632,8757
8803,8754
8570,8757
8845,8756
8736,8754
8820,8753
8721,8753
8626,8753
8635,8764
8700,8768
8718,8752
8773,8760
8649,8746
8787,8744
8685,8736
8611,8756
8642,8750
8614,8758
8713,8753
8571,8758
8672,8763
8779,8761
8624,8757
8804,8764
8636,8759
8666,8757
8786,8755
8588,8757
8783,8764
8730,8755
8705,8757
8749,8754
8566,8762
8639,8760
8549,8762
8596,8756
8745,8754
8658,8755
8765,8755
8676,8748
8602,8738
8769,8761
8604,8752
8765,8758
8619,8754
8735,8750
8772,8763
8691,8758
8806,8759
8770,8759
8628,8752
8683,8757
8572,8756
8730,8757
8744,8752
8686,8755
8699,8756
8661,8758
8676,8756
8580,8755
8703,8755
8757,8747
8612,8763
8838,8748
8711,8755
8754,8765
8740,8752
8541,8755
8716,8754
8638,8758
8632,8763
8778,8746
8660,8748
8782,8748
8662,8759
8638,8764
8717,8756
8681,8761
8732,8758
8583,8755
8748,8765
8827,8754
8626,8767
8801,8757
8694,8731
8635,8763
8635,8751
8627,8756
8816,8754
8767,8760
8746,8761
8709,8761
8526,8759
8722,8756
8575,8749
8685,8766
8766,8750
8598,8751
8783,8761
8661,8746
8847,8760
8719,8752
8629,8755
8702,8746
8622,8759
8686,8770
8781,8762
8615,8752
8829,8760
8699,8738
8557,8756
8724,8753
8594,8762
8752,8760
8590,8748
8715,8753
8757,8755
8605,8750
8747,8770
8636,8748
8670,8765
8633,8754
8579,8758
8750,8759
8648,8756
8739,8761
8685,8752
8499,8755
8773,8756
8583,8745
8662,8756
8841,8754
8614,8738
8811,8760
8717,8771
8751,8760
8714,8748
8582,8770
8645,8747
8691,8757
8704,8769
8814,8749
8666,8757
8803,8762
8653,8755
8609,8752
8655,8748
8602,8754
8765,8760
8588,8754
8765,8757
8733,8752
8540,8752
8789,8756
8680,8747
8686,8750
8637,8747
8610,8764
8809,8767
8737,8753
8747,8743
8717,8752
8601,8767
8765,8766
8611,8741
8679,8756
8678,8760
8665,8755
8742,8754
8640,8761
8803,8760
8670,8755
8581,8755
8761,8763
8562,8773
8838,8759
8784,8761
8701,8762
8816,8755
8623,8743
8656,8753
8562,8752
8538,8751
8709,8767
8576,8760
8684,8757
8677,8758
8614,8754
8719,8762
8673,8752
8646,8756
8602,8757
8641,8755
8799,8751
8729,8759
8738,8763
8765,8765
8652,8751
8760,8754
8680,8749
8659,8754
8723,8758
8687,8763
8729,8750
8661,8760
8838,8761
8694,8756
8625,8755
8757,8743
8621,8766
8808,8757
8718,8745
8681,8756
8740,8736
8582,8761
8617,8755
8540,8756
8465,8752
8602,8748
8554,8732
8696,8736
8506,8730
8329,8729
8512,8712
8326,8701
8523,8713
8352,8693
8446,8693
8491,8676
8314,8650
8511,8668
8390,8658
8423,8652
8386,8638
8352,8643
8314,8624
8330,8618
8287,8608
8307,8607
8224,8589
8290,8584
8340,8577
8299,8566
8244,8565
8278,8545
8271,8544
8147,8535
8322,8535
8210,8530
8238,8522
8362,8500
8194,8500
8295,8483
8204,8488
8242,8462
8281,8458
8261,8461
8325,8446
8322,8437
8230,8436
8264,8425
8240,8427
8266,8406
8284,8405
8194,8391
8287,8399
8312,8371
8242,8358
8194,8375
8248,8353
8121,8341
8341,8334
8381,8310
8417,8326
8094,8319
8140,8307
8288,8301
8177,8293
8078,8274
8107,8284
8165,8272
8119,8260
8044,8234
8043,8250
8149,8217
8103,8225
8046,8223
7961,8195
8118,8193
8126,8182
8161,8192
8069,8171
8040,8168
8006,8159
7968,8158
8147,8154
8150,8123
8066,8132
8081,8098
7998,8120
8025,8135
8003,8088
8016,8087
8078,8069
8076,8049
8051,8062
8060,8070
8059,8044
8024,8034
7961,8022
7926,8019
7958,8020
7927,8009
7878,8006
7940,7996
7993,7983
7992,7974
7970,7990
7996,7989
8017,7965
8039,7966
8025,7982
8063,7992
8094,7958
8060,7978
8098,7952
8067,7941
8136,7960
8125,7946
8143,7958
8155,7953
8124,7969
8140,7975
8149,7967
8142,7940
8162,7957
8139,7953
8152,7967
8169,7952
8169,7938
8153,7932
8155,7975
8180,7957
8145,7948
8140,7972
8154,7962
8164,7969
8168,7959
8198,7931
8178,7940
8149,7931
8152,7930
8146,7952
8147,7956
8140,7967
8143,7952
8131,7941
8135,7953
8146,7975
8158,7945
8134,7953
8167,7976
8125,7954
8144,7953
8144,7972
8121,7961
8059,7951
7999,7954
7843,7937
7726,7943
7639,7938
7547,7940
7499,7921
7536,7906
7454,7906
7421,7933
7441,7886
7420,7893
7425,7875
7428,7876
7436,7873
7412,7852
7455,7842
7461,7848
7502,7836
7463,7820
7398,7814
7413,7823
7325,7809
7369,7796
7351,7793
7350,7791
7412,7768
7397,7773
7420,7749
7314,7754
7296,7733
7295,7752
7348,7722
7385,7708
7390,7720
7307,7696
7326,7686
7289,7684
7383,7671
7388,7673
7278,7673
7257,7645
7359,7655
7396,7626
7286,7625
7196,7616
7329,7610
7305,7598
7248,7584
7094,7595
7231,7582
7214,7574
7070,7578
7231,7560
7208,7540
7182,7542
7200,7554
7233,7508
7218,7517
7133,7513
7173,7490
7165,7504
7111,7487
7198,7480
7171,7473
7159,7466
7231,7444
7164,7444
7183,7433
7166,7424
7144,7417
7231,7420
7043,7386
7221,7396
7219,7394
7023,7384
7221,7379
7009,7374
7157,7357
7056,7357
7150,7338
7212,7327
7132,7330
7092,7309
7121,7322
6998,7298
7060,7299
7076,7284
7032,7278
7075,7277
7023,7256
7003,7260
6970,7244
7032,7245
6901,7222
7016,7215
6998,7208
6908,7207
6940,7188
6892,7193
7061,7189
7083,7168
7016,7160
7009,7169
7019,7163
7159,7161
7039,7154
7103,7152
7219,7156
7151,7160
7268,7163
7087,7148
7122,7149
7102,7158
7116,7166
7332,7167
7098,7150
7233,7154
7164,7151
7091,7157
7298,7152
7157,7159
7147,7162
7245,7145
7179,7160
7317,7155
7250,7146
7366,7152
7276,7155
7176,7158
7297,7162
7181,7151
7254,7151
7420,7165
7183,7154
7341,7166
7298,7152
7270,7155
7244,7157
7165,7145
7261,7153
7197,7154
7287,7154
7183,7165
7172,7156
7320,7145
7090,7157
7075,7162
7149,7159
7155,7148
7225,7151
7208,7152
7253,7142
7293,7157
7126,7155
7281,7138
7063,7157
7137,7160
7294,7149
7132,7145
7296,7153
7170,7155
7282,7167
7270,7159
7157,7164
7297,7154
7162,7163
7259,7158
7323,7143
7210,7158
7308,7153
7178,7156
7194,7161
7131,7161
7135,7163
7327,7157
7082,7146
7224,7162
7253,7153
7149,7166
7277,7154
7184,7160
7170,7150
7246,7155
7254,7160
7240,7150
7281,7148
7287,7165
7275,7150
7135,7165
7258,7153
7081,7152
7296,7147
7314,7152
7240,7142
7358,7158
7198,7152
7354,7164
7238,7154
7165,7162
7350,7165
7168,7155
7338,7154
7272,7150
7264,7148
7296,7158
7103,7152
7165,7158
7037,7149
7078,7152
7257,7153
7126,7152
7225,7158
7215,7154
7143,7147
7274,7155
7129,7151
7097,7158
7158,7154
7166,7156
7339,7154
7190,7162
7320,7160
7249,7153
7147,7158
7231,7154
7105,7159
7216,7162
7290,7144
7221,7149
7327,7156
7153,7151
7376,7160
7143,7156
7128,7162
7372,7140
7136,7169
7320,7153
7221,7153
7274,7165
7266,7152
7157,7157
7171,7156
7216,7164
7151,7155
7245,7151
7231,7158
7248,7152
7248,7154
7078,7158
7216,7152
7128,7157
7232,7149
7208,7160
7239,7148
7380,7161
7177,7135
7320,7154
7309,7148
7102,7154
7257,7150
7191,7161
7251,7154
7274,7150
7285,7156
7261,7147
7101,7149
7223,7146
7036,7161
7200,7148
7298,7154
7162,7156
7199,7151
7165,7150
7202,7147
7174,7157
7159,7150
7162,7149
7086,7154
7207,7169
7319,7153
7172,7148
7283,7163
7231,7161
7102,7159
7365,7156
7107,7144
7182,7161
7181,7157
7238,7167
7313,7151
7133,7167
7284,7164
7193,7150
7175,7163
7137,7141
7141,7159
7310,7155
7245,7158
7227,7158
7311,7157
7185,7157
7271,7151
7120,7154
7203,7152
7282,7147
7166,7155
7214,7165
7297,7158
7322,7152
7273,7151
7125,7155
7223,7156
7227,7149
7178,7156
7320,7156
7186,7161
7330,7145
7197,7157
7116,7145
7295,7148
7108,7157
7271,7150
7095,7167
7309,7149
7380,7151
7131,7150
7291,7164
7103,7157
7190,7151
7187,7161
7166,7162
7233,7157
7275,7146
7173,7145
7223,7162
7246,7157
7202,7163
7205,7152
7223,7151
7249,7158
7186,7168
7199,7149
7204,7154
7292,7158
7276,7142
7077,7157
7171,7158
7167,7133
7215,7159
7351,7152
7177,7155
7291,7148
7183,7144
7178,7158
7148,7156
7141,7160
7301,7153
7061,7156
7258,7150
7249,7154
7116,7152
7284,7157
7166,7144
7273,7146
7092,7158
7213,7151
7260,7161
7293,7146
7324,7152
7319,7166
7167,7151
7344,7142
7215,7137
7083,7164
7280,7148
7127,7156
7301,7148
7232,7157
7250,7155
7244,7156
7133,7152
7295,7163
7187,7149
7323,7155
7288,7159
7261,7148
7289,7147
7140,7151
7185,7159
7173,7159
7123,7142
7222,7158
7138,7155
7167,7142
7271,7147
7206,7161
7224,7163
7157,7173
7174,7152
7185,7136
7150,7157
7279,7154
7252,7149
7298,7162
7237,7142
7060,7152
7243,7154
7074,7157
7198,7157
7374,7149
7098,7170
7334,7156
7180,7154
7093,7161
7238,7151
7125,7154
7207,7167
7150,7150
7306,7169
7251,7152
7176,7157
7251,7150
7264,7143
7272,7148
7175,7153
7229,7157
7265,7153
7253,7155
7326,7160
7278,7155
7049,7164
7356,7167
7148,7149
7184,7159
7354,7144
7162,7159
7322,7151
7224,7146
7333,7163
7222,7142
7112,7156
7337,7159
7113,7155
7289,7169
7295,7155
7269,7157
7303,7158
7096,7139
7135,7159
7173,7158
7124,7155
7248,7164
7135,7153
7279,7158
7303,7152
7214,7156
7263,7152
7215,7157
7266,7158
7277,7150
7127,7152
7212,7150
7302,7156
7252,7146
7263,7158
7167,7161
7187,7151
7132,7153
7205,7166
7307,7152
7237,7154
7311,7151
7163,7171
7381,7157
7238,7142
7120,7156
7277,7144
7087,7150
7298,7161
7291,7148
7181,7144
7271,7154
7215,7151
7270,7148
7265,7150
7245,7152
7227,7145
7187,7158
7319,7162
7351,7143
7136,7155
7311,7157
7164,7154
7217,7163
7171,7156
7121,7158
7264,7161
7262,7136
7263,7162
7363,7159
7198,7153
7273,7152
7125,7152
7286,7166
7353,7164
7340,7157
7383,7163
7310,7164
7443,7165
7347,7170
7355,7183
7469,7181
7403,7197
7471,7200
7489,7214
7529,7216
7481,7225
7506,7234
7631,7239
7546,7243
7516,7251
7497,7258
7524,7276
7512,7273
7577,7296
7551,7281
7526,7318
7562,7312
7610,7315
7588,7341
7570,7328
7595,7342
7597,7354
7558,7362
7606,7356
7650,7373
7515,7382
7659,7390
7682,7415
7642,7406
7719,7415
7647,7429
7632,7423
7714,7438
7725,7444
7716,7450
7651,7463
7704,7466
7707,7482
7718,7484
7733,7494
7678,7497
7673,7506
7798,7523
7696,7520
7712,7538
7915,7545
7690,7552
7747,7556
7722,7577
7759,7581
7664,7586
7696,7586
7828,7596
7827,7613
7749,7606
7787,7616
7800,7622
7819,7627
7746,7650
7792,7652
7811,7671
7860,7669
7752,7674
7799,7698
7850,7701
7884,7706
7871,7709
7804,7715
7824,7745
7879,7731
7936,7754
7940,7752
7946,7755
7813,7762
7766,7778
7904,7788
7905,7810
7928,7784
7931,7806
7940,7814
7882,7823
7931,7836
7886,7844
7895,7846
7900,7845
7943,7860
7991,7865
8004,7893
7995,7881
8015,7888
8040,7903
8045,7912
8038,7936
8024,7924
7959,7926
8022,7943
8003,7941
7896,7924
7866,7937
7874,7949
7892,7971
7840,7948
7855,7959
7878,7951
7821,7956
7832,7961
7831,7951
7840,7968
7830,7950
7831,7946
7801,7954
7808,7965
7841,7957
7772,7951
7828,7945
7785,7964
7801,7952
7812,7952
7825,7946
7785,7958
7775,7938
7806,7949
7783,7958
7783,7963
7780,7942
7786,7942
7766,7947
7814,7969
7757,7961
7801,7960
7771,7973
7777,7951
7786,7965
7735,7957
7775,7960
7774,7946
7788,7953
7786,7969
7792,7942
7790,7942
7826,7937
7788,7952
7811,7959
7864,7954
7892,7943
7954,7965
8089,7975
8196,7974
8242,7971
8327,7970
8379,7988
8416,7986
8419,8016
8465,8012
8486,7995
8457,8021
8466,8035
8466,8045
8461,8046
8443,8061
8424,8063
8428,8074
8403,8092
8424,8087
8498,8091
8503,8122
8530,8109
8539,8113
8508,8122
8551,8134
8427,8129
8441,8149
8568,8163
8634,8169
8648,8179
8590,8179
8548,8191
8504,8211
8565,8198
8617,8207
8665,8219
8599,8232
8554,8238
8632,8252
8665,8245
8667,8254
8546,8266
8579,8273
8679,8284
8655,8297
8639,8283
8582,8313
8717,8320
8657,8312
8538,8328
8535,8344
8682,8350
8782,8364
8646,8356
8624,8368
8689,8366
8590,8385
8701,8391
8698,8407
8676,8406
8662,8414
8741,8434
8665,8437
8681,8439
8748,8459
8633,8457
8732,8485
8720,8477
8721,8480
8703,8497
8770,8505
8825,8499
8729,8507
8760,8528
8841,8535
8735,8542
8858,8552
8744,8564
8870,8570
8735,8568
8775,8577
8834,8592
8867,8600
8782,8614
8813,8603
8890,8622
8921,8621
8907,8626
8906,8650
8884,8654
8911,8658
8939,8674
8912,8673
8831,8690
8862,8687
8835,8702
8924,8712
8968,8712
8883,8725
8948,8733
8783,8729
8825,8742
8669,8740
8832,8757
8804,8741
8755,8754
8774,8755
8603,8743
8844,8768
8664,8744
8582,8749
8748,8764
8643,8762
8805,8766
8583,8755
8787,8763
8687,8761
8568,8754
8661,8757
8581,8751
8649,8750
8724,8749
8724,8759
8696,8750
8678,8742
8648,8747
8663,8763
8702,8754
8784,8763
8634,8757
8665,8750
8725,8755
8549,8743
8696,8763
8491,8747
8660,8759
8490,8752
8664,8758
8763,8753
8703,8761
8729,8758
8728,8759
8563,8753
8783,8760
8586,8757
8685,8749
8761,8755
8740,8757
8872,8752
8621,8751
8843,8754
8696,8754
8596,8758
8751,8751
8563,8750
8650,8758
8774,8765
8589,8763
8833,8768
8745,8747
8596,8762
8692,8758
8620,8748
8821,8751
8584,8753
8741,8749
8687,8766
8633,8764
8756,8757
8627,8759
8628,8776
8609,8760
8598,8761
8763,8754
8630,8770
8758,8757
8790,8751
8605,8754
8779,8752
8602,8757
8709,8765
8788,8743
8649,8761
8734,8769
8701,8752
8728,8760
8696,8754
8624,8764
8729,8755
8598,8753
8682,8758
8791,8757
8658,8759
8786,8766
8613,8771
8624,8770
8640,8747
8660,8759
8778,8767
8564,8756
8768,8779
8673,8760
8571,8767
8813,8763
8572,8741
8632,8762
8670,8742
8658,8757
8764,8764
8618,8749
8787,8748
8685,8755
8611,8778
8680,8756
8574,8756
8711,8757
8782,8751
8680,8756
8851,8762
8644,8746
8806,8764
8663,8746
8589,8757
8878,8756
8577,8757
8756,8752
8735,8764
8669,8755
8803,8761
8591,8758
8576,8757
8660,8757
8630,8760
8799,8760
8643,8757
8707,8759
8703,8755
8566,8765
8748,8755
8541,8752
8783,8748
8878,8754
8603,8755
8837,8769
8715,8758
8737,8765
8712,8761
8661,8756
8672,8751
8682,8754
8700,8760
8724,8754
8739,8764
8838,8757
8586,8763
8691,8759
8568,8757
8724,8769
8791,8747
8578,8754
8779,8753
8723,8756
8529,8759
8800,8741
8522,8750
8592,8759
8599,8754
8550,8761
8771,8751
8756,8755
8754,8760
8669,8762
8587,8759
8765,8759
8588,8755
8685,8762
8749,8759
8682,8764
8787,8764
8643,8757
8745,8755
8626,8751
8614,8757
8765,8769
8606,8761
8721,8755
8669,8755
8715,8770
8880,8749
8621,8749
8579,8753
8638,8763
8639,8755
8804,8746
8580,8757
8689,8748
8752,8759
8644,8760
8726,8747
8557,8756
8697,8751
8592,8746
8657,8757
8766,8755
8608,8770
8779,8755
8691,8756
8551,8752
8762,8767
8600,8753
8732,8759
8790,8745
8729,8765
8800,8748
8598,8757
8799,8752
8623,8764
8651,8751
8753,8745
8616,8754
8685,8764
8716,8742
8774,8759
8749,8755
8602,8761
8676,8771
8551,8757
8645,8762
8857,8763
8594,8751
8791,8765
8692,8758
8635,8749
8761,8755
8611,8751
8635,8753
8674,8757
8685,8768
8704,8739
8653,8747
8800,8759
8688,8763
8596,8770
8706,8765
8602,8744
8754,8763
8685,8758
8780,8761
8845,8753
8619,8758
8760,8747
8606,8750
8556,8763
8768,8756
8541,8757
8695,8762
8758,8753
8755,8773
8739,8758
8623,8766
8679,8753
8661,8766
8640,8754
8778,8752
8615,8750
8738,8763
8669,8736
8554,8751
8728,8758
8602,8767
8730,8753
8624,8762
8697,8762
8808,8770
8571,8749
8801,8758
8605,8748
8582,8762
8696,8755
8614,8746
8719,8747
8670,8751
8665,8755
8749,8758
8615,8769
8666,8758
8625,8756
8737,8768
8881,8749
8636,8755
8811,8766
8741,8758
8753,8756
8748,8760
8602,8759
8592,8760
8641,8758
8616,8751
8674,8751
8635,8759
8786,8746
8701,8759
8553,8759
8726,8771
8591,8759
8734,8759
8591,8755
8743,8753
8751,8753
8597,8764
8715,8760
8569,8753
8628,8765
8670,8755
8631,8758
8713,8750
8706,8752
8761,8746
8822,8755
8610,8746
8792,8762
8680,8754
8729,8765
8766,8750
8653,8761
8731,8771
8675,8750
8782,8759
8716,8759
8559,8742
8702,8762
8586,8748
8648,8763
8765,8763
8720,8751
8828,8750
8625,8754
8596,8752
8710,8761
8598,8758
8778,8764
8526,8758
8689,8758
8796,8755
8621,8763
8726,8759
8659,8749
8721,8755
8627,8755
8691,8755
8777,8759
8683,8765
8786,8752
8809,8760
8574,8759
8704,8763
8546,8763
8674,8759
8922,8756
8500,8771
8788,8760
8726,8747
8793,8764
8694,8752
8553,8757
8776,8759
8542,8749
8693,8761
8761,8752
8707,8762
8821,8741
8626,8747
8565,8761
8739,8753
8614,8770
8689,8744
8531,8758
8754,8748
8872,8759
8573,8758
8743,8756
8659,8755
8673,8755
8683,8764
8589,8743
8697,8757
8718,8755
8624,8751
8713,8764
8581,8762
8682,8766
8644,8762
8689,8752
8773,8754
8692,8757
8766,8753
8558,8756
8806,8761
8587,8748
8582,8764
8759,8752
8553,8755
8728,8765
8751,8744
8688,8754
8697,8752
8558,8749
8590,8763
8463,8718
8447,8736
8652,8718
8405,8713
8657,8716
8470,8708
8329,8689
8414,8687
8285,8686
8536,8682
8393,8668
8473,8650
8389,8655
8380,8642
8353,8638
8447,8626
8334,8617
8331,8626
8291,8602
8299,8596
8240,8595
8338,8585
8299,8581
8327,8562
8307,8572
8254,8550
8288,8538
8313,8544
8347,8527
8170,8515
8283,8524
8326,8504
8212,8488
8227,8483
8278,8478
8354,8469
8202,8467
8294,8459
8267,8446
8272,8434
8356,8429
8250,8434
8228,8425
8256,8405
8225,8390
8270,8387
8287,8364
8264,8371
8194,8369
8169,8365
8199,8324
8195,8340
8353,8329
8432,8313
8324,8324
7994,8295
8132,8302
8120,8303
8048,8290
8047,8288
8163,8265
8131,8253
8089,8242
8059,8251
8094,8243
8156,8235
8105,8222
8048,8231
7980,8236
8056,8209
8121,8184
8085,8187
8076,8185
7992,8166
8018,8176
8082,8134
8162,8124
8157,8123
7968,8116
8005,8121
7997,8115
7974,8085
7987,8093
8025,8073
8036,8075
8094,8076
8057,8056
8053,8051
8007,8061
7987,8041
7979,8047
7889,8014
7956,8035
7938,8003
7928,8001
7882,7984
7863,7994
8025,7972
7937,7966
8058,7962
7964,7952
8013,7981
8056,7958
8041,7953
8093,7984
8071,7926
8115,7950
8085,7968
8124,7972
8113,7965
8123,7963
8163,7950
8130,7958
8153,7949
8143,7954
8151,7974
8155,7958
8119,7947
8131,7951
8154,7945
8164,7954
8172,7982
8167,7958
8159,7950
8161,7985
8145,7958
8150,7972
8163,7948
8178,7945
8158,7953
8170,7961
8175,7960
8178,7960
8182,7942
8121,7952
8156,7965
8156,7972
8169,7936
8151,7958
8155,7934
8160,7952
8154,7963
8154,7988
8128,7956
8133,7947
8137,7951
8064,7956
8029,7937
7919,7955
7831,7956
7660,7952
7645,7902
7636,7934
7498,7926
7575,7925
7447,7896
7430,7904
7439,7893
7427,7891
7421,7885
7430,7863
7424,7861
7430,7851
7448,7826
7493,7841
7444,7831
7495,7830
7380,7812
7362,7805
7313,7805
7325,7791
7306,7778
7427,7780
7398,7769
7403,7764
7413,7756
7288,7739
7308,7745
7330,7726
7383,7730
7408,7703
7355,7708
7341,7685
7327,7697
7369,7682
7414,7668
7375,7674
7283,7654
7268,7641
7311,7635
7345,7643
7250,7625
7267,7619
7339,7619
7448,7602
7100,7598
7098,7586
7297,7586
7169,7575
7159,7555
7300,7552
7224,7547
7094,7535
7179,7541
7245,7520
7121,7519
7213,7499
7231,7503
7166,7494
7188,7475
7201,7475
7172,7448
7230,7464
7185,7449
7156,7436
7231,7436
7145,7426
7091,7433
7238,7428
7026,7405
7226,7388
7161,7396
7152,7376
7129,7371
7060,7351
7200,7341
6985,7333
7177,7339
7096,7332
7187,7312
7050,7327
7083,7310
6992,7293
7129,7288
6965,7278
7066,7269
7003,7264
7051,7264
7061,7248
7120,7248
7070,7229
6954,7218
7068,7225
6970,7198
6943,7185
7002,7190
6969,7181
6949,7172
7034,7172
7098,7175
7126,7176
7079,7146
7233,7164
7218,7176
7146,7151
7184,7152
7146,7154
7227,7148
7303,7154
7180,7151
7306,7165
7176,7162
7165,7150
7074,7147
7121,7163
7310,7153
7098,7148
7270,7171
7255,7169
7130,7157
7290,7163
7164,7156
7197,7164
7166,7154
7167,7154
7357,7152
7256,7150
7320,7150
7351,7148
7113,7144
7417,7164
7220,7158
7109,7151
7299,7151
7222,7153
7266,7149
7220,7149
7273,7154
7259,7136
7176,7149
7353,7151
7140,7142
7328,7167
7212,7159
7195,7154
7218,7148
7129,7149
7146,7162
7201,7155
7140,7146
7219,7149
7148,7153
7195,7159
7232,7153
7132,7165
7232,7156
7077,7146
7094,7158
7116,7154
7156,7159
7354,7146
7137,7153
7344,7160
7260,7153
7072,7150
7343,7131
7137,7145
7200,7155
7383,7152
7206,7150
7371,7155
7163,7150
7308,7164
7146,7156
7179,7162
7359,7158
7137,7152
7261,7148
7194,7158
7206,7151
7211,7159
7233,7156
7233,7155
7196,7157
7209,7140
7384,7152
7189,7153
7342,7162
7282,7148
7112,7165
7303,7152
7105,7161
7195,7150
7350,7148
7205,7155
7325,7163
7204,7152
7339,7166
7213,7152
7128,7161
7325,7155
7127,7159
7290,7164
7249,7145
7220,7148
7284,7160
7190,7163
7123,7159
7184,7147
7125,7158
7299,7160
7114,7147
7196,7150
7305,7141
7099,7153
7313,7154
7083,7147
7165,7158
7160,7144
7122,7148
7247,7156
7171,7152
7264,7150
7159,7162
7081,7158
7263,7157
7140,7154
7274,7154
7285,7152
7270,7158
7335,7159
7140,7153
7314,7150
7126,7155
7147,7172
7274,7153
7075,7155
7323,7151
7256,7146
7195,7158
7243,7151
7251,7151
7215,7155
7222,7159
7140,7147
7397,7148
7121,7152
7401,7166
7284,7145
7135,7157
7318,7152
7105,7162
7188,7154
7162,7148
7126,7153
7293,7171
7219,7159
7280,7157
7262,7145
7152,7155
7253,7147
7134,7139
7279,7154
7197,7153
7222,7155
7293,7144
7122,7157
7258,7162
7160,7140
7174,7153
7258,7148
7182,7147
7278,7165
7258,7158
7182,7149
7293,7152
7111,7157
7192,7154
7139,7153
7171,7152
7299,7146
7159,7151
7238,7160
7213,7157
7111,7168
7281,7152
7200,7153
7269,7160
7085,7162
7227,7164
7311,7153
7086,7149
7363,7149
7196,7144
7125,7158
7181,7154
7166,7157
7229,7149
7263,7152
7246,7153
7297,7141
7303,7151
7220,7156
7208,7150
7146,7151
7396,7149
7235,7144
7290,7154
7224,7151
7288,7161
7244,7146
7140,7148
7241,7160
7126,7167
7153,7151
7289,7160
7156,7153
7346,7152
7280,7180
7098,7168
7261,7163
7114,7164
7300,7146
7124,7154
7235,7160
7296,7155
7147,7160
7343,7156
7204,7149
7220,7153
7185,7156
7328,7155
7302,7150
7203,7155
7258,7158
7271,7154
7171,7151
7287,7156
7193,7171
7159,7150
7305,7155
7118,7156
7257,7155
7211,7148
7139,7159
7254,7157
7157,7153
7260,7157
7116,7162
7264,7154
7303,7146
7293,7149
7301,7154
7101,7159
7062,7163
7176,7148
7116,7167
7298,7159
7144,7156
7213,7154
7259,7150
7186,7137
7267,7152
7242,7148
7140,7154
7258,7160
7227,7155
7248,7158
7242,7165
7187,7154
7300,7157
7248,7158
7347,7145
7207,7143
7183,7165
7290,7161
7198,7158
7323,7155
7265,7154
7332,7143
7197,7157
7124,7145
7265,7156
7117,7165
7206,7150
7189,7154
7210,7159
7274,7157
7160,7160
7170,7164
7235,7157
7268,7146
7198,7160
7245,7144
7240,7158
7264,7151
7197,7150
7241,7158
7126,7151
7153,7153
7168,7150
7080,7149
7366,7159
7231,7163
7273,7149
7267,7154
7098,7165
7365,7158
7161,7169
7177,7159
7333,7155
7200,7156
7330,7152
7156,7154
7273,7164
7168,7147
7107,7154
7263,7157
7166,7161
7203,7154
7229,7153
7282,7153
7300,7158
7178,7154
7146,7165
7251,7147
7246,7145
7277,7159
7122,7160
7275,7159
7367,7147
7167,7153
7299,7160
7161,7156
7180,7162
7142,7158
7137,7153
7347,7155
7224,7144
7316,7149
7279,7150
7166,7151
7229,7149
7102,7166
7246,7151
7284,7143
7222,7153
7352,7146
7167,7155
7269,7163
7286,7160
7243,7153
7229,7154
7226,7151
7154,7149
7246,7139
7209,7158
7300,7158
7154,7158
7166,7152
7186,7148
7195,7143
7341,7153
7141,7160
7207,7163
7298,7136
7130,7146
7333,7162
7224,7150
7186,7152
7325,7151
7218,7154
7317,7169
7149,7145
7287,7153
7119,7146
7142,7152
7285,7149
7144,7146
7198,7159
7206,7158
7294,7154
7244,7159
7172,7148
7185,7164
7222,7147
7172,7148
7240,7147
7123,7148
7283,7159
7345,7169
7153,7154
7349,7161
7153,7161
7140,7159
7247,7149
7163,7154
7296,7176
7253,7152
7287,7152
7309,7156
7236,7159
7286,7162
7228,7159
7404,7153
7422,7174
7408,7179
7493,7176
7389,7189
7527,7193
7431,7197
7455,7203
7475,7210
7460,7216
7494,7220
7494,7229
7584,7237
7471,7258
7551,7252
7485,7258
7590,7273
7540,7282
7591,7283
7595,7301
7588,7296
7522,7311
7613,7328
7551,7352
7660,7334
7601,7356
7597,7347
7559,7352
7642,7371
7589,7382
7553,7389
7750,7405
7673,7412
7651,7408
7596,7421
7731,7431
7684,7417
7594,7425
7698,7444
7711,7456
7710,7474
7693,7476
7695,7486
7705,7485
7698,7500
7733,7504
7737,7514
7751,7519
7767,7537
7729,7522
7773,7522
7663,7576
7653,7561
7763,7560
7788,7580
7705,7578
7827,7589
7771,7581
7821,7605
7739,7623
7875,7648
7844,7630
7732,7641
7744,7650
7872,7657
7894,7665
7839,7678
7788,7680
7797,7680
7871,7702
7906,7703
7873,7709
7826,7718
7848,7714
7894,7748
7882,7723
7951,7747
7883,7758
7803,7778
7831,7767
7843,7779
7938,7788
7960,7780
7962,7813
7955,7823
7875,7856
7953,7837
7878,7832
7873,7858
7880,7846
7958,7847
7957,7857
8011,7890
8047,7879
8025,7883
8049,7904
8074,7917
8039,7912
8015,7925
7981,7934
7962,7924
7933,7937
7960,7898
7893,7946
7877,7941
7903,7951
7873,7916
7840,7940
7854,7951
7839,7980
7847,7955
7810,7956
7831,7935
7818,7964
7827,7955
7818,7960
7831,7964
7827,7988
7790,7949
7830,7946
7814,7950
7815,7964
7795,7931
7770,7969
7825,7967
7804,7944
7785,7956
7789,7946
7799,7955
7803,7969
7826,7956
7768,7956
7795,7942
7779,7966
7781,7950
7785,7950
7783,7951
7798,7947
7757,7960
7789,7950
7795,7944
7813,7967
7791,7942
7817,7965
7801,7954
7813,7965
7813,7955
7802,7952
7884,7949
7926,7949
8014,7975
8144,7966
8217,7973
8372,7978
8385,7978
8394,7995
8420,7983
8450,8002
8476,8006
8461,8031
8480,8029
8464,8026
8445,8042
8456,8043
8455,8053
8422,8070
8405,8069
8407,8073
8421,8099
8487,8083
8515,8116
8534,8115
8562,8135
8469,8128
8445,8137
8398,8147
8408,8150
8542,8152
8644,8158
8660,8162
8615,8171
8536,8190
8571,8206
8606,8208
8668,8203
8628,8209
8533,8228
8532,8248
8623,8244
8660,8270
8677,8267
8588,8272
8575,8270
8701,8281
8667,8291
8588,8305
8600,8309
8690,8320
8642,8335
8486,8320
8655,8342
8771,8356
8606,8380
8664,8369
8780,8380
8641,8388
8705,8394
8703,8404
8673,8398
8599,8421
8679,8418
8650,8438
8620,8436
8721,8442
8668,8450
8772,8462
8810,8492
8702,8473
8718,8484
8750,8502
8707,8500
8871,8497
8688,8500
8843,8508
8787,8539
8900,8549
8848,8552
8722,8571
8802,8569
8763,8576
8889,8584
8822,8600
8894,8597
8795,8616
8890,8603
8852,8610
8911,8632
8861,8639
8935,8642
8812,8651
8916,8668
8872,8670
8962,8681
8853,8692
9028,8690
8905,8691
8888,8715
8950,8708
8810,8733
8910,8727
8823,8738
8867,8746
8793,8733
8624,8756
8780,8762
8599,8748
8786,8754
8807,8752
8706,8755
8825,8756
8617,8746
8780,8756
8619,8754
8656,8760
8862,8758
8609,8749
8818,8763
8729,8757
8718,8747
8666,8765
8528,8749
8763,8764
8597,8765
8696,8767
8745,8754
8623,8763
8779,8759
8566,8747
8559,8752
8781,8758
8555,8752
8681,8761
8588,8755
8755,8762
8702,8765
8524,8756
8672,8763
8599,8758
8638,8757
8582,8751
8533,8770
8776,8759
8755,8750
8755,8754
8739,8754
8582,8757
8790,8762
8639,8759
8601,8755
8791,8762
8741,8765
8770,8754
8572,8742
8782,8759
8733,8753
8642,8756
8637,8738
8648,8749
8698,8762
8797,8754
8649,8752
8724,8774
8665,8747
8692,8764
8605,8750
8642,8758
8789,8759
8641,8767
8789,8756
8697,8765
8627,8762
8742,8753
8573,8758
8684,8764
8604,8746
8560,8753
8874,8754
8811,8752
8748,8762
8744,8757
8631,8759
8728,8754
8548,8756
8663,8740
8727,8763
8632,8761
8727,8757
8575,8763
8809,8758
8719,8743
8565,8752
8746,8748
8597,8747
8836,8755
8778,8743
8687,8760
8766,8758
8625,8771
8596,8759
8599,8754
8548,8753
8737,8765
8584,8756
8749,8753
8729,8757
8610,8760
8764,8760
8544,8751
8676,8761
8556,8755
8637,8750
8779,8749
8663,8749
8783,8768
8728,8743
8585,8765
8738,8762
8532,8760
8704,8758
8812,8745
8653,8759
8796,8760
8555,8752
8895,8771
8686,8751
8647,8762
8758,8749
8642,8759
8826,8764
8750,8755
8645,8751
8813,8752
8603,8759
8669,8764
8575,8758
8543,8755
8878,8769
8528,8759
8736,8749
8793,8759
8665,8764
8820,8754
8644,8757
8656,8762
8723,8771
8687,8755
8682,8767
8682,8754
8726,8762
8664,8753
8598,8764
8670,8770
8590,8758
8705,8764
8731,8759
8710,8756
8720,8758
8596,8749
8823,8761
8650,8756
8649,8776
8778,8748
8592,8755
8775,8766
8735,8757
8671,8764
8786,8749
8695,8755
8729,8758
8643,8749
8634,8751
8770,8757
8567,8767
8762,8756
8638,8749
8580,8758
8738,8753
8568,8756
8668,8758
8644,8757
8658,8752
8736,8755
8515,8762
8856,8750
8618,8766
8573,8773
8663,8752
8619,8756
8692,8760
8744,8752
8619,8775
8731,8778
8598,8764
8755,8768
8629,8747
8669,8757
8794,8741
8623,8761
8839,8767
8740,8761
8768,8764
8782,8758
8599,8761
8666,8753
8603,8760
8610,8755
8700,8755
8619,8743
8735,8758
8697,8762
8640,8770
8743,8754
8555,8763
8738,8746
8637,8758
8715,8751
8752,8750
8583,8759
8775,8759
8640,8751
8601,8760
8646,8754
8521,8752
8749,8758
8750,8748
8694,8754
8831,8754
8664,8762
8793,8756
8680,8745
8647,8750
8799,8749
8659,8753
8774,8750
8668,8753
8748,8762
8757,8751
8615,8760
8687,8748
8613,8758
8664,8748
8738,8745
8667,8739
8748,8754
8708,8744
8588,8759
8646,8754
8557,8743
8717,8755
8608,8759
8657,8760
8769,8758
8657,8753
8796,8758
8687,8750
8607,8763
8622,8760
8662,8762
8867,8754
8678,8755
8800,8752
8808,8753
8592,8749
8758,8763
8557,8758
8628,8751
8834,8753
8548,8759
8743,8760
8725,8752
8750,8762
8740,8765
8603,8759
8732,8768
8622,8760
8740,8755
8754,8745
8698,8761
8812,8733
8639,8742
8636,8771
8656,8751
8593,8747
8723,8759
8586,8761
8718,8752
8812,8755
8626,8756
8837,8759
8660,8764
8690,8745
8695,8759
8678,8756
8740,8751
8678,8759
8677,8756
8767,8759
8659,8760
8758,8756
8618,8752
8638,8766
8741,8757
8595,8750
8787,8752
8667,8757
8813,8767
8647,8745
8565,8760
8769,8752
8590,8755
8709,8760
8809,8746
8667,8761
8804,8758
8617,8760
8600,8741
8712,8759
8706,8758
8773,8743
8700,8751
8772,8759
8714,8759
8560,8758
8779,8749
8554,8760
8659,8750
8839,8750
8600,8754
8806,8766
8738,8760
8818,8751
8771,8754
8577,8753
8711,8754
8604,8750
8661,8750
8772,8753
8660,8761
8791,8753
8652,8758
8577,8764
8628,8754
8532,8753
8793,8743
8543,8762
8733,8756
8744,8742
8568,8764
8897,8760
8646,8760
8646,8756
8690,8756
8686,8765
8806,8760
8677,8761
8644,8752
8770,8760
8655,8751
8807,8751
8612,8750
8650,8764
8808,8767
8582,8752
8818,8751
8712,8757
8799,8758
8665,8758
8579,8764
8810,8758
8543,8755
8735,8756
8779,8751
8663,8754
8823,8766
8584,8750
8530,8768
8674,8759
8496,8749
8647,8768
8610,8757
8691,8756
8711,8763
8667,8751
8800,8756
8662,8759
8699,8764
8660,8761
8709,8757
8765,8753
8696,8767
8753,8757
8719,8752
8623,8768
8712,8759
8564,8765
8661,8762
8805,8761
8627,8765
8810,8759
8582,8767
8787,8766
8682,8750
8584,8754
8742,8765
8535,8761
8607,8761
8635,8743
8627,8739
8624,8733
8372,8736
8451,8720
8358,8720
8424,8712
8551,8701
8367,8698
8472,8693
8327,8686
8398,8674
8360,8661
8279,8662
8369,8658
8399,8640
8312,8641
8351,8629
8348,8619
8319,8606
8314,8613
8324,8588
8221,8598
8355,8574
8271,8571
8263,8570
8254,8558
8328,8541
8233,8543
8296,8529
8166,8544
8226,8525
8251,8508
8370,8495
8356,8485
8178,8491
8234,8463
8336,8472
8276,8471
8371,8451
8288,8436
8274,8429
8330,8417
8317,8439
8275,8423
8239,8410
8206,8396
8265,8382
8227,8377
8216,8371
8261,8373
8266,8368
8085,8344
8189,8344
8385,8329
8432,8316
8223,8310
7998,8308
8268,8292
8184,8303
8110,8293
8037,8279
8186,8265
8122,8257
8103,8238
8040,8238
8107,8219
8144,8216
8065,8219
8042,8219
8057,8209
8061,8195
8125,8194
8084,8181
8019,8173
7989,8159
7958,8147
8109,8157
8160,8158
8085,8124
8004,8129
8036,8114
7967,8098
7969,8109
7982,8105
7998,8082
8048,8076
8099,8063
8063,8033
8028,8059
8022,8027
8000,8043
7956,8024
7947,8016
7917,8031
7874,8006
7938,7988
7903,7987
7911,7971
8047,7993
7985,7961
8032,7987
8041,7947
8037,7983
8079,7959
8099,7962
8080,7970
8056,7976
8096,7967
8114,7949
8104,7961
8103,7958
8137,7954
8131,7948
8143,7948
8162,7973
8139,7966
8172,7964
8180,7954
8132,7955
8139,7953
8168,7944
8180,7969
8155,7964
8168,7953
8171,7939
8173,7954
8158,7951
8147,7961
8183,7952
8163,7957
8158,7959
8162,7962
8182,7962
8152,7944
8144,7954
8153,7965
8192,7962
8161,7955
8153,7951
8147,7948
8161,7947
8183,7964
8142,7951
8139,7957
8143,7959
8141,7937
8093,7965
8137,7941
8043,7954
7876,7945
7729,7965
7683,7945
7576,7932
7542,7934
7518,7918
7472,7917
7494,7910
7446,7890
7429,7876
7390,7889
7445,7861
7421,7844
7421,7865
7455,7837
7456,7829
7473,7845
7460,7829
7438,7805
7402,7817
7341,7804
7338,7791
7335,7787
7329,7787
7388,7776
7376,7772
7386,7747
7376,7747
7294,7748
7287,7743
7334,7729
7395,7722
7394,7710
7402,7688
7329,7704
7298,7679
7376,7676
7406,7661
7338,7673
7264,7648
7288,7646
7336,7643
7356,7625
7303,7616
7224,7614
7225,7611
7379,7600
7133,7606
7204,7578
7314,7562
7090,7553
7142,7559
7235,7551
7234,7535
7181,7531
7183,7524
7235,7519
7130,7517
7156,7506
7218,7495
7105,7498
7217,7475
7151,7454
7076,7463
7219,7464
7228,7452
7122,7446
7189,7432
7133,7413
7201,7427
7126,7416
7151,7403
7281,7387
7095,7382
7156,7371
6973,7376
7109,7351
7098,7347
7156,7345
7170,7327
7092,7319
7134,7332
7083,7315
7080,7312
6952,7310
7095,7281
7003,7269
7056,7278
6953,7267
7056,7251
6986,7246
7045,7231
6960,7218
7016,7228
6987,7206
6900,7211
6997,7198
6984,7186
7026,7182
7075,7168
7022,7181
7044,7169
7183,7171
7260,7162
6984,7167
7160,7163
7151,7164
7234,7162
7243,7163
7070,7175
7265,7145
7068,7166
7230,7163
7254,7153
7283,7158
7181,7164
7004,7159
7208,7150
7153,7145
7114,7153
7305,7162
7090,7145
7326,7167
7417,7149
7122,7156
7394,7150
7183,7145
7225,7153
7231,7154
7148,7158
7343,7155
7339,7162
7259,7154
7270,7152
7250,7157
7286,7150
7179,7154
7188,7155
7327,7157
7137,7149
7342,7158
7166,7159
7305,7158
7221,7150
7145,7153
7231,7151
7115,7147
7317,7153
7260,7140
7220,7160
7234,7172
7242,7160
7146,7153
7221,7161
7197,7157
7256,7150
7097,7154
7245,7156
7221,7154
7038,7138
7271,7173
7051,7136
7176,7146
7107,7144
7100,7161
7361,7153
7254,7158
7322,7156
7359,7163
7138,7161
7285,7155
7127,7150
7262,7145
7325,7159
7252,7164
7265,7158
7113,7156
7349,7158
7244,7153
7135,7161
7235,7169
7146,7153
7303,7162
7291,7152
7264,7146
7349,7167
7217,7158
7254,7159
7129,7154
7106,7162
7331,7165
7155,7159
7252,7158
7211,7151
7113,7153
7253,7148
7146,7150
7245,7147
7173,7159
7259,7149
7416,7155
7142,7159
7320,7162
7279,7144
7099,7157
7226,7152
7093,7153
7248,7157
7265,7148
7140,7157
7219,7143
7227,7155
7205,7165
7225,7160
7202,7154
7158,7155
7082,7155
7317,7151
7270,7151
7254,7157
7244,7148
7170,7159
7231,7146
7098,7147
7106,7149
7297,7152
7105,7153
7312,7161
7250,7150
7107,7159
7262,7147
7118,7148
7253,7158
7161,7154
7271,7155
7217,7154
7086,7159
7327,7157
7159,7157
7164,7151
7208,7150
7212,7153
7318,7155
7290,7160
7246,7146
7228,7154
7175,7149
7366,7141
7124,7158
7121,7159
7324,7150
7156,7150
7285,7164
7323,7150
7231,7160
7246,7150
7178,7149
7183,7137
7167,7155
7203,7155
7347,7148
7130,7160
7254,7153
7214,7150
7140,7164
7198,7158
7072,7161
7272,7141
7076,7149
7173,7145
7205,7155
7158,7150
7243,7159
7204,7161
7113,7146
7228,7140
7087,7138
7328,7162
7236,7152
7199,7143
7233,7154
7212,7145
7218,7150
7199,7167
7189,7160
7310,7144
7137,7155
7309,7147
7227,7149
7068,7163
7291,7160
7116,7143
7221,7149
7136,7171
7209,7160
7267,7153
7137,7153
7285,7156
7149,7151
7119,7159
7208,7146
7189,7155
7196,7148
7191,7152
7220,7149
7230,7148
7155,7141
7324,7153
7153,7146
7224,7154
7310,7156
7188,7147
7260,7158
7322,7147
7226,7146
7289,7146
7214,7157
7245,7152
7181,7155
7200,7164
7323,7150
7164,7149
7311,7160
7203,7150
7217,7155
7176,7152
7071,7147
7249,7156
7135,7154
7212,7157
7239,7160
7189,7157
7251,7164
7244,7155
7192,7151
7210,7160
7150,7155
7304,7135
7256,7149
7252,7161
7248,7153
7215,7156
7302,7144
7233,7159
7181,7157
7193,7151
7175,7158
7296,7157
7217,7154
7296,7164
7243,7156
7143,7150
7343,7153
7079,7150
7277,7170
7258,7154
7176,7160
7282,7151
7173,7152
7137,7155
7218,7153
7113,7156
7137,7147
7283,7155
7243,7163
7212,7158
7140,7159
7290,7151
7213,7167
7149,7155
7196,7152
7203,7147
7294,7158
7288,7158
7261,7151
7325,7152
7173,7151
7305,7158
7204,7151
7133,7149
7316,7158
7174,7161
7327,7149
7236,7154
7314,7149
7164,7160
7104,7158
7240,7145
7178,7148
7188,7151
7249,7148
7186,7149
7191,7164
7168,7156
7224,7153
7156,7160
7151,7165
7296,7152
7182,7154
7235,7155
7333,7151
7143,7157
7406,7155
7172,7153
7123,7166
7156,7158
7118,7146
7321,7152
7340,7158
7299,7165
7320,7144
7086,7163
7277,7153
7054,7160
7242,7160
7319,7161
7174,7158
7308,7153
7181,7151
7277,7160
7198,7141
7157,7146
7224,7156
7188,7157
7221,7143
7291,7160
7161,7154
7293,7151
7247,7153
7171,7164
7255,7153
7187,7162
7274,7151
7227,7159
7314,7150
7287,7147
7108,7156
7382,7159
7207,7147
7134,7164
7225,7152
7197,7152
7381,7146
7261,7148
7331,7155
7220,7149
7154,7156
7197,7144
7094,7153
7263,7158
7280,7140
7178,7151
7215,7154
7278,7158
7257,7154
7236,7160
7213,7147
7253,7154
7247,7151
7192,7151
7255,7173
7183,7158
7351,7149
7186,7158
7155,7163
7159,7150
7165,7172
7331,7158
7147,7148
7276,7152
7244,7151
7098,7151
7301,7155
7177,7143
7308,7157
7144,7144
7215,7159
7328,7158
7164,7156
7284,7157
7182,7156
7149,7149
7249,7144
7185,7148
7250,7160
7259,7145
7155,7167
7342,7158
7267,7152
7333,7150
7257,7154
7095,7153
7232,7150
7139,7150
7226,7146
7298,7151
7241,7148
7318,7157
7230,7143
7214,7157
7152,7148
7178,7147
7385,7139
7184,7165
7398,7166
7304,7163
7361,7152
7270,7165
7352,7175
7479,7181
7362,7168
7464,7198
7491,7191
7484,7200
7495,7211
7483,7225
7457,7230
7505,7242
7595,7257
7506,7268
7535,7266
7498,7268
7530,7273
7598,7282
7561,7283
7604,7294
7622,7315
7606,7327
7616,7322
7615,7338
7678,7337
7569,7352
7656,7350
7572,7360
7610,7378
7616,7382
7626,7377
7686,7392
7669,7407
7750,7416
7607,7420
7636,7437
7658,7434
7663,7454
7738,7460
7656,7448
7672,7464
7738,7483
7700,7499
7674,7472
7710,7503
7714,7502
7701,7517
7777,7547
7613,7533
7736,7533
7850,7533
7785,7563
7657,7567
7806,7565
7673,7590
7702,7597
7834,7588
7786,7607
7719,7616
7787,7617
7850,7630
7830,7643
7747,7647
7793,7643
7861,7655
7847,7669
7789,7666
7809,7686
7823,7693
7912,7685
7923,7710
7863,7697
7781,7718
7863,7718
7944,7734
7996,7752
7985,7765
7817,7755
7820,7768
7874,7769
7850,7792
7944,7801
7927,7811
7942,7816
7903,7820
7912,7819
7889,7819
7871,7874
7896,7840
7897,7852
7972,7869
7986,7869
7981,7861
7995,7889
8022,7907
8067,7916
8089,7918
8042,7925
7987,7930
7915,7950
7909,7938
7917,7939
7914,7951
7905,7932
7895,7959
7884,7928
7882,7951
7851,7958
7852,7949
7836,7952
7863,7953
7829,7961
7830,7954
7838,7953
7785,7942
7806,7972
7837,7935
7820,7963
7800,7970
7815,7948
7790,7965
7822,7972
7791,7955
7804,7923
7798,7953
7774,7985
7802,7961
7792,7967
7778,7966
7805,7959
7786,7958
7778,7942
7799,7962
7782,7932
7757,7966
7764,7954
7765,7946
7766,7969
7747,7963
7772,7949
7778,7967
7790,7966
7802,7963
7801,7947
7823,7960
7799,7968
7829,7933
7807,7967
7853,7962
8002,7928
8089,7961
8204,7961
8231,7955
8345,7985
8427,7983
8436,7989
8399,7998
8454,7999
8489,8016
8493,8015
8488,8023
8479,8029
8462,8044
8447,8066
8410,8061
8424,8059
8395,8081
8389,8093
8478,8085
8480,8097
8502,8125
8572,8123
8491,8113
8555,8128
8438,8138
8444,8136
8427,8157
8625,8146
8680,8163
8599,8193
8568,8198
8544,8200
8559,8208
8653,8207
8697,8213
8668,8225
8558,8231
8591,8241
8632,8259
8691,8251
8675,8266
8537,8275
8633,8262
8670,8292
8665,8291
8561,8295
8693,8324
8710,8309
8621,8327
8516,8345
8673,8357
8761,8371
8533,8355
8555,8369
8790,8372
8726,8381
8628,8394
8771,8404
8667,8404
8650,8410
8779,8421
8708,8439
8656,8440
8743,8438
8576,8457
8703,8462
8699,8463
8734,8472
8706,8483
8695,8496
8800,8497
8743,8503
8715,8526
8879,8531
8671,8532
8894,8537
8761,8553
8811,8567
8839,8565
8738,8573
8889,8601
8793,8586
8851,8602
8768,8605
8953,8614
8893,8630
8922,8622
8855,8632
8899,8665
8854,8661
8916,8668
8885,8668
8886,8683
8804,8684
8895,8697
8984,8711
8903,8718
8982,8726
8858,8720
8786,8737
8772,8737
8802,8742
8960,8738
8666,8750
8864,8747
8687,8754
8674,8753
8717,8744
8581,8747
8721,8758
8555,8753
8757,8752
8812,8752
8517,8765
8788,8764
8645,8756
8677,8756
8708,8759
8646,8758
8737,8752
8617,8755
8737,8759
8644,8769
8585,8753
8742,8760
8546,8753
8625,8748
8797,8750
8598,8758
8758,8765
8639,8760
8750,8753
8659,8758
8533,8761
8685,8753
8547,8753
8709,8758
8649,8756
8729,8760
8715,8751
8571,8752
8609,8758
8651,8753
8582,8755
8781,8766
8537,8752
8784,8774
8875,8762
8573,8760
8801,8758
8612,8765
8686,8758
8638,8753
8563,8760
8715,8754
8689,8752
8680,8755
8682,8758
8652,8752
8748,8750
8618,8750
8695,8756
8765,8757
8708,8758
8751,8764
8554,8754
8864,8747
8684,8749
8601,8754
8729,8758
8590,8749
8715,8757
8790,8764
8693,8758
8706,8755
8674,8759
8691,8754
8650,8752
8600,8758
8811,8769
8550,8767
8795,8746
8708,8751
8583,8768
8778,8755
8572,8751
8695,8745
8603,8747
8683,8749
8802,8757
8604,8759
8795,8771
8703,8748
8539,8760
8697,8760
8531,8749
8682,8752
8707,8754
8700,8766
8728,8764
8645,8751
8787,8755
8655,8755
8651,8753
8774,8755
8605,8769
8828,8754
8796,8758
8761,8755
8776,8742
8629,8753
8631,8761
8642,8755
8591,8745
8809,8756
8539,8759
8684,8749
8750,8746
8630,8749
8745,8759
8574,8753
8690,8758
8555,8760
8732,8750
8775,8764
8572,8767
8838,8761
8680,8757
8607,8756
8745,8769
8555,8747
8697,8759
8806,8759
8666,8760
8761,8762
8675,8748
8830,8738
8763,8755
8724,8761
8724,8747
8621,8754
8756,8751
8752,8765
8731,8754
8741,8758
8635,8757
8727,8753
8667,8759
8706,8761
8734,8753
8672,8755
8740,8747
8641,8754
8601,8758
8627,8765
8550,8757
8779,8750
8607,8756
8682,8754
8785,8762
8638,8761
8809,8760
8632,8759
8572,8741
8675,8759
8603,8765
8766,8764
8743,8752
8791,8769
8841,8749
8604,8755
8779,8758
8595,8750
8577,8756
8703,8750
8558,8754
8751,8765
8825,8754
8653,8760
8753,8755
8624,8764
8686,8761
8577,8755
8717,8760
8685,8759
8671,8751
8729,8758
8589,8747
8602,8757
8647,8746
8532,8746
8824,8758
8521,8754
8773,8762
8731,8752
8579,8753
8882,8755
8694,8765
8600,8768
8650,8768
8673,8766
8768,8761
8734,8755
8725,8765
8703,8760
8635,8768
8726,8752
8637,8758
8665,8762
8773,8757
8629,8763
8798,8762
8695,8751
8757,8765
8674,8759
8529,8751
8771,8768
8559,8761
8655,8753
8775,8744
8587,8754
8794,8747
8686,8762
8566,8760
8743,8750
8603,8771
8706,8747
8661,8756
8789,8756
8740,8745
8623,8753
8778,8752
8656,8757
8681,8755
8629,8753
8563,8761
8841,8755
8807,8760
8751,8762
8800,8764
8590,8752
8805,8748
8601,8748
8655,8760
8780,8761
8633,8752
8737,8767
8731,8750
8680,8758
8636,8760
8574,8753
8741,8769
8553,8756
8643,8759
8770,8755
8636,8743
8868,8760
8650,8757
8605,8759
8704,8749
8607,8756
8770,8760
8623,8760
8707,8767
8740,8758
8661,8763
8770,8758
8672,8745
8691,8745
8643,8759
8626,8748
8745,8749
8712,8759
8761,8757
8663,8745
8579,8764
8702,8765
8572,8753
8749,8766
8744,8752
8697,8741
8790,8769
8650,8761
8770,8758
8666,8753
8529,8756
8730,8755
8618,8761
8734,8748
8796,8750
8670,8759
8780,8756
8648,8761
8615,8769
8651,8761
8613,8752
8776,8760
8638,8758
8730,8754
8744,8749
8598,8758
8762,8747
8624,8766
8690,8760
8566,8748
8632,8766
8771,8755
8672,8753
8794,8761
8691,8744
8586,8762
8692,8755
8619,8756
8674,8758
8689,8751
8660,8761
8776,8758
8612,8759
8860,8763
8642,8747
8623,8753
8805,8754
8604,8754
8731,8765
8760,8755
8666,8758
8815,8770
8683,8750
8621,8757
8666,8755
8634,8755
8826,8753
8566,8754
8767,8762
8753,8747
8601,8752
8734,8744
8644,8752
8686,8755
8641,8753
8650,8766
8763,8755
8673,8751
8774,8767
8654,8753
8577,8754
8731,8769
8561,8737
8691,8757
8777,8744
8665,8756
8776,8747
8670,8754
8791,8765
8670,8753
8677,8745
8693,8746
8702,8756
8754,8756
8771,8746
8775,8761
8780,8756
8565,8757
8681,8746
8613,8767
8655,8758
8782,8755
8579,8748
8813,8767
8676,8748
8474,8756
8754,8743
8582,8751
8678,8764
8626,8761
8577,8756
8789,8762
8708,8759
8763,8763
8662,8758
8629,8744
8708,8755
8626,8751
8687,8755
8716,8780
8654,8759
8815,8758
8675,8751
8785,8756
8680,8767
8644,8755
8698,8761
8635,8767
8796,8763
8701,8759
8573,8765
8717,8759
8597,8767
8734,8753
8570,8762
8620,8758
8764,8762
8602,8761
8743,8746
8640,8750
8414,8736
8636,8743
8492,8743
8674,8737
8616,8724
8594,8720
8679,8710
8332,8718
8550,8702
8370,8691
8387,8693
8573,8680
8403,8652
8480,8671
8428,8669
8349,8648
8375,8640
8316,8631
8329,8629
8331,8622
8281,8611
8326,8615
8254,8597
8290,8582
8314,8592
8286,8575
8324,8557
8249,8557
8285,8553
8239,8530
8297,8524
8147,8526
8256,8516
8208,8518
8161,8491
8270,8491
8229,8485
8332,8467
8294,8471
8280,8453
8309,8449
8229,8433
8323,8413
8341,8434
8250,8419
8261,8419
8330,8411
8237,8394
8281,8378
8302,8377
8219,8355
8156,8363
8260,8344
8147,8347
8162,8324
8443,8326
8395,8319
8243,8300
8058,8297
8252,8298
8170,8289
8079,8254
8166,8267
8189,8274
8188,8265
8076,8266
8033,8238
8127,8230
8139,8224
8081,8202
8020,8198
8028,8217
8121,8186
8128,8186
8071,8162
8025,8184
8029,8146
8051,8157
8125,8137
8207,8145
8020,8137
8074,8122
7995,8108
8030,8112
7995,8101
7977,8090
8044,8075
8079,8089
8079,8059
8109,8060
8030,8041
8023,8060
7977,8051
7925,8016
7986,8034
7894,8019
7925,7985
7936,7997
7954,7976
7885,7995
7969,7960
8012,7983
7991,7966
8048,7949
8029,7955
8059,7961
8064,7961
8093,7959
8085,7966
8120,7984
8109,7953
8120,7948
8122,7933
8124,7982
8143,7952
8139,7949
8153,7961
8124,7930
8177,7942
8125,7985
8154,7964
8150,7937
8166,7979
8178,7960
8171,7973
8182,7961
8172,7955
8189,7949
8158,7962
8168,7930
8155,7957
8165,7947
8145,7951
8175,7973
8164,7937
8169,7955
8138,7946
8166,7952
8179,7945
8178,7943
8179,7955
8143,7957
8171,7977
8153,7939
8153,7970
8179,7973
8132,7963
8144,7967
8130,7969
8089,7980
7973,7953
7812,7980
7794,7959
7695,7937
7582,7960
7557,7938
7513,7918
7396,7915
7397,7921
7463,7898
7390,7895
7433,7873
7447,7854
7453,7872
7428,7854
7446,7861
7481,7852
7482,7808
7468,7818
7438,7817
7379,7818
7334,7792
7364,7812
7359,7773
7369,7781
7404,7780
7400,7759
7394,7761
7299,7739
7278,7737
7329,7739
7347,7717
7449,7701
7425,7727
7352,7699
7334,7687
7323,7684
7372,7676
7406,7677
7313,7664
7277,7639
7286,7636
7333,7646
7214,7638
7267,7618
7388,7593
7368,7604
7479,7602
7074,7589
7282,7581
7188,7576
7068,7563
7230,7558
7233,7536
7198,7538
7109,7524
7259,7524
7184,7518
7142,7504
7188,7513
7141,7496
7081,7494
7265,7482
7101,7472
7070,7457
7182,7456
7107,7443
7192,7428
7215,7435
7116,7415
7167,7410
6957,7408
7100,7399
7192,7393
7113,7387
7190,7380
7012,7358
7259,7353
7062,7350
7112,7331
7158,7327
7138,7324
7162,7327
7050,7316
7028,7312
7090,7289
7081,7287
7035,7270
7043,7277
6951,7257
7058,7259
7046,7236
7009,7254
6974,7231
7072,7217
6998,7217
6917,7211
7020,7198
6890,7185
6997,7187
7022,7182
7055,7168
7018,7172
7150,7159
7231,7161
7106,7173
7086,7172
7123,7154
7115,7145
7245,7158
7130,7156
7315,7160
7208,7155
7098,7151
7209,7154
7040,7163
7204,7154
7029,7152
7260,7153
7333,7147
7183,7151
7328,7148
7270,7162
7173,7152
7374,7146
7148,7157
7243,7156
7310,7154
7200,7154
7295,7154
7231,7142
7327,7147
7215,7156
7206,7150
7326,7159
7164,7153
7246,7155
7321,7164
7263,7158
7358,7149
7212,7151
7169,7159
7167,7150
7167,7148
7279,7157
7215,7159
7191,7141
7114,7153
7150,7147
7177,7157
7164,7159
7221,7159
7193,7157
7252,7150
7306,7154
7084,7149
7275,7161
7082,7154
7127,7160
7183,7153
7040,7147
7260,7157
7342,7145
7163,7162
7275,7157
7164,7152
7282,7152
7158,7142
7145,7149
7397,7155
7184,7151
7381,7144
7233,7154
7317,7159
7274,7161
7072,7147
7212,7159
7114,7156
7234,7152
7292,7144
7141,7144
7266,7154
7229,7144
7207,7158
7330,7155
7188,7157
7217,7152
7206,7145
7321,7154
7290,7150
7170,7146
7365,7157
7225,7161
7200,7154
7177,7148
7162,7170
7329,7161
7269,7160
7255,7168
7354,7154
7132,7151
7377,7158
7088,7151
7188,7162
7371,7151
7142,7163
7260,7159
7127,7144
7319,7150
7264,7162
7132,7159
7162,7155
7216,7157
7226,7158
7206,7157
7256,7150
7217,7150
7167,7152
7125,7152
7201,7148
7064,7151
7237,7145
7123,7158
7264,7152
7316,7146
7111,7156
7310,7160
7099,7159
7196,7157
7172,7158
7207,7159
7380,7151
7183,7159
7352,7150
7150,7149
7081,7151
7218,7157
7067,7155
7164,7165
7292,7148
7168,7144
7279,7151
7251,7155
7313,7152
7278,7162
7204,7157
7196,7161
7129,7167
7237,7167
7317,7157
7221,7157
7306,7141
7250,7172
7133,7156
7259,7156
7168,7154
7277,7158
7133,7147
7210,7154
7251,7144
7179,7156
7331,7162
7134,7166
7215,7151
7122,7149
7210,7159
7273,7156
7131,7136
7277,7150
7219,7164
7170,7151
7268,7157
7189,7149
7186,7165
7209,7157
7231,7154
7233,7154
7128,7158
7334,7158
7147,7158
7134,7170
7250,7151
7104,7151
7266,7161
7358,7155
7156,7150
7336,7156
7195,7150
7165,7157
7233,7155
7130,7151
7300,7147
7087,7138
7238,7148
7279,7168
7154,7153
7210,7156
7087,7164
7233,7170
7149,7151
7143,7150
7247,7161
7146,7160
7252,7154
7167,7148
7189,7138
7211,7145
7108,7157
7330,7155
7256,7147
7223,7156
7304,7153
7203,7161
7327,7157
7298,7152
7121,7159
7302,7154
7161,7164
7258,7159
7339,7149
7281,7154
7342,7167
7153,7167
7265,7159
7145,7158
7238,7155
7293,7158
7220,7166
7248,7150
7245,7154
7114,7150
7248,7159
7113,7151
7144,7161
7279,7162
7220,7144
7212,7156
7235,7162
7293,7144
7223,7155
7188,7150
7194,7151
7265,7143
7217,7156
7252,7163
7217,7156
7270,7153
7185,7132
7197,7161
7163,7147
7122,7161
7272,7152
7113,7151
7316,7165
7239,7155
7084,7151
7170,7152
7077,7163
7228,7157
7067,7147
7181,7148
7246,7154
7226,7148
7227,7144
7188,7158
7231,7157
7180,7156
7120,7141
7240,7154
7300,7149
7199,7157
7300,7165
7203,7164
7350,7164
7330,7156
7032,7145
7264,7157
7143,7161
7214,7151
7351,7159
7215,7144
7336,7157
7197,7157
7257,7156
7185,7168
7185,7149
7242,7155
7026,7159
7221,7155
7230,7156
7078,7162
7198,7166
7153,7145
7265,7164
7166,7161
7216,7158
7238,7163
7201,7161
7319,7156
7224,7158
7112,7149
7279,7150
7114,7156
7189,7154
7270,7150
7217,7162
7265,7156
7130,7165
7332,7156
7214,7148
7095,7158
7312,7139
7064,7152
7372,7160
7305,7145
7353,7149
7245,7159
7131,7157
7230,7162
7155,7151
7192,7162
7234,7152
7161,7159
7180,7154
7269,7154
7242,7150
7222,7174
7186,7147
7305,7150
7214,7164
7158,7165
7316,7158
7181,7153
7326,7156
7219,7155
7104,7159
7208,7153
7103,7155
7282,7153
7376,7160
7220,7155
7322,7146
7157,7152
7376,7155
7192,7152
7189,7157
7271,7157
7173,7151
7334,7161
7230,7153
7288,7151
7184,7144
7207,7152
7278,7158
7210,7150
7274,7157
7273,7148
7165,7154
7292,7149
7306,7146
7109,7151
7289,7152
7124,7145
7092,7158
7229,7154
7193,7158
7179,7156
7184,7161
7278,7144
7230,7152
7222,7166
7184,7153
7136,7154
7409,7162
7257,7154
7333,7157
7221,7134
7077,7163
7274,7152
7139,7149
7159,7156
7267,7159
7139,7160
7259,7152
7310,7151
7248,7151
7277,7157
7187,7151
7248,7155
7208,7146
7128,7159
7324,7153
7148,7153
7275,7159
7241,7166
7161,7160
7266,7161
7144,7169
7239,7165
7217,7150
7238,7138
7307,7140
7122,7156
7388,7155
7219,7155
7266,7183
7236,7151
7305,7162
7442,7164
7362,7175
7497,7179
7441,7187
7397,7197
7499,7214
7522,7202
7513,7216
7495,7228
7514,7232
7527,7239
7563,7253
7491,7261
7557,7268
7558,7262
7516,7265
7582,7280
7602,7301
7603,7301
7615,7300
7576,7322
7578,7328
7674,7342
7611,7335
7659,7354
7605,7364
7532,7370
7623,7374
7569,7381
7716,7399
7740,7394
7669,7402
7700,7413
7607,7423
7679,7435
7626,7431
7697,7442
7708,7451
7625,7468
7739,7468
7768,7473
7681,7484
7730,7499
7735,7506
7669,7506
7764,7517
7765,7528
7610,7551
7674,7542
7674,7548
7691,7562
7665,7558
7815,7578
7690,7590
7705,7592
7850,7608
7807,7614
7720,7607
7745,7620
7877,7629
7795,7645
7745,7643
7789,7662
7844,7677
7843,7668
7814,7678
7772,7689
7818,7691
7911,7687
7924,7696
7825,7719
7790,7738
7862,7733
7884,7733
7932,7753
7956,7761
7805,7750
7823,7771
7856,7808
7833,7781
7911,7794
7927,7802
7950,7813
7903,7807
7883,7836
7849,7853
7868,7869
7869,7851
7950,7859
7971,7875
7958,7874
8013,7865
7998,7891
8022,7884
8023,7909
8026,7908
8027,7926
8030,7943
8021,7923
7992,7950
7883,7965
7893,7952
7864,7960
7889,7955
7835,7937
7856,7966
7799,7937
7860,7952
7840,7967
7827,7970
7874,7967
7809,7937
7811,7970
7821,7957
7820,7935
7798,7955
7810,7952
7775,7939
7800,7948
7818,7948
7791,7948
7817,7957
7797,7960
7791,7960
7800,7962
7808,7959
7773,7933
7784,7942
7803,7955
7786,7958
7776,7948
7764,7945
7780,7979
7773,7937
7798,7959
7779,7954
7765,7967
7766,7961
7768,7949
7792,7962
7789,7958
7801,7948
7781,7948
7810,7942
7812,7950
7798,7955
7841,7954
7872,7961
8006,7958
8033,7978
8170,7972
8277,7976
8376,7973
8421,7988
8411,7976
8431,7999
8462,8013
8468,8019
8466,8026
8449,8035
8483,8036
8453,8048
8447,8048
8465,8062
8427,8063
8369,8076
8405,8087
8450,8092
8481,8092
8530,8111
8568,8121
8504,8120
8502,8115
8453,8147
8438,8143
8463,8161
8605,8156
8680,8192
8649,8182
8548,8186
8529,8194
8538,8201
8643,8207
8677,8217
8611,8216
8590,8238
8602,8245
8634,8248
8671,8261
8563,8261
8570,8267
8635,8294
8706,8282
8604,8303
8545,8320
8636,8316
8644,8329
8526,8334
8503,8342
8700,8344
8750,8371
8468,8355
8594,8377
8672,8388
8582,8374
8672,8391
8806,8432
8628,8410
8661,8419
8771,8416
8605,8445
8678,8448
8761,8447
8622,8459
8751,8477
8773,8478
8682,8479
8778,8490
8765,8510
8659,8499
8756,8520
8743,8520
8847,8526
8646,8546
8846,8548
8712,8557
8777,8565
8720,8557
8854,8567
8813,8594
8784,8598
8868,8607
8829,8612
8919,8623
8865,8634
8861,8635
8848,8632
8923,8656
8853,8666
8887,8674
8845,8678
8926,8693
8981,8676
8874,8707
9026,8708
8904,8709
8860,8732
8832,8730
8778,8745
8794,8745
8674,8760
8862,8747
8640,8744
8675,8739
8635,8741
8674,8750
8798,8757
8720,8749
8783,8748
8736,8742
8600,8758
8776,8749
8596,8752
8718,8763
8710,8759
8737,8756
8842,8758
8510,8758
8768,8759
8632,8750
8607,8764
8748,8752
8588,8745
8652,8763
8744,8747
8651,8758
8728,8753
8676,8735
8653,8767
8576,8753
8591,8761
8775,8760
8621,8753
8752,8766
8560,8762
8649,8766
8682,8756
8579,8754
8631,8761
8496,8763
8614,8762
8811,8756
8614,8750
8796,8765
8697,8758
8675,8761
8740,8751
8573,8762
8781,8765
8720,8755
8736,8753
8755,8755
8539,8765
8775,8759
8614,8755
8617,8761
8823,8764
8574,8755
8736,8766
8714,8765
8760,8757
8727,8755
8574,8747
8664,8766
8526,8755
8639,8752
8796,8757
8633,8756
8717,8753
8722,8748
8600,8755
8730,8760
8609,8756
8712,8763
8630,8753
8818,8750
8835,8760
8597,8757
8785,8745
8636,8758
8633,8764
8651,8760
8546,8751
8684,8757
8743,8756
8633,8748
8829,8753
8646,8756
8788,8757
8627,8758
8605,8758
8845,8764
8624,8755
8711,8765
8640,8759
8744,8759
8708,8756
8561,8745
8675,8752
8554,8751
8628,8768
8763,8752
8641,8756
8808,8753
8670,8756
8574,8756
8835,8744
8575,8757
8706,8769
8636,8757
8697,8754
8767,8761
8621,8759
8759,8754
8675,8761
8647,8760
8643,8750
8589,8753
8830,8753
8713,8759
8706,8764
8767,8745
8566,8759
8785,8777
8521,8768
8684,8759
8888,8754
8658,8768
8824,8757
8723,8751
8775,8753
8765,8766
8582,8759
8606,8751
8623,8750
8671,8765
8753,8759
8680,8756
8778,8753
8670,8754
8647,8766
8685,8752
8663,8755
8723,8763
8572,8757
8796,8752
8802,8755
8638,8765
8820,8774
8611,8743
8673,8759
8616,8758
8660,8751
8697,8759
8590,8763
8827,8766
8665,8749
8578,8759
8762,8757
8583,8763
8732,8772
8812,8768
8598,8755
8759,8756
8687,8760
8849,8766
8743,8760
8548,8763
8683,8757
8561,8744
8720,8755
8847,8748
8596,8755
8738,8760
8674,8755
8574,8764
8740,8753
8618,8743
8810,8754
8575,8762
8692,8753
8787,8770
8602,8755
8687,8757
8487,8757
8670,8747
8658,8757
8605,8753
8715,8751
8631,8753
8797,8757
8715,8758
8540,8761
8730,8746
8568,8766
8655,8765
8776,8745
8670,8773
8763,8763
8679,8759
8787,8755
8724,8763
8672,8740
8699,8755
8634,8761
8756,8758
8792,8756
8689,8761
8842,8763
8576,8752
8653,8754
8626,8754
8606,8749
8790,8764
8560,8755
8739,8752
8735,8755
8587,8756
8776,8760
8601,8740
8695,8746
8587,8751
8614,8752
8762,8761
8673,8759
8774,8745
8675,8751
8597,8754
8752,8754
8566,8757
8778,8746
8795,8761
8663,8759
8787,8754
8691,8763
8810,8757
8741,8764
8638,8759
8762,8769
8576,8754
8779,8756
8749,8751
8697,8749
8753,8758
8629,8762
8717,8750
8580,8754
8670,8756
8726,8760
8636,8752
8807,8753
8738,8748
8570,8750
8725,8746
8547,8751
8685,8762
8635,8756
8600,8753
8780,8751
8707,8758
8767,8761
8719,8760
8621,8766
8705,8763
8678,8763
8716,8757
8683,8772
8749,8761
8765,8754
8639,8749
8812,8762
8669,8753
8695,8758
8838,8752
8581,8758
8786,8766
8764,8757
8740,8754
8724,8744
8553,8748
8629,8762
8656,8760
8602,8764
8746,8756
8658,8754
8791,8749
8659,8774
8574,8750
8736,8757
8586,8746
8682,8763
8600,8758
8644,8755
8753,8761
8653,8751
8807,8762
8714,8745
8607,8763
8742,8740
8646,8760
8728,8760
8730,8762
8767,8762
8802,8757
8534,8753
8756,8759
8643,8750
8665,8752
8724,8748
8576,8753
8817,8767
8701,8779
8724,8756
8657,8747
8519,8757
8800,8752
8587,8756
8649,8770
8819,8755
8651,8752
8816,8759
8689,8757
8550,8762
8734,8759
8568,8760
8673,8749
8671,8762
8692,8759
8814,8762
8692,8755
8802,8763
8670,8755
8664,8756
8668,8763
8602,8756
8801,8764
8745,8751
8787,8763
8769,8750
8543,8752
8763,8752
8640,8755
8667,8754
8739,8763
8602,8751
8738,8762
8741,8751
8743,8763
8702,8750
8627,8753
8789,8754
8604,8765
8688,8769
8684,8750
8635,8753
8786,8759
8643,8752
8554,8754
8740,8770
8558,8767
8682,8748
8584,8755
8777,8753
8791,8756
8571,8750
8796,8765
8563,8752
8624,8757
8670,8748
8548,8768
8735,8758
8773,8755
8723,8761
8702,8751
8620,8761
8729,8762
8634,8760
8650,8757
8747,8767
8645,8748
8787,8763
8707,8756
8739,8761
8747,8761
8607,8755
8651,8750
8672,8756
8659,8756
8740,8759
8695,8750
8750,8756
8656,8758
8578,8763
8667,8761
8621,8752
8786,8761
8619,8760
8792,8755
8694,8762
8586,8773
8729,8759
8590,8751
8665,8769
8575,8749
8455,8750
8588,8749
8479,8738
8704,8761
8515,8732
8323,8717
8499,8722
8355,8701
8494,8694
8486,8699
8463,8687
8475,8682
8268,8675
8568,8654
8454,8663
8417,8652
8311,8632
8373,8625
8290,8628
8343,8617
8273,8616
8314,8594
8243,8598
8347,8579
8333,8578
8293,8567
8296,8556
8219,8552
8306,8550
8181,8546
8342,8527
8158,8533
8194,8517
8294,8500
8249,8487
8322,8494
8221,8471
8307,8464
8251,8473
8243,8445
8308,8451
8285,8434
8293,8440
8269,8437
8216,8416
8267,8406
8277,8406
8222,8385
8305,8379
8271,8379
8301,8374
8229,8352
8295,8334
8157,8361
8317,8323
8412,8325
8424,8309
8101,8304
8153,8304
8286,8301
8179,8297
8101,8293
8092,8269
8164,8261
8120,8247
8040,8253
8026,8230
8143,8236
8123,8227
8096,8222
8025,8223
8028,8202
8109,8193
8155,8180
8062,8187
8055,8174
7975,8158
7964,8137
8135,8143
8146,8140
8072,8126
8098,8122
7995,8118
7978,8108
7972,8102
8028,8086
8064,8069
8062,8072
8083,8064
8034,8054
8062,8034
8018,8041
7973,8025
7939,8040
7959,7992
7968,8009
7850,8028
7935,7990
7970,7971
7985,7952
7984,7967
7992,7974
8017,7957
8054,7952
8023,7964
8046,7957
8102,7951
8057,7949
8090,7980
8110,7953
8116,7953
8149,7952
8085,7947
8129,7957
8120,7946
8128,7967
8175,7957
8145,7955
8141,7966
8143,7966
8100,7973
8145,7952
8182,7960
8151,7948
8173,7961
8174,7958
8161,7951
8134,7946
8147,7958
8156,7944
8140,7953
8184,7955
8150,7946
8166,7955
8169,7958
8144,7938
8152,7957
8141,7969
8172,7956
8164,7967
8153,7962
8142,7958
8121,7943
8148,7962
8133,7934
8147,7944
8155,7965
8144,7953
8121,7938
8065,7942
7988,7960
7839,7958
7715,7953
7695,7930
7534,7934
7517,7934
7534,7919
7429,7907
7427,7930
7414,7892
7405,7873
7449,7878
7415,7865
7417,7871
7434,7857
7459,7855
7452,7850
7483,7832
7482,7821
7431,7825
7340,7819
7323,7795
7352,7800
7361,7786
7447,7781
7461,7770
7408,7761
7396,7757
7331,7760
7269,7758
7336,7712
7389,7724
7415,7709
7378,7705
7315,7697
7329,7684
7313,7676
7419,7674
7318,7666
7310,7668
7259,7657
7330,7635
7388,7645
7313,7641
7206,7619
7300,7609
7284,7611
7219,7589
7129,7590
7226,7576
7232,7572
7092,7557
7305,7552
7188,7558
7200,7544
7150,7536
7235,7527
7240,7517
7158,7510
7238,7498
7191,7499
7113,7498
7242,7474
7165,7470
7156,7460
7251,7444
7036,7443
7167,7443
7134,7428
7142,7427
7186,7419
7009,7413
7267,7400
7189,7391
7088,7374
7248,7378
7071,7357
7142,7357
7048,7344
7126,7336
7094,7322
7099,7327
7056,7314
7108,7306
7084,7295
7055,7291
7060,7277
7109,7277
6998,7269
7026,7260
7009,7254
6934,7243
6981,7229
6959,7233
6974,7225
7016,7209
6943,7195
6975,7192
6895,7192
7004,7185
7069,7170
7097,7176
7053,7178
7067,7161
7105,7160
7094,7168
7082,7159
7171,7156
7217,7170
7160,7156
7079,7152
7185,7156
7075,7161
7127,7148
7371,7159
7063,7148
7290,7160
7150,7156
7093,7156
7275,7162
7146,7142
7152,7158
7297,7151
7199,7152
7300,7149
7216,7153
7346,7156
7282,7157
7180,7153
7258,7159
7197,7157
7215,7150
7388,7151
7232,7158
7317,7156
7290,7150
7179,7157
7269,7148
7167,7150
7271,7141
7242,7164
7277,7152
7235,7164
7171,7156
7299,7151
7054,7171
7119,7156
7145,7151
7154,7147
7251,7150
7196,7156
7192,7157
7282,7161
7110,7171
7281,7162
7104,7150
7196,7160
7243,7164
7177,7157
7250,7152
7158,7163
7290,7155
7277,7152
7180,7152
7293,7159
7136,7149
7218,7145
7304,7152
7169,7150
7381,7153
7212,7138
7137,7157
7164,7151
7154,7159
7344,7142
7105,7159
7223,7170
7248,7137
7149,7157
7272,7154
7179,7166
7152,7150
7295,7158
7252,7147
7256,7153
7264,7152
7274,7158
7188,7151
7107,7152
7207,7158
7077,7152
7298,7161
7324,7153
7251,7160
7343,7158
7203,7157
7350,7157
7201,7151
7117,7168
7251,7154
7187,7139
7277,7156
7278,7148
7284,7167
7222,7156
7106,7164
7195,7149
7047,7164
7137,7158
7270,7154
7073,7153
7200,7162
7172,7160
7168,7152
7295,7145
7139,7143
7111,7151
7158,7152
7123,7145
7309,7157
7209,7141
7285,7157
7242,7159
7152,7157
7245,7163
7143,7151
7167,7168
7281,7138
7244,7154
7274,7155
7154,7150
7374,7154
7163,7147
7081,7168
7401,7150
7131,7154
7283,7153
7245,7159
7252,7153
7308,7147
7178,7157
7156,7156
7208,7154
7159,7140
7209,7157
7225,7155
7211,7154
7275,7154
7145,7160
7188,7155
7095,7155
7231,7156
7212,7157
7265,7148
7360,7156
7129,7162
7354,7152
7233,7146
7103,7165
7266,7148
7117,7157
7218,7154
7273,7167
7210,7157
7236,7158
7152,7146
7217,7147
7056,7152
7153,7155
7250,7164
7117,7161
7182,7150
7192,7154
7252,7153
7223,7155
7166,7169
7147,7156
7112,7151
7209,7161
7327,7148
7162,7156
7255,7165
7217,7152
7134,7142
7365,7156
7138,7155
7203,7158
7180,7147
7208,7148
7321,7157
7197,7157
7332,7154
7214,7160
7136,7164
7179,7146
7130,7172
7277,7154
7237,7154
7194,7153
7253,7161
7158,7142
7267,7163
7132,7151
7203,7157
7293,7158
7172,7160
7243,7161
7214,7160
7329,7154
7233,7151
7123,7164
7236,7148
7206,7154
7162,7157
7282,7150
7171,7151
7303,7141
7197,7152
7146,7162
7248,7145
7077,7149
7281,7143
7099,7154
7296,7155
7384,7151
7157,7159
7268,7150
7186,7167
7182,7156
7185,7154
7160,7154
7219,7153
7287,7140
7187,7142
7217,7156
7200,7157
7206,7152
7178,7148
7240,7156
7286,7151
7230,7157
7157,7163
7221,7159
7276,7160
7272,7154
7119,7161
7182,7170
7143,7152
7251,7158
7283,7151
7228,7162
7318,7156
7133,7160
7205,7147
7128,7151
7142,7161
7282,7156
7070,7153
7253,7152
7211,7155
7117,7153
7271,7149
7142,7165
7257,7147
7178,7160
7203,7150
7265,7154
7265,7166
7330,7160
7298,7154
7161,7153
7338,7149
7207,7153
7083,7150
7327,7156
7093,7148
7259,7157
7263,7161
7201,7153
7269,7148
7144,7162
7262,7158
7150,7155
7311,7151
7342,7153
7238,7158
7317,7152
7189,7166
7162,7158
7170,7157
7135,7146
7239,7153
7126,7150
7214,7154
7245,7158
7228,7150
7199,7168
7126,7150
7275,7159
7191,7167
7147,7148
7273,7158
7253,7137
7298,7158
7232,7147
7105,7154
7261,7160
7080,7151
7168,7161
7377,7154
7120,7155
7340,7153
7199,7155
7401,7158
7186,7152
7132,7157
7231,7163
7117,7156
7285,7158
7274,7150
7214,7147
7248,7153
7249,7158
7278,7158
7214,7153
7319,7146
7240,7150
7169,7157
7306,7156
7244,7157
7147,7152
7318,7158
7142,7153
7154,7165
7175,7153
7130,7154
7281,7151
7240,7159
7306,7148
7288,7157
7192,7149
7258,7141
7158,7157
7324,7170
7333,7154
7328,7170
7282,7159
7066,7152
7305,7158
7176,7161
7142,7150
7297,7167
7159,7163
7321,7150
7317,7145
7268,7150
7289,7146
7238,7156
7228,7158
7270,7152
7135,7148
7258,7160
7140,7136
7228,7155
7272,7147
7194,7158
7251,7147
7154,7155
7159,7150
7176,7139
7208,7150
7300,7148
7148,7150
7411,7160
7190,7147
7167,7164
7217,7152
7109,7165
7331,7156
7282,7160
7224,7146
7317,7154
7237,7151
7226,7147
7299,7145
7303,7154
7207,7154
7213,7156
7287,7158
7293,7161
7226,7154
7305,7142
7197,7158
7217,7151
7175,7149
7186,7158
7325,7156
7137,7146
7272,7161
7342,7139
7167,7161
7353,7158
7175,7149
7246,7163
7231,7147
7349,7158
7349,7154
7289,7172
7439,7163
7298,7176
7372,7188
7434,7190
7378,7195
7459,7208
7504,7210
7493,7217
7497,7220
7496,7232
7474,7229
7582,7245
7550,7257
7506,7250
7528,7278
7563,7276
7542,7277
7578,7321
7597,7319
7571,7298
7613,7321
7585,7322
7648,7332
7591,7347
7602,7352
7648,7349
7666,7368
7655,7375
7546,7393
7717,7387
7670,7402
7598,7401
7737,7420
7610,7418
7658,7419
7621,7448
7646,7445
7724,7450
7730,7467
7674,7477
7705,7477
7661,7477
7741,7479
7733,7490
7676,7507
7745,7522
7689,7515
7739,7523
7860,7530
7720,7547
7707,7561
7622,7564
7823,7570
7673,7586
7706,7583
7750,7596
7773,7619
7754,7617
7749,7612
7862,7625
7789,7634
7728,7646
7818,7659
7815,7675
7822,7661
7809,7681
7761,7695
7854,7683
7929,7692
7924,7702
7843,7729
7766,7733
7865,7735
7933,7715
7938,7744
7929,7762
7795,7766
7812,7774
7879,7783
7887,7773
7915,7800
7937,7806
7951,7816
7941,7821
7921,7818
7918,7856
7884,7857
7877,7848
7939,7861
8007,7864
7973,7875
7986,7885
8030,7877
8010,7921
8050,7919
8080,7902
8031,7927
7933,7943
8042,7938
8001,7936
7897,7966
7964,7955
7888,7931
7909,7942
7833,7941
7852,7959
7842,7931
7842,7938
7828,7931
7824,7968
7844,7957
7837,7955
7809,7956
7814,7944
7811,7958
7808,7949
7864,7950
7832,7942
7821,7975
7814,7956
7810,7969
7799,7925
7797,7956
7806,7964
7782,7937
7796,7939
7783,7942
7849,7967
7784,7957
7785,7936
7769,7952
7785,7949
7793,7966
7792,7965
7797,7955
7780,7944
7815,7956
7773,7947
7763,7944
7807,7958
7801,7959
7775,7962
7780,7961
7838,7958
7815,7982
7846,7944
7837,7959
7867,7960
7970,7945
8095,7965
8159,7967
8307,7962
8317,7972
8372,7977
8441,7983
8429,7993
8449,8008
8483,8019
8471,8024
8498,8038
8438,8031
8455,8043
8436,8048
8421,8054
8401,8063
8392,8078
8440,8087
8514,8083
8500,8102
8522,8106
8525,8117
8585,8126
8550,8142
8434,8136
8424,8153
8435,8156
8622,8162
8631,8174
8654,8184
8536,8184
8540,8197
8564,8198
8644,8219
8651,8214
8542,8233
8560,8235
8631,8242
8640,8256
8677,8263
8608,8264
8580,8280
8642,8269
8698,8284
8663,8300
8594,8309
8714,8311
8694,8326
8559,8334
8549,8331
8680,8353
8744,8354
8633,8361
8659,8368
8757,8374
8605,8391
8737,8409
8708,8403
8625,8407
8672,8423
8710,8432
8646,8435
8713,8438
8757,8466
8668,8471
8760,8462
8710,8472
8682,8480
8741,8490
8735,8494
8862,8506
8860,8512
8712,8533
8838,8528
8739,8540
8861,8542
8731,8552
8874,8565
8769,8570
8811,8573
8854,8588
8822,8587
8889,8604
8790,8612
8831,8613
8880,8632
8885,8625
8822,8646
8921,8656
8842,8667
8883,8667
8922,8668
8914,8688
8875,8698
8875,8697
8957,8711
8865,8718
8925,8724
8951,8734
8753,8726
8857,8737
8734,8751
8840,8741
8633,8749
8798,8746
8749,8750
8777,8768
8816,8749
8624,8757
8571,8754
8648,8758
8617,8754
8803,8762
8622,8752
8759,8756
8705,8755
8588,8745
8746,8764
8598,8759
8684,8766
8542,8766
8629,8753
8784,8766
8676,8743
8699,8758
8662,8754
8660,8760
8671,8746
8686,8752
8672,8763
8723,8752
8653,8747
8705,8751
8544,8760
8739,8748
8506,8762
8588,8758
8775,8755
8531,8756
8644,8758
8741,8765
8630,8755
8793,8766
8601,8745
8675,8766
8651,8757
8702,8748
8831,8748
8602,8752
8799,8758
8688,8748
8587,8756
8734,8746
8564,8753
8709,8764
8562,8756
8590,8766
8817,8745
8667,8758
8800,8765
8641,8755
8592,8766
8680,8760
8665,8764
8710,8751
8674,8750
8751,8748
8734,8762
8631,8754
8724,8751
8588,8757
8603,8754
8793,8749
8610,8771
8732,8743
8746,8750
8800,8755
8877,8763
8592,8756
8682,8756
8596,8758
8661,8763
8735,8766
8531,8748
8688,8755
8715,8755
8662,8757
8670,8753
8594,8756
8709,8762
8592,8753
8674,8756
8817,8767
8618,8775
8750,8761
8595,8758
8686,8749
8657,8757
8597,8758
8758,8753
8700,8768
8671,8761
8771,8750
8580,8751
8816,8750
8663,8746
8604,8759
8773,8761
8653,8760
8780,8752
8683,8753
8735,8756
8712,8754
8601,8763
8706,8758
8558,8745
8694,8760
8815,8755
8649,8752
8839,8746
8649,8752
8662,8763
8554,8764
8585,8762
8763,8763
8579,8759
8693,8756
8762,8749
8617,8769
8744,8753
8674,8757
8697,8761
8641,8758
8604,8763
8682,8763
8701,8762
8793,8759
8791,8756
8592,8751
8781,8735
8644,8752
8653,8757
8766,8753
8618,8753
8731,8754
8742,8763
8682,8747
8748,8753
8670,8754
8709,8759
8551,8755
8765,8766
8818,8731
8699,8753
8721,8770
8547,8754
8704,8759
8618,8747
8589,8759
8744,8752
8581,8750
8755,8759
8763,8757
8534,8760
8769,8762
8589,8752
8545,8746
8691,8748
8613,8751
8815,8763
8711,8757
8713,8751
8797,8766
8649,8761
8658,8755
8597,8762
8701,8750
8742,8755
8676,8753
8763,8759
8633,8758
8735,8765
8673,8750
8572,8761
8664,8761
8557,8760
8683,8760
8774,8750
8629,8754
8787,8748
8652,8760
8659,8757
8682,8748
8548,8765
8706,8765
8732,8745
8766,8760
8744,8752
8549,8759
8763,8753
8613,8761
8650,8763
8799,8760
8634,8757
8761,8748
8691,8758
8747,8748
8788,8763
8622,8764
8753,8746
8572,8758
8757,8753
8794,8762
8721,8766
8799,8753
8592,8764
8623,8761
8685,8757
8595,8762
8684,8744
8562,8758
8650,8762
8820,8749
8660,8751
8783,8760
8604,8755
8600,8761
8686,8756
8623,8762
8831,8749
8715,8744
8757,8754
8763,8764
8594,8751
8739,8755
8643,8750
8674,8753
8721,8759
8658,8755
8763,8766
8651,8750
8769,8755
8702,8756
8648,8755
8801,8760
8516,8758
8778,8768
8825,8741
8638,8756
8761,8763
8583,8759
8576,8757
8691,8743
8555,8752
8688,8766
8558,8750
8722,8758
8736,8750
8632,8766
8753,8770
8633,8759
8639,8753
8626,8750
8637,8750
8761,8760
8666,8763
8762,8759
8725,8754
8620,8764
8767,8757
8620,8762
8696,8764
8777,8753
8766,8769
8837,8752
8616,8766
8807,8763
8736,8756
8590,8760
8708,8755
8566,8759
8682,8753
8759,8748
8652,8747
8764,8755
8620,8747
8682,8756
8624,8756
8652,8751
8794,8749
8602,8745
8754,8761
8730,8748
8528,8761
8766,8750
8625,8757
8579,8762
8753,8759
8623,8760
8710,8757
8696,8763
8779,8751
8694,8753
8669,8754
8701,8757
8580,8748
8714,8759
8734,8760
8771,8768
8747,8762
8535,8757
8763,8745
8661,8756
8627,8750
8726,8753
8558,8762
8775,8747
8832,8754
8652,8756
8755,8757
8632,8756
8676,8769
8622,8762
8642,8759
8720,8759
8625,8764
8783,8757
8709,8765
8565,8766
8794,8751
8630,8755
8621,8762
8646,8762
8730,8761
8832,8763
8610,8753
8782,8767
8649,8757
8620,8766
8675,8762
8534,8764
8733,8753
8783,8749
8698,8757
8739,8764
8675,8758
8685,8761
8674,8749
8671,8759
8760,8762
8662,8757
8763,8756
8722,8756
8746,8761
8677,8758
8579,8754
8706,8739
8606,8762
8574,8758
8765,8768
8607,8771
8858,8758
8693,8742
8575,8766
8763,8744
8556,8760
8705,8755
8583,8749
8717,8764
8743,8761
8573,8753
8750,8758
8649,8755
8664,8775
8602,8763
8493,8768
8785,8751
8868,8748
8598,8754
8810,8762
8665,8754
8751,8772
8701,8746
8603,8757
8663,8760
8672,8756
8653,8755
8719,8744
8705,8765
8720,8748
8636,8751
8685,8759
8633,8758
8681,8755
8758,8750
8644,8756
8756,8752
8635,8753
8639,8748
8562,8755
8542,8754
8729,8761
8570,8751
8695,8761
8692,8751
8546,8746
8598,8746
8446,8747
8451,8739
8495,8735
8406,8731
8639,8714
8489,8697
8522,8701
8419,8696
8286,8692
8391,8673
8364,8669
8489,8658
8391,8667
8386,8650
8350,8641
8369,8640
8327,8627
8384,8621
8276,8606
8269,8599
8281,8597
8362,8591
8238,8577
8286,8571
8316,8553
8272,8551
8258,8546
8147,8535
8352,8521
8132,8508
8208,8507
8327,8500
8222,8503
8234,8492
8172,8477
8378,8472
8235,8469
8329,8458
8357,8445
8247,8452
8305,8432
8322,8428
8247,8423
8313,8402
8252,8401
8245,8397
8290,8382
8273,8372
8248,8374
8168,8359
8242,8349
8082,8340
8234,8336
8414,8319
8276,8329
8173,8313
8154,8310
8132,8289
8196,8307
8144,8283
8162,8265
8125,8249
8099,8250
8032,8248
8103,8248
8117,8250
8067,8237
8051,8222
8050,8215
8053,8195
8118,8189
8100,8185
8055,8170
8046,8170
8039,8149
8067,8157
8127,8141
8168,8147
8021,8114
8104,8101
7989,8085
7979,8106
7974,8105
7993,8073
8070,8087
8092,8083
8099,8056
8047,8062
8056,8056
7992,8032
7974,8033
7977,8016
7986,8010
7929,8030
7890,8002
7866,7994
7893,7994
7943,7998
7956,7984
8015,7974
8043,7981
8048,7961
8051,7971
8048,7982
8084,7963
8067,7962
8095,7961
8085,7943
8125,7941
8144,7952
8119,7945
8146,7960
8148,7961
8144,7952
8169,7934
8162,7986
8168,7948
8156,7951
8148,7960
8147,7969
8146,7942
8165,7947
8158,7976
8141,7944
8184,7964
8158,7952
8160,7965
8172,7956
8161,7953
8169,7944
8153,7956
8156,7965
8154,7962
8189,7941
8162,7951
8155,7973
8143,7953
8160,7980
8136,7945
8144,7932
8157,7971
8138,7968
8202,7947
8141,7971
8140,7941
8141,7971
8144,7955
8061,7951
7934,7952
7871,7951
7773,7913
7655,7947
7643,7905
7552,7925
7566,7922
7482,7921
7461,7911
7463,7897
7467,7885
7390,7873
7406,7887
7436,7866
7450,7859
7424,7847
7497,7836
7474,7835
7447,7825
7419,7823
7389,7817
7359,7806
7322,7786
7325,7782
7391,7774
7409,7766
7378,7762
7419,7745
7317,7744
7290,7739
7340,7732
7391,7726
7398,7710
7403,7705
7312,7697
7324,7689
7327,7683
7418,7675
7342,7662
7274,7649
7264,7655
7332,7643
7337,7615
7353,7643
7245,7615
7339,7612
7479,7608
7301,7594
7121,7588
7329,7572
7252,7572
7099,7551
7312,7564
7236,7549
7230,7538
7195,7525
7217,7515
7182,7510
7113,7505
7209,7508
7163,7497
7069,7486
7161,7475
7138,7460
7114,7472
7243,7440
7075,7442
7213,7432
7225,7431
7124,7409
7229,7417
7040,7403
7199,7396
7176,7387
7075,7382
7213,7384
7045,7365
7223,7349
7103,7359
7149,7338
7124,7333
7171,7325
7105,7322
7094,7298
7052,7310
6985,7294
7084,7277
7085,7279
7004,7263
7024,7265
7073,7250
7100,7241
7002,7239
6973,7227
7005,7208
6932,7211
6916,7208
7006,7195
6919,7184
7030,7187
7082,7183
7094,7169
7110,7159
7082,7159
7200,7164
7215,7156
7111,7161
7205,7156
7194,7154
7208,7162
7098,7158
7192,7160
7371,7153
7141,7150
7336,7154
7069,7145
7089,7166
7060,7161
7113,7147
7295,7148
7101,7160
7195,7155
7318,7156
7183,7146
7385,7158
7193,7152
7167,7160
7249,7161
7227,7151
7263,7147
7362,7156
7297,7171
7413,7151
7241,7168
7337,7153
7286,7155
7201,7150
7332,7154
7184,7153
7341,7155
7281,7151
7290,7168
7197,7150
7174,7154
7322,7144
7117,7154
7192,7155
7192,7153
7175,7142
7291,7159
7184,7158
7119,7156
7309,7163
7163,7152
7139,7158
7221,7158
7214,7157
7205,7151
7115,7159
7239,7154
7108,7160
7187,7156
7319,7149
7164,7142
7398,7152
7263,7156
7284,7156
7295,7140
7106,7153
7229,7145
7175,7148
7199,7163
7322,7156
7186,7153
7312,7154
7142,7151
7117,7163
7189,7153
7119,7158
7293,7149
7137,7154
7188,7156
7228,7155
7242,7146
7307,7147
7195,7150
7256,7156
7252,7153
7166,7155
7319,7154
7283,7155
7356,7152
7326,7154
7134,7157
7308,7162
7156,7146
7250,7153
7315,7151
7166,7140
7350,7148
7222,7155
7373,7155
7191,7156
7147,7155
7310,7152
7057,7153
7251,7156
7259,7157
7201,7165
7293,7156
7234,7151
7177,7158
7200,7147
7152,7156
7206,7157
7133,7151
7174,7156
7297,7150
7107,7153
7300,7147
7139,7156
7162,7160
7223,7155
7184,7146
7272,7152
7158,7158
7310,7156
7289,7147
7128,7145
7273,7151
7091,7154
7282,7152
7370,7151
7179,7153
7337,7154
7129,7163
7255,7162
7159,7161
7107,7160
7251,7148
7131,7156
7178,7156
7230,7145
7226,7151
7199,7157
7193,7155
7106,7156
7253,7143
7099,7160
7289,7154
7125,7156
7286,7146
7310,7160
7112,7149
7359,7159
7183,7155
7182,7162
7235,7149
7171,7150
7328,7154
7268,7145
7244,7150
7283,7152
7214,7151
7227,7162
7125,7155
7228,7151
7270,7145
7192,7159
7222,7145
7172,7159
7220,7157
7161,7156
7168,7162
7251,7149
7128,7151
7216,7163
7269,7143
7280,7154
7321,7153
7126,7157
7143,7156
7244,7155
7160,7141
7229,7163
7143,7153
7251,7152
7258,7142
7244,7153
7207,7150
7114,7151
7159,7158
7128,7158
7238,7160
7344,7147
7124,7140
7291,7158
7176,7151
7151,7147
7228,7149
7126,7163
7196,7152
7271,7142
7197,7155
7197,7166
7216,7154
7210,7162
7161,7147
7198,7155
7328,7161
7173,7157
7298,7168
7241,7146
7262,7154
7335,7143
7173,7142
7219,7163
7207,7151
7167,7149
7358,7145
7143,7153
7316,7144
7250,7159
7175,7162
7283,7152
7140,7154
7226,7158
7080,7159
7202,7172
7336,7141
7234,7146
7238,7152
7233,7152
7297,7152
7213,7152
7228,7151
7248,7166
7273,7149
7291,7168
7262,7153
7160,7178
7284,7151
7227,7155
7076,7155
7232,7160
7143,7151
7190,7156
7238,7154
7273,7155
7288,7160
7138,7149
7154,7166
7217,7166
7292,7156
7304,7160
7190,7158
7332,7145
7154,7147
7097,7161
7204,7147
7149,7165
7168,7154
7112,7166
7213,7156
7276,7146
7188,7156
7287,7158
7240,7155
7207,7154
7275,7145
7147,7153
7201,7155
7300,7157
7184,7153
7311,7153
7161,7159
7353,7155
7206,7148
7150,7161
7348,7149
7103,7159
7333,7150
7218,7153
7346,7152
7265,7154
7109,7147
7204,7156
7171,7166
7237,7160
7274,7159
7201,7171
7202,7161
7235,7163
7246,7156
7235,7166
7233,7159
7213,7151
7125,7166
7261,7157
7224,7148
7154,7153
7330,7160
7174,7151
7087,7154
7178,7143
7065,7156
7233,7153
7294,7164
7189,7157
7344,7161
7192,7169
7323,7152
7159,7161
7198,7155
7325,7158
7212,7155
7305,7151
7160,7157
7289,7160
7219,7151
7113,7157
7232,7164
7177,7148
7271,7157
7249,7152
7253,7161
7264,7161
7315,7151
7229,7163
7255,7161
7154,7154
7270,7164
7131,7152
7137,7161
7294,7148
7223,7164
7309,7159
7162,7155
7181,7164
7206,7149
7141,7144
7354,7162
7252,7154
7330,7154
7268,7158
7093,7163
7243,7146
7147,7154
7222,7154
7324,7148
7164,7160
7298,7141
7261,7154
7211,7158
7327,7162
7262,7154
7185,7152
7208,7159
7212,7158
7289,7159
7143,7151
7253,7180
7262,7147
7223,7149
7241,7139
7173,7157
7279,7157
7146,7155
7284,7148
7341,7140
7206,7162
7295,7157
7133,7155
7227,7152
7182,7144
7225,7162
7271,7154
7106,7156
7338,7159
7226,7150
7129,7154
7244,7163
7206,7149
7270,7150
7197,7151
7275,7162
7274,7156
7237,7163
7290,7148
7287,7152
7061,7150
7229,7148
7191,7151
7217,7155
7335,7156
7192,7158
7316,7146
7222,7162
7174,7150
7327,7154
7125,7155
7337,7146
7157,7137
7258,7158
7289,7157
7192,7159
7357,7167
7369,7175
7455,7165
7331,7174
7458,7175
7437,7195
7446,7199
7495,7209
7511,7203
7437,7212
7461,7231
7481,7225
7556,7242
7478,7247
7500,7253
7465,7253
7613,7255
7496,7290
7558,7292
7595,7289
7627,7290
7586,7320
7587,7323
7540,7330
7599,7335
7602,7345
7603,7341
7614,7363
7629,7370
7653,7384
7538,7398
7618,7392
7658,7405
7633,7395
7577,7406
7614,7426
7710,7435
7634,7429
7768,7442
7720,7444
7700,7445
7721,7467
7741,7480
7713,7468
7674,7504
7744,7494
7742,7508
7754,7528
7767,7529
7660,7532
7829,7530
7692,7563
7762,7558
7647,7575
7741,7585
7661,7596
7719,7582
7825,7602
7831,7609
7734,7620
7769,7603
7830,7637
7775,7646
7705,7649
7830,7654
7856,7643
7846,7666
7813,7681
7752,7682
7888,7696
7868,7710
7867,7730
7810,7716
7770,7735
7893,7723
7889,7736
7943,7731
7984,7752
7799,7778
7852,7780
7824,7767
7891,7790
7947,7807
7977,7805
7936,7823
7877,7826
7905,7826
7930,7817
7825,7845
7907,7841
7949,7856
7999,7873
7969,7876
8008,7875
8020,7895
8029,7896
8069,7902
8044,7910
8023,7927
7977,7926
7986,7939
7947,7919
7919,7933
7864,7937
7869,7923
7882,7950
7854,7939
7825,7967
7887,7956
7821,7938
7852,7962
7845,7953
7836,7964
7827,7961
7833,7945
7821,7963
7837,7941
7823,7954
7838,7920
7820,7939
7826,7941
7820,7970
7835,7941
7820,7952
7790,7949
7781,7955
7795,7949
7792,7949
7784,7954
7800,7942
7800,7957
7805,7959
7786,7966
7757,7943
7802,7957
7765,7962
7764,7962
7787,7941
7765,7952
7771,7932
7793,7936
7812,7959
7786,7972
7789,7944
7804,7969
7801,7956
7816,7951
7825,7957
7840,7953
7939,7962
8007,7966
8091,7963
8198,7974
8338,7966
8322,7966
8354,7986
8408,7995
8420,8000
8471,8001
8466,8033
8498,8011
8485,8018
8490,8043
8449,8041
8452,8056
8413,8049
8416,8062
8393,8076
8405,8079
8495,8083
8500,8100
8511,8099
8492,8127
8496,8117
8440,8134
8455,8138
8428,8162
8557,8151
8603,8167
8664,8180
8605,8176
8535,8182
8516,8199
8613,8200
8665,8213
8631,8223
8650,8234
8548,8244
8620,8244
8637,8246
8665,8266
8551,8262
8561,8285
8659,8297
8656,8296
8568,8298
8548,8298
8712,8327
8647,8320
8492,8333
8505,8338
8662,8342
8652,8360
8563,8361
8586,8376
8630,8383
8696,8390
8667,8396
8746,8407
8645,8416
8659,8427
8776,8424
8642,8438
8764,8448
8760,8452
8637,8459
8817,8468
8736,8483
8694,8484
8746,8492
8678,8500
8856,8502
8729,8522
8808,8517
8818,8525
8730,8539
8874,8567
8736,8555
8827,8568
8750,8574
8881,8578
8821,8587
8816,8594
8832,8596
8876,8633
8865,8606
8882,8629
8862,8639
8894,8643
8869,8638
8940,8668
8843,8670
8904,8673
8837,8666
8938,8691
8830,8692
8961,8707
8880,8734
8808,8720
8930,8736
8765,8742
8886,8740
8696,8746
8908,8752
8774,8743
8607,8748
8734,8751
8613,8751
8697,8763
8633,8760
8655,8747
8788,8752
8623,8745
8842,8756
8600,8750
8582,8759
8669,8755
8600,8753
8687,8745
8686,8750
8688,8768
8673,8749
8532,8756
8742,8762
8633,8755
8641,8753
8754,8753
8662,8752
8758,8751
8768,8761
8754,8744
8710,8747
8503,8757
8708,8758
8536,8755
8699,8762
8712,8757
8653,8759
8713,8765
8635,8760
8496,8749
8630,8751
8591,8761
8753,8769
8581,8749
8764,8770
8776,8751
8588,8750
8884,8749
8631,8747
8608,8760
8689,8761
8611,8747
8737,8767
8714,8753
8702,8758
8750,8755
8688,8757
8766,8751
8668,8759
8621,8754
8807,8754
8574,8761
8831,8753
8672,8768
8774,8762
8645,8759
8674,8753
8774,8748
8613,8760
8677,8757
8817,8755
8658,8761
8804,8756
8665,8753
8633,8770
8633,8744
8623,8757
8806,8753
8586,8761
8783,8752
8755,8754
8593,8752
8741,8764
8610,8756
8672,8750
8590,8758
8669,8763
8804,8762
8710,8758
8745,8761
8677,8765
8583,8761
8733,8754
8551,8758
8654,8757
8793,8756
8649,8748
8767,8750
8683,8754
8735,8744
8708,8760
8596,8734
8818,8753
8541,8764
8673,8754
8719,8752
8725,8764
8856,8764
8502,8755
8689,8745
8638,8742
8626,8767
8763,8755
8546,8750
8716,8759
8800,8746
8598,8749
8788,8754
8591,8751
8731,8760
8537,8757
8683,8764
8883,8750
8661,8747
8785,8759
8612,8756
8623,8758
8696,8754
8567,8755
8687,8760
8795,8755
8656,8760
8831,8760
8620,8742
8755,8750
8651,8755
8564,8758
8740,8759
8580,8753
8665,8750
8804,8756
8668,8756
8778,8768
8696,8750
8647,8758
8664,8757
8665,8770
8667,8761
8745,8761
8716,8750
8641,8742
8589,8744
8738,8757
8555,8746
8759,8751
8516,8760
8720,8756
8825,8758
8604,8760
8761,8747
8654,8761
8548,8742
8723,8759
8545,8755
8631,8754
8825,8750
8666,8751
8781,8758
8667,8754
8834,8748
8620,8753
8608,8763
8753,8747
8585,8750
8744,8762
8743,8751
8731,8759
8801,8750
8613,8762
8614,8749
8620,8762
8626,8749
8814,8752
8611,8767
8731,8763
8602,8753
8603,8759
8746,8761
8527,8762
8572,8757
8585,8759
8635,8759
8838,8754
8586,8761
8728,8755
8679,8747
8551,8761
8699,8756
8525,8763
8760,8751
8773,8753
8728,8757
8761,8748
8586,8752
8795,8762
8690,8771
8595,8765
8695,8755
8625,8755
8727,8762
8706,8753
8769,8757
8778,8749
8610,8751
8707,8764
8554,8756
8702,8763
8762,8760
8599,8756
8782,8753
8692,8754
8515,8768
8680,8766
8556,8765
8635,8753
8548,8746
8613,8758
8811,8765
8672,8751
8782,8758
8647,8764
8741,8751
8640,8749
8653,8757
8758,8760
8705,8755
8785,8758
8790,8753
8595,8755
8805,8759
8654,8752
8667,8759
8793,8758
8679,8774
8832,8747
8635,8761
8815,8753
8727,8755
8580,8762
8669,8757
8492,8743
8627,8752
8793,8742
8620,8755
8715,8773
8682,8735
8636,8767
8662,8755
8578,8757
8745,8750
8614,8761
8710,8754
8750,8763
8589,8756
8786,8751
8644,8755
8585,8751
8668,8756
8558,8759
8762,8757
8759,8748
8718,8767
8821,8755
8601,8753
8791,8762
8608,8760
8699,8772
8808,8757
8674,8751
8780,8757
8592,8763
8798,8762
8712,8750
8539,8756
8762,8763
8543,8757
8707,8762
8922,8764
8653,8750
8779,8759
8729,8761
8697,8757
8667,8763
8590,8771
8650,8761
8617,8752
8671,8756
8685,8750
8618,8759
8779,8751
8640,8761
8558,8769
8667,8759
8662,8758
8771,8747
8637,8759
8754,8762
8727,8751
8602,8754
8691,8763
8500,8750
8691,8751
8792,8761
8702,8751
8755,8754
8682,8761
8774,8759
8737,8760
8637,8753
8771,8763
8652,8755
8775,8763
8766,8754
8691,8757
8758,8757
8624,8754
8675,8748
8610,8752
8509,8754
8768,8761
8602,8763
8750,8756
8775,8757
8576,8757
8813,8760
8585,8756
8594,8760
8679,8748
8674,8754
8742,8760
8693,8765
8747,8757
8717,8756
8626,8761
8691,8749
8595,8757
8781,8744
8855,8753
8673,8763
8802,8750
8645,8764
8786,8769
8710,8754
8559,8746
8662,8765
8632,8761
8683,8756
8778,8756
8679,8757
8753,8746
8598,8760
8590,8766
8706,8750
8644,8759
8859,8747
8573,8756
8819,8761
8692,8758
8510,8759
8742,8756
8516,8758
8658,8755
8663,8761
8646,8755
8738,8756
8695,8756
8781,8754
8788,8756
8582,8755
8751,8755
8613,8762
8695,8764
8796,8754
8597,8756
8675,8754
8697,8753
8689,8746
8779,8758
8647,8757
8720,8753
8698,8764
8739,8754
8694,8753
8775,8746
8746,8757
8538,8756
8665,8767
8669,8754
8641,8751
8786,8762
8562,8758
8716,8749
8667,8754
8544,8761
8642,8754
8481,8762
8623,8748
8425,8738
8585,8737
8622,8729
8321,8721
8639,8708
8408,8708
8352,8711
8502,8685
8338,8682
8541,8670
8361,8671
8538,8668
8393,8656
8364,8662
8307,8641
8403,8627
8322,8624
8333,8624
8294,8607
8301,8598
8275,8588
8323,8581
8269,8577
8302,8567
8231,8567
8284,8546
8277,8538
8272,8544
8227,8530
8188,8536
8244,8501
8258,8510
8220,8503
8283,8490
8241,8472
8290,8485
8219,8458
8301,8452
8271,8438
8225,8441
8306,8420
8245,8427
8217,8409
8257,8409
8244,8405
8309,8389
8239,8384
8227,8374
8239,8376
8283,8366
8220,8354
8178,8348
8367,8329
8391,8328
8310,8312
8000,8298
8298,8315
8156,8313
8076,8290
8053,8280
8140,8275
8143,8270
8120,8254
7987,8253
8092,8238
8155,8227
8107,8216
8084,8222
7972,8188
8059,8208
8126,8183
8122,8163
8031,8186
7975,8185
8047,8167
8013,8141
8175,8141
8135,8130
8044,8123
7985,8115
7965,8101
7999,8099
7991,8108
7995,8077
8060,8072
8116,8072
8085,8054
8023,8054
8039,8044
8020,8041
7946,8051
7974,8011
7978,8004
7862,8003
7941,8001
7891,7999
7918,7991
8048,7977
8009,7973
8047,7982
7992,7960
8010,7981
8001,7954
8054,7949
8100,7959
8083,7948
8095,7965
8115,7949
8098,7947
8117,7944
8091,7948
8111,7967
8150,7972
8123,7958
8163,7966
8124,7967
8162,7947
8161,7980
8162,7964
8164,7955
8156,7957
8183,7952
8171,7962
8167,7954
8134,7968
8153,7974
8147,7956
8144,7940
8155,7957
8153,7959
8162,7962
8171,7956
8191,7962
8173,7940
8142,7958
8145,7961
8184,7957
8149,7961
8159,7974
8141,7958
8124,7945
8143,7956
8136,7930
8162,7942
8141,7972
8129,7970
8097,7966
8040,7931
7963,7948
7834,7946
7668,7932
7639,7936
7633,7930
7508,7931
7502,7924
7439,7914
7449,7908
7469,7888
7414,7888
7408,7871
7459,7873
7456,7865
7461,7870
7435,7851
7468,7842
7508,7818
7456,7839
7419,7815
7353,7812
7345,7803
7310,7793
7288,7789
7408,7771
7386,7771
7361,7749
7401,7752
7272,7749
7296,7729
7302,7740
7366,7721
7427,7720
7393,7710
7317,7706
7297,7689
7372,7680
7430,7668
7375,7666
7286,7666
7264,7654
7324,7644
7377,7634
7193,7621
7227,7622
7327,7609
7426,7612
7157,7589
7168,7582
7267,7579
7180,7571
7183,7571
7276,7545
7221,7540
7109,7534
7170,7532
7245,7522
7181,7519
7148,7502
7174,7495
7166,7491
7159,7483
7210,7482
7155,7464
7192,7448
7230,7449
7097,7445
7198,7435
7157,7424
7241,7426
7187,7403
6990,7413
7251,7396
7195,7389
7114,7373
7209,7362
7093,7362
7222,7354
7007,7344
7169,7340
7120,7323
7181,7325
7067,7308
7097,7316
6988,7301
7108,7275
7039,7276
7053,7270
7044,7279
7045,7257
6927,7247
7062,7232
7062,7242
7022,7219
6997,7227
6974,7215
6971,7205
6954,7200
6966,7177
6984,7174
7030,7165
7081,7167
7049,7171
7013,7156
6971,7170
7169,7170
7074,7159
7205,7154
7252,7160
7138,7149
7256,7155
7108,7160
7241,7151
7185,7150
7239,7154
7224,7147
7202,7160
7338,7165
7172,7154
7384,7159
7230,7160
7133,7159
7314,7152
7149,7150
7150,7156
7443,7152
7097,7157
7332,7153
7307,7152
7142,7153
7356,7157
7144,7159
7266,7154
7241,7151
7289,7137
7343,7156
7153,7163
7303,7152
7153,7150
7178,7157
7172,7155
7178,7147
7375,7157
7295,7150
7288,7164
7191,7154
7119,7165
7169,7152
7123,7169
7174,7160
7237,7167
7159,7147
7190,7161
7196,7151
7251,7142
7142,7167
7137,7158
7265,7149
7043,7145
7243,7159
7309,7150
7203,7156
7377,7155
7111,7142
7141,7149
7195,7161
7088,7151
7293,7153
7130,7154
7327,7147
7309,7145
7112,7153
7305,7160
7145,7149
7275,7152
7104,7136
7080,7170
7307,7147
7275,7153
7233,7153
7164,7153
7186,7163
7262,7153
7177,7140
7273,7169
7367,7150
7234,7144
7401,7158
7184,7164
7338,7157
7206,7155
7111,7147
7221,7157
7157,7157
7264,7153
7268,7146
7264,7151
7291,7150
7156,7151
7202,7153
7161,7146
7230,7161
7418,7152
7136,7152
7369,7154
7205,7141
7065,7160
7175,7154
7131,7151
7151,7167
7175,7155
7131,7148
7201,7154
7253,7160
7224,7163
7237,7160
7097,7163
7234,7145
7118,7157
7251,7161
7260,7147
7158,7146
7271,7134
7146,7142
7331,7157
7165,7154
7129,7161
7334,7151
7175,7148
7311,7157
7264,7157
7335,7146
7302,7149
7101,7157
7314,7154
7118,7150
7248,7155
7340,7149
7190,7168
7364,7151
7196,7155
7200,7151
7226,7157
7227,7148
7284,7168
7186,7155
7086,7158
7355,7144
7140,7156
7285,7153
7192,7151
7134,7154
7317,7157
7105,7155
7253,7153
7320,7153
7177,7160
7264,7157
7232,7153
7242,7163
7170,7159
7202,7158
7292,7158
7188,7164
7312,7164
7189,7162
7242,7147
7197,7148
7118,7145
7166,7152
7162,7162
7167,7156
7283,7143
7135,7149
7226,7155
7196,7154
7138,7162
7191,7160
7152,7153
7303,7151
7107,7142
7204,7157
7250,7152
7184,7152
7316,7163
7143,7148
7078,7156
7259,7158
7190,7162
7263,7151
7311,7143
7231,7159
7305,7160
7120,7162
7336,7159
7111,7158
7209,7157
7274,7166
7151,7152
7340,7159
7288,7149
7201,7163
7165,7159
7286,7150
7282,7155
7217,7150
7193,7162
7356,7141
7280,7158
7292,7146
7161,7167
7186,7154
7184,7155
6996,7143
7249,7145
7094,7145
7166,7152
7305,7149
7185,7163
7359,7161
7202,7159
7142,7153
7249,7169
7197,7145
7385,7155
7185,7156
7295,7139
7220,7146
7046,7154
7290,7159
7074,7155
7199,7147
7296,7166
7217,7155
7266,7148
7220,7153
7202,7155
7228,7147
7193,7155
7245,7158
7192,7158
7175,7150
7263,7144
7131,7156
7251,7150
7161,7153
7158,7154
7175,7157
7148,7159
7328,7151
7135,7156
7201,7160
7228,7152
7120,7156
7256,7154
7099,7146
7162,7160
7110,7156
7215,7151
7331,7151
7214,7164
7252,7161
7263,7153
7225,7165
7242,7157
7244,7154
7168,7154
7349,7153
7211,7157
7278,7162
7203,7157
7265,7150
7241,7158
7147,7163
7300,7150
7125,7151
7256,7160
7277,7156
7162,7152
7343,7152
7227,7146
7142,7148
7217,7161
7166,7160
7262,7149
7147,7163
7266,7153
7186,7150
7092,7162
7271,7141
7152,7159
7172,7157
7208,7152
7267,7155
7256,7152
7104,7147
7312,7164
7259,7154
7162,7153
7225,7157
7072,7151
7207,7150
7397,7151
7105,7156
7342,7160
7227,7168
7078,7158
7178,7153
7063,7171
7284,7146
7078,7147
7256,7159
7312,7155
7104,7141
7303,7157
7094,7153
7135,7165
7160,7154
7174,7154
7277,7154
7216,7147
7227,7157
7213,7157
7199,7158
7296,7174
7176,7149
7191,7147
7306,7151
7256,7152
7307,7160
7237,7151
7277,7155
7335,7153
7221,7150
7262,7148
7126,7154
7285,7156
7333,7150
7259,7157
7338,7160
7214,7156
7159,7151
7197,7157
7141,7154
7376,7164
7144,7157
7258,7161
7176,7138
7111,7150
7292,7162
7202,7151
7197,7143
7283,7157
7276,7160
7274,7158
7230,7151
7268,7165
7269,7143
7236,7149
7260,7154
7112,7152
7209,7160
7349,7144
7186,7146
7353,7172
7189,7157
7275,7155
7234,7155
7139,7157
7269,7153
7189,7156
7297,7159
7313,7150
7299,7162
7280,7155
7096,7158
7204,7152
7099,7148
7175,7153
7317,7152
7144,7152
7228,7149
7208,7159
7195,7162
7274,7157
7194,7151
7196,7155
7205,7165
7188,7151
7389,7147
7265,7156
7334,7161
7383,7146
7157,7150
7281,7155
7165,7155
7231,7153
7380,7154
7172,7150
7340,7154
7176,7157
7353,7168
7177,7140
7134,7154
7388,7153
7206,7164
7419,7147
7360,7169
7445,7172
7420,7171
7380,7194
7425,7190
7404,7202
7466,7215
7507,7209
7494,7219
7560,7238
7488,7233
7579,7226
7505,7266
7552,7261
7518,7276
7574,7279
7538,7271
7607,7291
7565,7286
7621,7310
7534,7302
7620,7332
7535,7324
7642,7326
7599,7345
7631,7343
7590,7371
7598,7365
7579,7379
7582,7380
7738,7401
7572,7406
7680,7409
7596,7411
7639,7431
7661,7427
7609,7432
7736,7451
7726,7454
7706,7464
7723,7453
7659,7485
7713,7495
7768,7507
7754,7510
7676,7494
7739,7523
7761,7531
7786,7526
7902,7541
7660,7555
7675,7553
7776,7553
7718,7574
7672,7584
7782,7592
7809,7620
7795,7613
7760,7631
7829,7616
7801,7617
7740,7642
7746,7648
7856,7657
7878,7678
7843,7666
7745,7691
7789,7693
7899,7690
7894,7703
7856,7709
7816,7728
7873,7709
7842,7726
7966,7744
7896,7759
7910,7762
7796,7767
7791,7771
7859,7782
7973,7801
7921,7804
7932,7823
7934,7824
7895,7840
7920,7846
7856,7839
7891,7835
7921,7865
7967,7872
7965,7878
7955,7875
7995,7883
8023,7904
8035,7910
8052,7941
8057,7928
7991,7919
7976,7929
8008,7933
7967,7945
7960,7950
7867,7955
7892,7960
7870,7949
7859,7977
7864,7952
7848,7950
7850,7974
7808,7966
7856,7945
7807,7970
7817,7944
7838,7941
7831,7973
7823,7950
7817,7962
7798,7962
7784,7958
7814,7945
7807,7927
7818,7951
7793,7963
7816,7952
7783,7958
7809,7941
7813,7958
7793,7952
7804,7949
7792,7947
7770,7947
7762,7934
7799,7916
7785,7949
7769,7947
7776,7951
7762,7947
7790,7954
7764,7953
7799,7960
7768,7956
7775,7922
7824,7963
7792,7935
7818,7956
7806,7951
7818,7941
7869,7932
7904,7959
8008,7969
8101,7963
8263,7949
8322,7967
8287,8000
8437,7985
8389,8001
8423,8010
8450,8012
8523,8024
8483,8034
8474,8037
8464,8029
8468,8055
8465,8062
8419,8065
8406,8066
8384,8078
8422,8107
8497,8099
8506,8112
8544,8125
8548,8117
8535,8124
8489,8147
8463,8148
8430,8154
8619,8160
8568,8167
8628,8160
8586,8176
8520,8189
8535,8210
8678,8210
8676,8214
8602,8213
8606,8237
8555,8230
8623,8235
8687,8250
8673,8266
8546,8269
8619,8281
8650,8281
8691,8314
8623,8308
8593,8312
8712,8318
8606,8316
8497,8312
8602,8338
8758,8363
8656,8357
8668,8374
8803,8374
8713,8372
8643,8398
8769,8401
8676,8382
8616,8413
8668,8431
8692,8429
8718,8430
8696,8455
8694,8461
8750,8467
8759,8462
8719,8471
8745,8484
8687,8500
8673,8485
8821,8499
8699,8525
8747,8514
8848,8541
8910,8537
8766,8550
8741,8545
8855,8572
8770,8568
8876,8586
8782,8588
8870,8605
8749,8607
8845,8607
8854,8629
8970,8637
8872,8632
8892,8644
8838,8654
8936,8660
8902,8671
8964,8676
8796,8693
9023,8698
8887,8698
8897,8715
8974,8711
8843,8726
8895,8737
8818,8731
8835,8749
8719,8736
8695,8755
8901,8761
8517,8750
8726,8760
8772,8750
8764,8755
8748,8748
8578,8750
8685,8751
8634,8743
8723,8751
8770,8754
8586,8747
8712,8754
8688,8749
8662,8758
8625,8753
8573,8745
8784,8746
8585,8750
8709,8753
8739,8756
8591,8745
8703,8755
8639,8756
8657,8766
8691,8740
8547,8757
8753,8756
8710,8761
8706,8753
8642,8750
8535,8758
8664,8762
8652,8751
8686,8749
8698,8746
8578,8752
8739,8758
8717,8759
8772,8756
8623,8759
8539,8756
8776,8753
8576,8748
8701,8753
8768,8751
8684,8768
8786,8755
8667,8755
8619,8752
8694,8751
8672,8756
8647,8759
8664,8755
8705,8752
8716,8755
8643,8755
8749,8748
8641,8755
8740,8760
8561,8759
8647,8754
8788,8767
8675,8762
8848,8763
8695,8764
8518,8755
8775,8766
8600,8755
8666,8753
8744,8755
8668,8754
8788,8749
8678,8758
8781,8761
8608,8749
8614,8758
8823,8763
8575,8754
8673,8756
8713,8754
8701,8763
8777,8756
8606,8743
8542,8750
8723,8750
8570,8766
8769,8754
8611,8758
8837,8777
8725,8760
8540,8756
8712,8764
8626,8757
8669,8760
8630,8749
8547,8759
8701,8760
8686,8752
8803,8759
8615,8769
8578,8752
8714,8760
8576,8762
8738,8758
8743,8750
8692,8753
8821,8750
8613,8754
8799,8764
8668,8751
8629,8759
8689,8748
8608,8756
8734,8756
8771,8755
8657,8754
8742,8761
8576,8758
8734,8759
8575,8752
8695,8756
8801,8756
8653,8756
8866,8760
8723,8756
8509,8754
8742,8767
8591,8760
8710,8756
8525,8759
8548,8754
8846,8754
8744,8757
8725,8755
8692,8747
8693,8752
8669,8754
8638,8749
8747,8748
8701,8754
8706,8754
8728,8756
8608,8753
8789,8755
8706,8757
8586,8756
8733,8756
8666,8764
8849,8747
8632,8743
8756,8765
8684,8759
8613,8775
8757,8753
8514,8747
8609,8756
8864,8753
8611,8755
8817,8756
8694,8758
8566,8765
8764,8756
8540,8748
8741,8750
8542,8753
8691,8757
8791,8762
8658,8754
8774,8758
8635,8753
8532,8740
8712,8754
8585,8763
8654,8763
8762,8753
8643,8754
8738,8758
8559,8759
8630,8761
8602,8756
8649,8752
8754,8759
8699,8753
8775,8762
8651,8739
8578,8757
8705,8758
8525,8757
8716,8761
8548,8749
8625,8754
8839,8764
8746,8754
8814,8756
8677,8752
8626,8755
8712,8773
8591,8756
8706,8770
8675,8757
8669,8757
8719,8760
8641,8748
8771,8763
8593,8766
8619,8769
8789,8750
8583,8756
8791,8753
8662,8762
8749,8760
8724,8750
8591,8762
8641,8756
8627,8754
8612,8760
8771,8754
8555,8751
8809,8761
8721,8751
8581,8742
8736,8750
8646,8758
8778,8755
8604,8760
8706,8744
8791,8752
8683,8759
8769,8760
8637,8751
8574,8771
8713,8757
8585,8758
8737,8751
8747,8754
8723,8759
8754,8754
8585,8760
8793,8758
8649,8758
8647,8757
8735,8762
8619,8751
8715,8768
8657,8749
8716,8754
8681,8758
8559,8761
8666,8752
8591,8752
8678,8753
8788,8760
8733,8749
8869,8751
8698,8753
8570,8742
8722,8762
8609,8755
8726,8753
8613,8758
8631,8752
8753,8750
8715,8760
8726,8752
8618,8755
8644,8766
8691,8742
8575,8759
8792,8758
8642,8746
8762,8770
8610,8749
8561,8754
8770,8746
8543,8747
8693,8758
8804,8754
8588,8757
8842,8771
8684,8745
8776,8750
8769,8757
8601,8752
8747,8736
8632,8757
8699,8757
8842,8753
8675,8747
8771,8750
8650,8760
8626,8751
8714,8760
8685,8761
8740,8756
8566,8756
8747,8755
8733,8755
8600,8767
8768,8757
8578,8759
8620,8755
8551,8748
8530,8760
8755,8764
8690,8767
8694,8760
8678,8756
8602,8763
8749,8761
8592,8756
8643,8752
8790,8758
8741,8764
8868,8753
8646,8751
8817,8762
8683,8765
8567,8755
8723,8758
8548,8761
8634,8761
8848,8756
8609,8766
8767,8756
8692,8745
8583,8760
8710,8756
8612,8758
8763,8756
8592,8746
8767,8761
8752,8754
8591,8756
8758,8746
8611,8750
8619,8759
8590,8751
8591,8748
8752,8748
8716,8763
8698,8758
8730,8758
8576,8759
8792,8759
8651,8756
8745,8764
8819,8779
8667,8763
8801,8763
8675,8759
8685,8762
8675,8767
8653,8754
8737,8751
8582,8746
8727,8749
8779,8763
8686,8758
8794,8769
8550,8751
8634,8761
8560,8758
8572,8760
8824,8755
8538,8752
8798,8759
8803,8759
8567,8749
8806,8758
8563,8751
8612,8757
8655,8764
8673,8755
8739,8745
8648,8758
8734,8770
8710,8756
8632,8759
8749,8750
8595,8743
8716,8755
8762,8757
8691,8762
8806,8761
8691,8760
8753,8763
8682,8756
8601,8762
8780,8750
8586,8755
8755,8746
8715,8760
8607,8755
8746,8764
8516,8762
8675,8754
8580,8754
8643,8769
8781,8747
8594,8735
8655,8737
8634,8750
8479,8747
8524,8730
8327,8722
8579,8731
8580,8712
8509,8708
8539,8713
8357,8693
8513,8684
8285,8669
8417,8673
8526,8667
8307,8660
8327,8650
8326,8659
8293,8634
8333,8629
8343,8616
8293,8620
8303,8612
8255,8599
8275,8590
8352,8585
8284,8568
8321,8567
8218,8554
8299,8546
8274,8546
8338,8529
8262,8514
8200,8518
8294,8506
8228,8507
8335,8493
8190,8488
8311,8473
8357,8454
8235,8460
8340,8452
8294,8437
8212,8437
8325,8436
8259,8444
8287,8412
8288,8411
8256,8399
8238,8390
8277,8382
8239,8364
8134,8364
8232,8353
8058,8349
8147,8344
8382,8329
8459,8332
8260,8313
8046,8314
8205,8312
8170,8298
8073,8290
8142,8277
8154,8271
8167,8256
8043,8256
8019,8222
8117,8235
8156,8233
8061,8227
8007,8224
8049,8220
8120,8203
8107,8178
8089,8171
8068,8173
7999,8174
7940,8136
8115,8139
8156,8150
8153,8126
8050,8121
7967,8126
8005,8110
7962,8076
7991,8090
8048,8094
8056,8066
8057,8084
8077,8065
8021,8044
8033,8044
7981,8041
7962,8001
7934,8016
7929,8014
7934,7993
7940,8005
7905,7979
7913,7990
7971,7967
7998,7969
8049,7971
8035,7985
8050,7980
8062,7959
8077,7957
8085,7952
8063,7961
8120,7966
8119,7953
8130,7964
8131,7960
8102,7951
8149,7960
8148,7973
8157,7945
8177,7954
8126,7956
8141,7955
8142,7966
8150,7963
8150,7954
8181,7969
8203,7960
8177,7955
8153,7945
8163,7966
8157,7959
8193,7948
8170,7969
8177,7963
8162,7956
8171,7959
8157,7961
8152,7954
8182,7949
8164,7952
8168,7977
8168,7966
8176,7972
8168,7954
8156,7949
8147,7955
8151,7973
8131,7951
8121,7979
8156,7959
8110,7971
8103,7947
8034,7948
7901,7944
7772,7944
7671,7950
7564,7948
7623,7934
7501,7923
7514,7905
7518,7922
7432,7891
7407,7877
7433,7869
7437,7885
7413,7880
7430,7839
7454,7865
7485,7845
7488,7818
7473,7829
7449,7818
7411,7826
7337,7823
7317,7792
7357,7791
7394,7786
7448,7761
7369,7770
7430,7760
7433,7751
7362,7752
7313,7715
7356,7730
7375,7722
7447,7711
7325,7702
7300,7701
7303,7689
7392,7670
7382,7679
7341,7670
7277,7656
7313,7648
7339,7631
7364,7624
7307,7622
7375,7621
7235,7616
7453,7601
7074,7586
7166,7569
7316,7584
7087,7569
7284,7555
7228,7546
7249,7540
7163,7536
7147,7533
7243,7510
7087,7514
7181,7508
7261,7498
7128,7489
7204,7476
7217,7463
7145,7462
7233,7449
7105,7444
7106,7444
7257,7435
7158,7418
7207,7423
7160,7401
7143,7383
7189,7390
7090,7383
7167,7356
7014,7373
7145,7359
7159,7348
7075,7349
7171,7346
7058,7330
7176,7326
7026,7300
7008,7314
6985,7294
7106,7294
7053,7268
7089,7264
6970,7255
7020,7243
6989,7249
7084,7241
6994,7228
7016,7220
6982,7206
6929,7203
7011,7200
6896,7184
7038,7178
7033,7183
7078,7174
7109,7167
7142,7167
7192,7158
7118,7166
7175,7161
7141,7158
7159,7162
7191,7159
7144,7164
7325,7156
7185,7154
7303,7153
7258,7156
7044,7166
7212,7158
7015,7152
7236,7162
7314,7156
7143,7155
7342,7163
7290,7161
7331,7159
7390,7160
7137,7156
7237,7153
7173,7144
7245,7158
7331,7152
7178,7153
7372,7152
7216,7158
7177,7155
7241,7169
7196,7164
7270,7148
7183,7157
7225,7152
7362,7152
7199,7166
7299,7158
7142,7148
7175,7157
7198,7147
7202,7152
7267,7161
7126,7162
7274,7152
7229,7155
7104,7146
7223,7152
7219,7151
7237,7151
7218,7157
7222,7167
7248,7155
7126,7153
7235,7153
7161,7148
7040,7163
7274,7153
7036,7147
7184,7153
7315,7157
7214,7157
7218,7150
7153,7156
7127,7157
7227,7161
7156,7150
7365,7166
7095,7147
7280,7151
7285,7156
7065,7152
7218,7161
7104,7154
7204,7153
7211,7153
7146,7154
7242,7144
7251,7151
7255,7156
7315,7153
7208,7150
7323,7160
7189,7143
7254,7150
7286,7152
7180,7156
7275,7153
7195,7137
7283,7159
7199,7146
7147,7154
7353,7146
7083,7164
7289,7152
7358,7141
7253,7158
7359,7151
7123,7147
7194,7159
7143,7144
7196,7149
7297,7139
7105,7153
7293,7160
7222,7158
7144,7157
7274,7158
7244,7158
7238,7157
7193,7143
7216,7152
7164,7157
7158,7168
7359,7150
7158,7156
7064,7159
7237,7153
7095,7159
7239,7132
7342,7160
7177,7159
7292,7156
7180,7159
7355,7160
7259,7161
7204,7143
7322,7160
7140,7163
7280,7151
7138,7153
7356,7159
7206,7147
7077,7155
7169,7150
7142,7164
7165,7153
7253,7145
7128,7155
7293,7156
7269,7160
7185,7150
7279,7162
7145,7167
7250,7158
7073,7151
7190,7150
7308,7151
7263,7148
7317,7156
7238,7147
7168,7143
7229,7148
7116,7147
7230,7163
7292,7153
7248,7168
7310,7159
7125,7147
7319,7159
7170,7164
7202,7154
7290,7148
7114,7154
7202,7161
7173,7157
7272,7159
7271,7159
7191,7156
7130,7163
7271,7154
7207,7171
7209,7167
7102,7156
7347,7153
7151,7153
7139,7156
7171,7166
7175,7157
7252,7156
7150,7159
7212,7156
7335,7144
7153,7150
7297,7167
7248,7153
7113,7151
7249,7147
7098,7152
7248,7167
7205,7139
7262,7163
7217,7165
7137,7136
7256,7154
7149,7143
7172,7164
7292,7169
7205,7150
7248,7160
7229,7159
7233,7154
7202,7151
7135,7144
7291,7152
7116,7153
7223,7156
7288,7153
7200,7153
7298,7142
7291,7154
7171,7160
7255,7155
7165,7161
7261,7161
7309,7158
7254,7158
7336,7156
7142,7150
7348,7151
7117,7162
7231,7151
7284,7148
7084,7160
7250,7155
7263,7152
7280,7166
7257,7152
7142,7145
7165,7161
7271,7151
7180,7153
7222,7145
7148,7154
7344,7144
7266,7164
7169,7161
7210,7153
7223,7157
7228,7155
7168,7160
7219,7166
7249,7156
7202,7151
7288,7160
7151,7157
7141,7162
7248,7153
7145,7155
7327,7149
7251,7146
7286,7176
7247,7139
7069,7148
7258,7153
7057,7151
7174,7159
7158,7162
7204,7150
7173,7148
7150,7157
7279,7155
7208,7151
7123,7156
7267,7162
7194,7152
7209,7150
7349,7142
7131,7151
7344,7157
7334,7148
7050,7167
7347,7166
7203,7157
7167,7156
7155,7139
7152,7162
7288,7153
7201,7158
7248,7150
7216,7153
7198,7167
7153,7152
7097,7143
7247,7144
7243,7154
7270,7157
7177,7159
7154,7167
7222,7158
7224,7154
7207,7147
7264,7164
7136,7142
7306,7157
7233,7157
7233,7151
7276,7146
7152,7158
7183,7157
7149,7155
7246,7168
7297,7154
7157,7152
7304,7156
7153,7158
7136,7156
7207,7158
7063,7161
7347,7157
7031,7144
7320,7160
7257,7145
7045,7158
7322,7138
7085,7149
7206,7153
7247,7161
7179,7160
7195,7155
7253,7144
7240,7149
7221,7156
7201,7146
7252,7155
7202,7157
7168,7142
7322,7159
7176,7149
7334,7155
7196,7157
7354,7154
7279,7155
7141,7156
7294,7148
7171,7146
7192,7154
7318,7147
7255,7162
7366,7159
7127,7148
7204,7156
7125,7164
7152,7146
7342,7164
7067,7149
7360,7158
7289,7141
7251,7164
7174,7151
7195,7152
7283,7157
7183,7160
7167,7160
7250,7151
7298,7159
7234,7160
7263,7157
7140,7160
7374,7162
7186,7133
7172,7154
7195,7165
7171,7170
7267,7176
7257,7145
7290,7152
7225,7149
7180,7150
7382,7152
7143,7163
7388,7153
7217,7139
7247,7162
7277,7147
7136,7157
7132,7154
7197,7156
7113,7146
7277,7155
7190,7153
7245,7155
7260,7152
7190,7146
7280,7153
7226,7148
7155,7160
7222,7162
7134,7150
7321,7159
7223,7149
7297,7147
7276,7154
7093,7156
7366,7157
7205,7156
7225,7151
7357,7144
7237,7152
7361,7152
7219,7164
7398,7172
7261,7152
7369,7169
7457,7163
7357,7186
7536,7179
7443,7179
7462,7190
7480,7212
7498,7207
7498,7215
7458,7217
7465,7223
7488,7236
7593,7246
7494,7248
7537,7263
7553,7255
7560,7270
7567,7294
7582,7307
7571,7302
7620,7297
7593,7324
7576,7334
7557,7318
7608,7345
7590,7357
7724,7363
7609,7349
7583,7368
7562,7384
7628,7390
7734,7391
7618,7399
7734,7414
7598,7403
7660,7428
7609,7441
7638,7458
7714,7450
7657,7464
7705,7485
7724,7485
7688,7485
7736,7493
7736,7499
7726,7508
7721,7519
7848,7528
7646,7533
7694,7533
7633,7553
7751,7564
7652,7565
7777,7575
7751,7579
7697,7585
7850,7597
7782,7597
7775,7618
7796,7626
7899,7628
7803,7650
7744,7642
7794,7640
7885,7644
7851,7668
7827,7678
7742,7682
7806,7702
7872,7685
7894,7697
7804,7710
7867,7733
7826,7730
7913,7724
7879,7739
7962,7745
7819,7773
7822,7780
7841,7776
7830,7791
7951,7803
7942,7782
7978,7804
7913,7819
7922,7838
7963,7844
7860,7832
7898,7856
7937,7867
7990,7852
7983,7889
7994,7881
8001,7904
8020,7903
8041,7909
8030,7915
8075,7909
8001,7924
7991,7933
7978,7908
7891,7945
7887,7935
7892,7941
7889,7945
7844,7971
7916,7958
7881,7942
7831,7972
7836,7964
7841,7967
7862,7941
7826,7964
7819,7978
7798,7952
7834,7941
7832,7952
7810,7951
7787,7951
7779,7955
7829,7971
7816,7960
7831,7963
7787,7974
7789,7953
7785,7978
7785,7958
7806,7949
7779,7941
7791,7950
7781,7952
7794,7947
7764,7936
7805,7968
7755,7969
7799,7961
7779,7984
7794,7958
7773,7965
7789,7953
7791,7948
7790,7974
7803,7953
7781,7955
7819,7949
7808,7954
7812,7956
7826,7957
7878,7950
7920,7960
8043,7967
8166,7969
8299,7971
8372,7970
8422,7983
8401,7981
8419,7993
8434,8005
8472,8009
8497,8015
8463,8040
8472,8040
8466,8046
8432,8049
8421,8071
8400,8072
8388,8066
8402,8086
8453,8081
8484,8099
8503,8099
8571,8110
8501,8114
8483,8129
8448,8150
8439,8136
8444,8153
8605,8153
8628,8185
8647,8183
8578,8190
8517,8190
8610,8212
8640,8208
8637,8221
8661,8219
8622,8236
8625,8235
8657,8251
8681,8260
8591,8262
8515,8264
8616,8277
8725,8288
8650,8303
8546,8309
8628,8306
8665,8324
8619,8335
8477,8322
8690,8347
8741,8355
8487,8358
8624,8371
8687,8375
8802,8383
8724,8398
8766,8383
8596,8405
8645,8418
8747,8426
8676,8438
8683,8440
8786,8450
8621,8455
8695,8469
8803,8471
8656,8487
8793,8493
8699,8510
8701,8517
8799,8517
8789,8523
8832,8533
8703,8543
8848,8543
8817,8559
8784,8551
8800,8574
8815,8579
8896,8593
8747,8590
8870,8595
8778,8614
8905,8614
8877,8629
8917,8650
8838,8642
8920,8656
8892,8648
8946,8670
8898,8680
8932,8679
8951,8695
8937,8691
9009,8715
8842,8715
8992,8723
8813,8728
8792,8743
8853,8741
8854,8742
8842,8746
8587,8756
8847,8748
8632,8754
8718,8756
8844,8752
8584,8754
8763,8759
8728,8754
8716,8741
8781,8764
8596,8754
8685,8759
8616,8764
8729,8764
8784,8751
8661,8763
8792,8760
8593,8743
8612,8753
8627,8743
8575,8753
8625,8760
8621,8763
8652,8755
8680,8762
8638,8764
8766,8757
8588,8749
8624,8756
8616,8761
8566,8756
8708,8763
8565,8757
8725,8760
8694,8750
8559,8758
8686,8756
8497,8754
8597,8752
8818,8748
8650,8750
8814,8760
8696,8754
8738,8760
8784,8755
8605,8763
8748,8756
8639,8751
8727,8754
8745,8763
8713,8748
8748,8755
8646,8755
8647,8744
8648,8737
8616,8751
8741,8760
8576,8752
8703,8753
8726,8761
8574,8765
8747,8763
8582,8743
8663,8764
8662,8754
8710,8748
8749,8758
8677,8754
8764,8759
8741,8747
8562,8754
8677,8765
8567,8752
8749,8755
8839,8754
8632,8761
8808,8758
8634,8756
8610,8751
8633,8748
8572,8760
8716,8756
8580,8759
8652,8756
8764,8763
8670,8753
8771,8756
8604,8745
8639,8758
8643,8745
8628,8748
8742,8755
8617,8758
8771,8754
8702,8755
8584,8758
8688,8758
8529,8752
8651,8760
8793,8757
8685,8753
8795,8751
8723,8756
8786,8757
8812,8745
8576,8760
8831,8764
8602,8735
8692,8775
8770,8743
8679,8763
8705,8759
8627,8770
8659,8750
8596,8750
8614,8756
8774,8758
8576,8757
8678,8756
8741,8746
8615,8760
8754,8756
8543,8759
8645,8766
8618,8758
8665,8761
8827,8763
8706,8758
8772,8761
8859,8738
8522,8760
8757,8759
8592,8751
8692,8759
8782,8762
8680,8758
8808,8766
8656,8764
8762,8765
8695,8743
8699,8759
8726,8758
8570,8759
8727,8753
8752,8759
8718,8755
8770,8744
8525,8745
8678,8767
8593,8751
8633,8758
8707,8762
8668,8759
8786,8765
8695,8758
8526,8756
8759,8768
8560,8747
8679,8761
8583,8768
8660,8756
8779,8762
8616,8750
8816,8762
8743,8751
8555,8761
8832,8752
8574,8754
8647,8752
8778,8750
8618,8760
8691,8769
8647,8756
8750,8745
8763,8751
8706,8743
8679,8748
8559,8755
8722,8764
8773,8762
8692,8776
8704,8756
8543,8761
8701,8754
8580,8755
8587,8756
8747,8748
8580,8755
8779,8758
8717,8745
8531,8763
8725,8756
8604,8755
8693,8760
8667,8751
8693,8765
8730,8752
8640,8760
8825,8758
8731,8754
8626,8755
8684,8749
8577,8762
8731,8768
8786,8745
8714,8760
8804,8761
8583,8749
8811,8759
8624,8757
8603,8756
8781,8744
8544,8745
8783,8766
8761,8749
8681,8753
8758,8752
8594,8763
8673,8758
8589,8757
8618,8756
8726,8744
8593,8764
8829,8761
8726,8758
8614,8766
8762,8756
8525,8757
8706,8761
8642,8748
8648,8756
8778,8767
8683,8754
8808,8748
8795,8747
8609,8755
8744,8751
8603,8763
8754,8766
8742,8756
8693,8761
8715,8754
8534,8766
8769,8756
8586,8761
8634,8754
8726,8767
8573,8750
8800,8764
8757,8763
8745,8754
8700,8757
8546,8768
8704,8768
8625,8747
8659,8759
8789,8760
8638,8754
8768,8761
8717,8748
8565,8760
8749,8757
8622,8754
8717,8756
8658,8756
8751,8762
8778,8757
8640,8761
8750,8754
8646,8758
8678,8767
8634,8770
8614,8749
8764,8756
8739,8759
8747,8747
8732,8754
8571,8769
8771,8756
8612,8732
8570,8769
8733,8755
8617,8755
8787,8765
8705,8759
8849,8753
8737,8754
8641,8756
8738,8764
8614,8747
8642,8760
8747,8762
8591,8743
8840,8751
8715,8754
8532,8755
8698,8742
8544,8749
8707,8761
8597,8755
8747,8750
8727,8759
8565,8752
8708,8754
8632,8741
8683,8763
8603,8755
8571,8764
8747,8756
8761,8750
8710,8756
8709,8757
8580,8747
8770,8755
8623,8748
8642,8758
8787,8753
8609,8756
8854,8763
8664,8753
8794,8766
8777,8744
8562,8757
8724,8750
8664,8747
8685,8753
8858,8747
8593,8754
8767,8751
8656,8763
8652,8772
8757,8756
8617,8754
8765,8756
8593,8749
8746,8763
8744,8748
8554,8761
8810,8755
8660,8756
8581,8758
8714,8755
8571,8754
8682,8758
8775,8758
8709,8752
8678,8754
8660,8758
8724,8754
8614,8751
8691,8773
8699,8761
8684,8761
8812,8762
8617,8760
8854,8764
8709,8759
8592,8757
8768,8753
8526,8760
8780,8752
8874,8759
8607,8749
8815,8759
8637,8761
8628,8758
8637,8748
8550,8758
8754,8762
8605,8757
8738,8759
8704,8753
8597,8748
8755,8756
8639,8748
8651,8761
8605,8763
8588,8758
8709,8759
8793,8764
8672,8741
8690,8752
8617,8755
8776,8765
8710,8756
8642,8762
8721,8750
8697,8762
8759,8757
8654,8764
8809,8758
8683,8759
8634,8751
8725,8762
8669,8758
8837,8749
8697,8760
8530,8752
8741,8756
8557,8760
8625,8758
8544,8748
8464,8750
8648,8751
8506,8745
8746,8728
8514,8731
8297,8723
8539,8706
8373,8700
8469,8703
8467,8689
8456,8686
8497,8667
8300,8671
8522,8655
8406,8659
8382,8663
8380,8652
8312,8635
8291,8633
8350,8614
8281,8599
8342,8604
8266,8602
8337,8581
8316,8571
8258,8564
8264,8552
8321,8557
8279,8545
8176,8535
8281,8534
8241,8525
8249,8528
8331,8502
8205,8487
8318,8487
8268,8470
8350,8465
8263,8463
8220,8459
8283,8453
8281,8448
8275,8436
8296,8419
8274,8418
8230,8400
8237,8408
8230,8396
8288,8370
8271,8375
8276,8378
8243,8357
8300,8357
8170,8360
8283,8332
8371,8332
8384,8326
8114,8311
8163,8312
8271,8294
8204,8318
8133,8281
8082,8280
8188,8267
8094,8260
8022,8237
8055,8243
8134,8237
8090,8217
8106,8233
7977,8207
8064,8202
8105,8186
8125,8188
8061,8176
8018,8173
7987,8155
7981,8176
8167,8160
8154,8139
8042,8117
8059,8120
7989,8108
7991,8109
8005,8104
8006,8082
8026,8088
8105,8060
8065,8074
8040,8059
8036,8043
7997,8045
7979,8033
7969,8013
7928,8029
7948,8000
7859,8014
7961,7994
7977,7987
8007,7975
7982,7963
7994,7961
8024,7977
8072,7960
7998,7970
8082,7964
8080,7964
8040,7938
8102,7942
8118,7985
8095,7944
8120,7969
8150,7960
8128,7970
8129,7976
8128,7950
8187,7972
8146,7975
8176,7970
8164,7958
8146,7967
8162,7955
8143,7958
8139,7945
8156,7951
8133,7949
8174,7954
8190,7953
8117,7970
8148,7960
8157,7953
8147,7976
8202,7954
8151,7965
8183,7960
8154,7957
8175,7964
8148,7950
8154,7968
8159,7947
8160,7969
8147,7965
8158,7959
8164,7975
8142,7932
8159,7987
8155,7955
8159,7942
8123,7944
8021,7947
7999,7954
7861,7942
7721,7940
7676,7933
7577,7932
7493,7945
7584,7927
7412,7922
7428,7904
7412,7896
7431,7884
7410,7876
7436,7870
7421,7876
7422,7866
7441,7817
7447,7842
7481,7829
7430,7827
7438,7823
7368,7801
7319,7804
7338,7811
7342,7800
7364,7771
7414,7769
7381,7767
7426,7754
7329,7742
7294,7745
7353,7735
7350,7732
7414,7718
7400,7708
7351,7702
7322,7681
7285,7678
7439,7678
7440,7669
7302,7651
7267,7658
7287,7637
7374,7634
7314,7637
7205,7613
7338,7618
7304,7605
7226,7599
7087,7586
7272,7573
7235,7578
7119,7561
7204,7564
7210,7542
7181,7543
7195,7525
7217,7513
7189,7527
7156,7508
7211,7499
7182,7493
7118,7486
7229,7471
7164,7475
7086,7455
7216,7453
7207,7443
7164,7440
7147,7431
7175,7435
7198,7403
6961,7409
7190,7406
7228,7389
7076,7387
7228,7379
7089,7358
7228,7350
7037,7354
7157,7342
7175,7347
7127,7329
7084,7314
7140,7309
7027,7293
7052,7282
7073,7276
7001,7273
7035,7275
7046,7251
7058,7251
6935,7241
6988,7238
6948,7219
7068,7213
7036,7211
6920,7213
6974,7196
6957,7197
7014,7188
7052,7184
7076,7174
7003,7161
7021,7174
7119,7166
7015,7152
7086,7163
7192,7158
7127,7157
7223,7160
7153,7156
7159,7161
7114,7158
7141,7162
7336,7153
7084,7160
7289,7158
7154,7143
7105,7152
7299,7154
7096,7187
7131,7157
7253,7153
7239,7158
7309,7157
7274,7155
7371,7154
7296,7151
7190,7152
7300,7157
7171,7152
7270,7145
7401,7146
7208,7151
7347,7137
7278,7152
7313,7151
7292,7160
7183,7144
7238,7154
7201,7154
7244,7150
7228,7146
7263,7153
7275,7157
7115,7149
7134,7153
7099,7152
7224,7161
7304,7148
7124,7148
7235,7147
7287,7155
7120,7166
7321,7162
7094,7151
7167,7161
7160,7156
7178,7158
7281,7155
7140,7155
7258,7147
7288,7148
7135,7160
7212,7158
7101,7156
7215,7143
7349,7150
7169,7161
7426,7152
7258,7174
7384,7169
7191,7158
7121,7151
7341,7137
7138,7161
7243,7152
7189,7148
7287,7154
7252,7159
7148,7154
7144,7156
7271,7153
7209,7148
7247,7159
7231,7159
7277,7140
7288,7155
7148,7164
7272,7149
7157,7154
7324,7155
7163,7162
7269,7148
7374,7160
7198,7154
7395,7157
7231,7167
7079,7159
7268,7154
7172,7148
7303,7163
7309,7159
7254,7155
7279,7147
7110,7160
7142,7150
7069,7163
7114,7161
7263,7154
7152,7150
7233,7165
7134,7157
7113,7156
7273,7166
7110,7165
7097,7168
7146,7151
7188,7159
7300,7148
7199,7157
7271,7155
7303,7152
7175,7161
7244,7141
7159,7149
7263,7162
7307,7161
7252,7163
7309,7150
7124,7152
7376,7163
7148,7155
7153,7155
7345,7154
7152,7146
7268,7155
7200,7157
7256,7155
7247,7154
7144,7151
7151,7151
7230,7152
7191,7142
7252,7155
7130,7154
7217,7157
7286,7148
7104,7159
7259,7153
7125,7150
7189,7151
7243,7155
7199,7162
7337,7142
7179,7157
7294,7148
7257,7170
7097,7152
7227,7156
7129,7170
7283,7148
7330,7159
7203,7170
7255,7150
7131,7160
7216,7156
7086,7152
7108,7157
7266,7145
7172,7151
7191,7158
7151,7151
7227,7161
7179,7159
7154,7155
7175,7159
7076,7143
7199,7163
7280,7156
7128,7154
7303,7163
7248,7157
7121,7163
7269,7155
7140,7159
7230,7163
7152,7150
7241,7156
7312,7163
7147,7159
7345,7166
7198,7152
7194,7158
7141,7148
7148,7155
7301,7156
7293,7155
7209,7162
7243,7154
7149,7146
7239,7159
7172,7160
7178,7142
7279,7168
7196,7150
7249,7151
7276,7149
7355,7161
7231,7154
7180,7164
7182,7154
7219,7163
7168,7148
7290,7157
7159,7148
7310,7153
7206,7155
7146,7149
7245,7157
7098,7158
7316,7160
7044,7158
7291,7167
7358,7153
7172,7150
7308,7154
7195,7154
7185,7164
7217,7155
7186,7154
7165,7158
7303,7155
7135,7152
7248,7151
7316,7151
7154,7152
7159,7159
7247,7155
7272,7156
7210,7145
7267,7152
7208,7139
7313,7156
7276,7157
7107,7165
7152,7152
7189,7151
7202,7162
7317,7150
7188,7144
7293,7148
7181,7157
7201,7146
7141,7168
7127,7166
7239,7156
7068,7163
7242,7159
7272,7159
7172,7156
7293,7159
7232,7157
7240,7161
7137,7156
7224,7144
7318,7151
7257,7159
7345,7154
7273,7155
7123,7152
7344,7171
7151,7158
7104,7158
7318,7165
7098,7160
7279,7155
7245,7154
7268,7153
7327,7153
7127,7150
7238,7145
7155,7153
7289,7149
7297,7150
7257,7153
7273,7154
7125,7148
7140,7153
7155,7169
7106,7160
7217,7155
7130,7157
7143,7161
7221,7168
7192,7156
7225,7154
7161,7147
7204,7148
7202,7145
7151,7151
7302,7149
7234,7151
7284,7148
7217,7148
7083,7155
7296,7155
7072,7155
7126,7154
7392,7159
7102,7146
7314,7160
7205,7157
7379,7158
7208,7150
7126,7154
7230,7157
7109,7154
7301,7150
7285,7155
7234,7139
7302,7163
7268,7141
7248,7160
7214,7158
7212,7155
7206,7149
7234,7156
7262,7145
7286,7164
7180,7154
7325,7159
7109,7156
7212,7153
7325,7150
7124,7163
7300,7159
7229,7145
7332,7152
7324,7155
7154,7158
7295,7149
7171,7156
7271,7152
7301,7160
7308,7153
7288,7166
7092,7154
7131,7158
7196,7157
7150,7154
7280,7156
7151,7143
7245,7150
7311,7138
7207,7163
7268,7158
7204,7162
7200,7160
7290,7159
7106,7159
7210,7149
7308,7153
7208,7151
7207,7156
7166,7156
7167,7147
7153,7151
7186,7153
7367,7148
7198,7156
7401,7164
7175,7159
7407,7169
7205,7154
7080,7162
7262,7155
7101,7154
7320,7151
7282,7155
7227,7159
7322,7152
7271,7156
7239,7144
7280,7144
7277,7156
7230,7155
7173,7174
7265,7166
7364,7155
7146,7152
7328,7144
7201,7153
7254,7159
7174,7150
7160,7170
7300,7152
7321,7152
7298,7165
7415,7146
7216,7147
7364,7149
7180,7151
7212,7156
7367,7142
7330,7158
7360,7160
7300,7167
7452,7173
7273,7172
7366,7178
7513,7185
7438,7211
7453,7209
7517,7217
7525,7215
7530,7224
7504,7229
7578,7234
7574,7237
7507,7261
7498,7256
7524,7267
7526,7277
7533,7285
7539,7291
7611,7284
7570,7309
7625,7320
7570,7331
7610,7328
7614,7342
7625,7356
7672,7351
7630,7366
7642,7373
7589,7381
7702,7387
7675,7406
7622,7408
7691,7414
7657,7426
7698,7432
7613,7428
7661,7446
7677,7459
7731,7456
7749,7472
7684,7494
7683,7480
7672,7502
7718,7503
7722,7509
7822,7520
7675,7545
7703,7542
7875,7555
7730,7554
7740,7555
7685,7563
7759,7568
7675,7593
7717,7609
7812,7588
7754,7604
7718,7623
7805,7631
7838,7634
7809,7644
7729,7631
7850,7629
7836,7655
7828,7665
7831,7694
7776,7681
7866,7685
7965,7703
7906,7697
7845,7710
7828,7729
7890,7730
7902,7752
7962,7749
7919,7754
7789,7760
7772,7802
7861,7796
7925,7787
7957,7802
7921,7792
7950,7798
7886,7827
7953,7818
7903,7850
7896,7825
7889,7855
7951,7856
7971,7891
7994,7900
8015,7881
8018,7907
8042,7896
8038,7907
8063,7913
8070,7932
7935,7951
7962,7947
8005,7943
7964,7924
7838,7950
7887,7939
7880,7950
7866,7945
7907,7954
7858,7945
7857,7959
7802,7964
7848,7942
7841,7953
7819,7943
7832,7961
7825,7987
7811,7937
7844,7946
7820,7937
7809,7964
7807,7937
7818,7975
7824,7963
7808,7948
7850,7933
7834,7970
7788,7970
7813,7950
7784,7946
7795,7951
7796,7963
7796,7968
7781,7954
7768,7969
7768,7960
7789,7955
7788,7949
7784,7934
7775,7968
7782,7962
7787,7962
7792,7975
7803,7951
7798,7957
7817,7938
7812,7953
7801,7947
7824,7951
7853,7964
7911,7965
7988,7962
8108,7946
8227,7967
8272,7961
8299,7970
8394,7974
8419,8009
8431,8012
8475,8008
8454,8026
8470,8021
8494,8048
8450,8031
8444,8046
8452,8055
8428,8059
8417,8069
8410,8088
8417,8084
8466,8100
8536,8110
8522,8109
8507,8118
8502,8129
8545,8125
8427,8134
8412,8146
8599,8149
8598,8165
8632,8171
8546,8174
8556,8188
8523,8197
8595,8191
8622,8205
8633,8224
8567,8222
8549,8226
8626,8239
8649,8244
8652,8266
8552,8275
8554,8279
8682,8290
8675,8297
8644,8299
8600,8312
8735,8317
8647,8326
8530,8335
8527,8345
8681,8343
8752,8367
8603,8355
8599,8364
8752,8377
8575,8382
8740,8395
8725,8401
8624,8418
8681,8422
8728,8427
8641,8436
8679,8445
8734,8450
8584,8472
8815,8471
8703,8470
8716,8486
8686,8484
8714,8501
8833,8502
8680,8513
8698,8520
8880,8534
8795,8539
8834,8544
8712,8551
8859,8565
8743,8575
8816,8569
8859,8598
8837,8602
8759,8598
8799,8613
8821,8624
8903,8635
8879,8637
8869,8643
8883,8648
8936,8660
8858,8681
8971,8678
8875,8684
8861,8694
8841,8693
8958,8708
8915,8706
8963,8726
8960,8735
8782,8736
8854,8744
8726,8742
8891,8752
8824,8753
8761,8742
8756,8760
8570,8755
8857,8753
8663,8755
8574,8760
8741,8748
8648,8750
8796,8751
8630,8745
8760,8757
8697,8754
8572,8753
8651,8758
8600,8755
8609,8752
8748,8753
8707,8760
8795,8751
8693,8757
8606,8759
8644,8767
8663,8758
8759,8755
8637,8749
8750,8754
8760,8749
8536,8746
8727,8759
8497,8755
8645,8756
8530,8773
8615,8760
8709,8756
8649,8751
8723,8745
8735,8761
8563,8761
8830,8758
8594,8747
8686,8755
8810,8751
8668,8753
8842,8756
8639,8756
8788,8758
8668,8755
8587,8759
8709,8748
8555,8761
8702,8767
8807,8756
8589,8764
8798,8757
8722,8746
8599,8761
8695,8743
8581,8753
8798,8750
8620,8755
8697,8751
8679,8759
8676,8753
8745,8767
8636,8746
8617,8757
8619,8751
8589,8755
8793,8759
8695,8750
8752,8766
8794,8755
8530,8758
8875,8757
8579,8755
8717,8754
8801,8750
8671,8765
8770,8756
8668,8751
8723,8758
8676,8749
8626,8759
8763,8753
8598,8764
8726,8767
8762,8755
8674,8756
8802,8756
8590,8745
8627,8755
8601,8751
8597,8747
8747,8765
8569,8750
8741,8748
8761,8755
8598,8755
8774,8760
8569,8761
8590,8763
8653,8743
8632,8756
8817,8761
8626,8751
8776,8762
8659,8751
8577,8752
8714,8759
8633,8756
8712,8775
8763,8760
8703,8758
8799,8752
8618,8735
8778,8754
8546,8748
8603,8763
8883,8764
8561,8757
8764,8748
8757,8765
8688,8759
8829,8767
8617,8757
8532,8769
8663,8753
8655,8753
8802,8750
8625,8750
8668,8759
8666,8762
8574,8760
8681,8761
8545,8752
8725,8757
8586,8761
8657,8755
8788,8754
8729,8740
8685,8754
8693,8755
8715,8750
8734,8747
8680,8765
8690,8761
8719,8757
8760,8756
8785,8767
8594,8760
8738,8756
8551,8744
8718,8750
8838,8756
8585,8755
8781,8759
8739,8761
8785,8750
8760,8754
8552,8749
8619,8760
8594,8753
8568,8749
8814,8758
8637,8751
8757,8754
8696,8765
8562,8762
8757,8765
8637,8768
8682,8759
8624,8753
8672,8753
8776,8762
8667,8761
8746,8745
8657,8749
8630,8760
8674,8745
8638,8754
8757,8764
8679,8760
8738,8758
8809,8753
8589,8757
8788,8758
8600,8741
8619,8775
8811,8767
8582,8755
8676,8749
8699,8756
8659,8749
8717,8741
8587,8758
8724,8758
8636,8752
8705,8764
8766,8769
8652,8763
8773,8766
8741,8763
8551,8756
8806,8754
8599,8752
8683,8746
8803,8759
8729,8761
8825,8753
8641,8757
8783,8749
8589,8765
8677,8755
8764,8757
8589,8754
8725,8756
8720,8760
8716,8756
8769,8755
8601,8783
8640,8752
8576,8755
8604,8756
8869,8754
8666,8757
8776,8747
8731,8751
8626,8771
8763,8753
8630,8753
8657,8756
8663,8762
8640,8759
8700,8758
8679,8753
8764,8743
8649,8757
8571,8764
8737,8757
8668,8751
8796,8762
8665,8759
8770,8761
8804,8752
8599,8757
8759,8755
8588,8752
8590,8750
8798,8749
8557,8756
8694,8759
8781,8741
8686,8776
8742,8758
8649,8757
8740,8764
8644,8747
8677,8761
8759,8755
8690,8758
8791,8759
8744,8745
8621,8758
8733,8765
8570,8746
8783,8755
8644,8755
8695,8751
8805,8750
8604,8755
8809,8764
8636,8763
8613,8752
8720,8753
8631,8753
8757,8765
8687,8757
8736,8750
8798,8756
8618,8757
8739,8762
8613,8750
8666,8759
8894,8763
8581,8751
8812,8747
8750,8752
8745,8761
8753,8744
8548,8741
8613,8763
8616,8760
8581,8757
8700,8750
8598,8752
8718,8760
8715,8753
8567,8762
8721,8765
8629,8769
8746,8761
8608,8752
8702,8762
8719,8754
8583,8749
8728,8759
8530,8739
8644,8758
8656,8748
8624,8740
8734,8754
8787,8740
8810,8755
8839,8758
8643,8757
8803,8761
8633,8755
8632,8758
8754,8748
8625,8758
8705,8754
8658,8755
8732,8748
8680,8754
8540,8750
8709,8758
8614,8753
8670,8758
8745,8754
8696,8754
8807,8765
8631,8760
8581,8756
8686,8758
8601,8745
8730,8764
8532,8758
8689,8758
8732,8760
8618,8756
8707,8754
8608,8761
8735,8767
8643,8746
8636,8761
8752,8765
8724,8763
8777,8759
8742,8773
8545,8753
8706,8753
8603,8767
8653,8761
8754,8752
8655,8757
8812,8753
8644,8747
8743,8758
8674,8754
8563,8752
8761,8750
8568,8747
8723,8761
8737,8758
8691,8754
8748,8750
8614,8763
8602,8753
8700,8748
8627,8766
8713,8753
8533,8755
8755,8743
8909,8746
8587,8757
8812,8753
8659,8751
8659,8751
8724,8766
8628,8754
8657,8753
8716,8760
8677,8744
8730,8750
8642,8758
8689,8756
8643,8753
8703,8753
8758,8748
8679,8764
8767,8767
8576,8762
8767,8749
8639,8751
8555,8752
8768,8770
8562,8757
8687,8759
8763,8757
8717,8755
8695,8750
8524,8757
8568,8746
8436,8736
8461,8746
8645,8722
8375,8724
8661,8713
8536,8707
8337,8710
8444,8701
8314,8681
8509,8673
8334,8665
8485,8664
8389,8665
8390,8657
8360,8645
8366,8629
8295,8635
8355,8610
8290,8606
8286,8600
8287,8598
8325,8587
8335,8577
8359,8561
8234,8558
8254,8557
8292,8546
8306,8531
8320,8524
8140,8514
8245,8518
8279,8501
8263,8500
8249,8490
8203,8478
8349,8464
8157,8467
8248,8459
8427,8433
8251,8435
8312,8430
8295,8420
8273,8410
8266,8413
8226,8399
8242,8385
8275,8386
8269,8369
8202,8371
8163,8361
8233,8354
8180,8343
8259,8334
8413,8322
8311,8322
7990,8315
8145,8299
8127,8289
8051,8280
8115,8266
8115,8264
8160,8283
8074,8254
8067,8251
8094,8247
8163,8225
8135,8226
8037,8231
8013,8194
8099,8195
8106,8195
8096,8188
8058,8188
7974,8150
8013,8153
8044,8150
8133,8131
8168,8138
8016,8131
7944,8104
8007,8131
7995,8110
7984,8076
8058,8077
8048,8064
8086,8064
8021,8067
8046,8062
8049,8045
7972,8039
7962,8053
7945,8025
7922,8008
7928,8008
7910,8006
7869,7997
7936,8012
8007,7983
7924,7991
8027,7966
8032,7956
7992,7972
8053,7962
8059,7969
8115,7969
8074,7968
8127,7948
8112,7942
8118,7955
8108,7963
8115,7983
8111,7928
8128,7941
8149,7960
8132,7960
8156,7963
8166,7960
8128,7962
8140,7951
8140,7952
8167,7943
8167,7948
8181,7956
8145,7956
8175,7966
8176,7960
8155,7962
8167,7965
8174,7973
8136,7962
8176,7973
8168,7967
8173,7943
8219,7958
8164,7948
8185,7961
8137,7963
8157,7947
8133,7943
8167,7958
8145,7944
8138,7933
8146,7948
8125,7932
8171,7961
8139,7953
8110,7934
8050,7938
7982,7971
7798,7934
7696,7941
7645,7946
7634,7929
7489,7928
7551,7905
7478,7923
7436,7901
7445,7908
7391,7872
7422,7871
7424,7879
7406,7862
7478,7830
7460,7849
7515,7839
7437,7816
7430,7835
7371,7816
7386,7806
7319,7805
7306,7792
7317,7785
7449,7769
7388,7774
7403,7766
7431,7763
7298,7738
7313,7749
7331,7732
7374,7722
7409,7714
7362,7695
7342,7702
7308,7685
7343,7686
7397,7678
7351,7672
7269,7645
7289,7645
7355,7660
7312,7628
7263,7627
7300,7622
7319,7601
7480,7611
7131,7597
7079,7589
7308,7577
7133,7573
7183,7561
7316,7552
7220,7542
7083,7539
7181,7522
7258,7517
7136,7514
7203,7504
7221,7501
7194,7486
7168,7480
7189,7470
7111,7464
7201,7456
7128,7456
7113,7446
7213,7437
7169,7439
7072,7409
7150,7408
7041,7411
7237,7395
7160,7390
7121,7374
7116,7368
6995,7355
7198,7359
7034,7343
7173,7335
7122,7324
7196,7307
7022,7305
7105,7303
6989,7289
7106,7291
7016,7277
7048,7274
7005,7266
7038,7246
7028,7254
7096,7242
7103,7242
7067,7225
6956,7220
6982,7210
7011,7206
6989,7190
6980,7178
6970,7180
6997,7184
7113,7170
7130,7163
7061,7178
7182,7172
7186,7159
7098,7149
7191,7160
7146,7155
7241,7157
7244,7143
7219,7162
7315,7168
7185,7157
7212,7156
7125,7162
7142,7169
7328,7152
7121,7134
7312,7156
7248,7159
7163,7155
7326,7155
7122,7157
7155,7158
7159,7151
7148,7157
7346,7151
7296,7160
7304,7149
7336,7138
7094,7147
7380,7150
7239,7162
7280,7149
7283,7142
7185,7152
7322,7153
7234,7151
7343,7153
7270,7148
7165,7158
7303,7152
7155,7154
7277,7147
7238,7158
7151,7158
7198,7156
7126,7156
7125,7153
7162,7153
7150,7155
7224,7153
7179,7157
7217,7152
7241,7166
7082,7152
7222,7144
7059,7156
7184,7150
7096,7163
7186,7158
7333,7143
7140,7160
7358,7162
7255,7152
7096,7156
7338,7162
7137,7154
7249,7154
7380,7159
7190,7157
7380,7153
7178,7164
7330,7150
7180,7152
7142,7170
7357,7156
7128,7153
7267,7157
7237,7156
7179,7158
7222,7160
7199,7154
7248,7153
7182,7158
7211,7155
7372,7156
7156,7149
7312,7151
7232,7147
7097,7157
7316,7156
7185,7164
7202,7158
7190,7154
7213,7156
7353,7148
7219,7163
7358,7158
7242,7153
7152,7148
7180,7149
7100,7153
7361,7163
7243,7149
7261,7156
7212,7152
7159,7151
7262,7159
7201,7142
7100,7144
7264,7172
7175,7147
7212,7147
7219,7156
7131,7156
7319,7154
7123,7156
7181,7150
7182,7156
7162,7166
7236,7149
7166,7150
7272,7158
7201,7176
7124,7155
7246,7142
7159,7155
7280,7174
7294,7153
7269,7164
7303,7155
7130,7151
7366,7150
7129,7162
7131,7159
7270,7156
7119,7161
7315,7160
7218,7149
7177,7153
7238,7146
7322,7138
7191,7143
7280,7151
7153,7154
7378,7146
7144,7166
7262,7146
7210,7156
7138,7150
7286,7156
7087,7164
7185,7162
7170,7154
7108,7159
7282,7161
7207,7153
7287,7157
7213,7158
7108,7158
7215,7153
7147,7151
7325,7156
7191,7163
7248,7162
7266,7162
7125,7159
7279,7147
7186,7162
7145,7156
7267,7148
7188,7147
7232,7153
7177,7158
7175,7143
7262,7155
7064,7143
7188,7152
7115,7140
7133,7153
7269,7160
7136,7152
7262,7155
7279,7155
7127,7159
7291,7154
7169,7159
7189,7164
7115,7149
7169,7161
7344,7162
7158,7150
7344,7150
7131,7151
7137,7152
7188,7159
7141,7148
7251,7156
7216,7152
7211,7158
7244,7151
7283,7153
7241,7162
7242,7156
7188,7157
7307,7152
7233,7157
7259,7153
7190,7144
7296,7148
7199,7144
7139,7151
7249,7168
7118,7159
7153,7147
7317,7165
7153,7139
7361,7159
7238,7144
7072,7158
7314,7149
7137,7154
7303,7156
7171,7158
7268,7150
7266,7148
7117,7159
7299,7153
7210,7154
7193,7145
7216,7157
7275,7156
7237,7165
7217,7163
7221,7160
7297,7149
7205,7147
7243,7154
7147,7152
7172,7155
7337,7154
7085,7159
7278,7150
7206,7155
7181,7152
7233,7153
7197,7168
7257,7153
7126,7163
7239,7149
7254,7166
7266,7158
7280,7155
7085,7156
7098,7143
7161,7146
7102,7153
7305,7155
7080,7149
7267,7152
7303,7159
7208,7150
7276,7166
7228,7155
7141,7154
7248,7162
7177,7150
7252,7153
7294,7149
7204,7151
7299,7154
7176,7145
7284,7150
7149,7155
7202,7158
7340,7159
7137,7160
7330,7153
7260,7154
7284,7154
7278,7145
7149,7152
7300,7165
7139,7153
7198,7154
7173,7153
7224,7159
7231,7150
7140,7154
7130,7157
7280,7162
7278,7152
7244,7155
7210,7150
7263,7159
7266,7154
7172,7156
7261,7164
7160,7153
7208,7153
7208,7158
7121,7155
7329,7153
7265,7166
7260,7155
7217,7155
7044,7150
7350,7151
7150,7147
7166,7156
7382,7141
7160,7154
7358,7151
7209,7155
7275,7154
7221,7150
7104,7157
7234,7157
7177,7154
7234,7154
7207,7156
7250,7144
7275,7153
7129,7153
7127,7156
7244,7138
7182,7153
7283,7153
7128,7155
7240,7138
7361,7151
7214,7158
7285,7157
7171,7145
7218,7165
7190,7159
7167,7165
7328,7163
7244,7163
7374,7153
7249,7147
7104,7162
7276,7161
7082,7161
7222,7156
7264,7158
7201,7154
7300,7156
7189,7146
7297,7154
7247,7156
7215,7151
7251,7155
7244,7151
7207,7157
7260,7156
7220,7148
7265,7152
7175,7141
7183,7141
7239,7157
7212,7159
7271,7165
7183,7146
7225,7154
7269,7155
7065,7155
7358,7151
7245,7153
7218,7149
7146,7151
7214,7158
7348,7157
7175,7156
7288,7145
7182,7166
7120,7157
7196,7153
7141,7152
7222,7141
7223,7143
7287,7158
7265,7162
7178,7161
7214,7161
7233,7156
7152,7156
7247,7155
7123,7151
7252,7163
7430,7156
7218,7169
7406,7145
7267,7152
7161,7162
7277,7157
7153,7157
7276,7150
7174,7154
7303,7150
7280,7132
7163,7155
7303,7156
7222,7161
7353,7161
7329,7179
7431,7172
7534,7180
7426,7180
7484,7198
7432,7196
7490,7209
7486,7217
7496,7232
7546,7229
7466,7235
7545,7245
7507,7254
7569,7260
7546,7259
7588,7265
7537,7275
7604,7292
7573,7294
7575,7302
7535,7329
7587,7323
7559,7329
7646,7345
7642,7345
7626,7365
7623,7357
7695,7375
7625,7371
7562,7393
7676,7402
7603,7398
7658,7400
7634,7417
7645,7429
7653,7432
7587,7441
7659,7450
7646,7460
7657,7466
7699,7473
7673,7504
7714,7494
7750,7502
7714,7514
7744,7513
7725,7517
7800,7519
7766,7526
7858,7545
7681,7543
7648,7550
7743,7568
7782,7578
7669,7592
7813,7593
7850,7609
7796,7604
7743,7616
7828,7625
7841,7634
7783,7632
7761,7662
7795,7653
7860,7672
7846,7663
7799,7685
7783,7673
7902,7699
7896,7716
7874,7718
7823,7734
7858,7722
7895,7742
7938,7745
7897,7761
7883,7763
7802,7759
7843,7770
7799,7794
7951,7807
7951,7785
7971,7798
7924,7836
7899,7827
7931,7835
7863,7842
7885,7852
7884,7857
7960,7860
7968,7880
8029,7871
8010,7876
8029,7888
8043,7903
8050,7916
8112,7917
8016,7927
8004,7939
7982,7949
7968,7946
7981,7960
7887,7949
7859,7941
7863,7950
7856,7960
7884,7942
7847,7957
7841,7957
7815,7962
7851,7934
7845,7960
7820,7973
7821,7956
7818,7988
7826,7969
7836,7964
7803,7950
7827,7950
7814,7943
7806,7947
7817,7947
7778,7952
7804,7975
7786,7947
7794,7952
7799,7962
7832,7953
7801,7967
7787,7960
7782,7923
7769,7949
7778,7958
7780,7952
7813,7948
7767,7958
7811,7957
7776,7978
7781,7952
7797,7943
7778,7943
7810,7961
7797,7952
7792,7951
7814,7961
7827,7951
7794,7974
7864,7963
7937,7945
8015,7972
8159,7970
8213,7961
8319,7982
8398,7985
8445,7990
8425,7973
8432,8013
8448,8002
8476,8012
8512,8023
8482,8028
8464,8047
8456,8040
8467,8051
8410,8060
8414,8061
8411,8066
8449,8076
8482,8092
8538,8109
8565,8111
8559,8113
8513,8111
8463,8151
8433,8146
8445,8137
8537,8158
8577,8175
8633,8172
8581,8181
8560,8191
8529,8192
8588,8207
8648,8230
8615,8225
8600,8239
8553,8243
8680,8224
8699,8255
8645,8273
8597,8258
8581,8267
8690,8293
8669,8296
8609,8306
8601,8311
8706,8299
8645,8324
8489,8327
8674,8341
8660,8350
8620,8361
8671,8365
8821,8381
8633,8377
8687,8389
8720,8397
8740,8404
8620,8410
8713,8429
8689,8420
8666,8434
8743,8443
8629,8461
8686,8460
8745,8467
8640,8479
8722,8486
8801,8505
8679,8492
8890,8508
8696,8526
8797,8507
8762,8536
8877,8545
8794,8551
8703,8558
8826,8564
8782,8569
8911,8582
8756,8590
8877,8599
8803,8607
8942,8619
8834,8615
8892,8628
8864,8651
8941,8658
8859,8657
8902,8662
8825,8685
8980,8677
8865,8692
9012,8686
8960,8692
8868,8716
8915,8729
8793,8727
8842,8732
8834,8752
8857,8732
8735,8736
8608,8741
8778,8749
8587,8740
8753,8760
8619,8759
8681,8762
8770,8750
8615,8761
8771,8751
8639,8752
8662,8755
8612,8742
8571,8752
8733,8763
8777,8756
8730,8756
8726,8762
8520,8760
8705,8765
8568,8760
8659,8756
8752,8751
8638,8755
8709,8738
8633,8752
8781,8753
8711,8767
8550,8739
8744,8750
8566,8762
8775,8752
8727,8758
8673,8765
8726,8758
8630,8752
8622,8748
8646,8747
8535,8748
8679,8765
8588,8749
8707,8762
8726,8757
8564,8754
8732,8753
8535,8760
8638,8749
8544,8754
8624,8754
8796,8761
8701,8764
8720,8751
8731,8762
8669,8757
8743,8756
8681,8756
8710,8762
8786,8763
8690,8753
8773,8754
8633,8750
8812,8764
8650,8747
8608,8766
8812,8756
8610,8749
8773,8776
8787,8757
8640,8753
8810,8754
8661,8740
8620,8762
8600,8748
8542,8757
8828,8756
8607,8753
8730,8760
8724,8745
8620,8757
8688,8754
8541,8758
8657,8761
8587,8743
8634,8762
8713,8762
8614,8753
8793,8763
8737,8757
8586,8752
8724,8759
8618,8750
8755,8741
8744,8754
8677,8760
8790,8748
8609,8748
8811,8757
8670,8747
8544,8764
8691,8754
8599,8758
8773,8772
8723,8753
8710,8762
8680,8746
8599,8749
8743,8759
8536,8768
8672,8767
8808,8754
8656,8749
8769,8757
8680,8757
8542,8758
8730,8752
8561,8753
8649,8753
8656,8755
8710,8763
8764,8753
8596,8760
8875,8758
8685,8748
8598,8763
8601,8756
8618,8749
8786,8760
8825,8747
8625,8760
8795,8766
8643,8754
8839,8763
8669,8749
8541,8752
8834,8753
8564,8752
8774,8759
8829,8759
8745,8758
8715,8751
8653,8763
8685,8765
8694,8764
8672,8748
8692,8764
8656,8753
8733,8765
8691,8761
8626,8762
8640,8756
8590,8765
8753,8758
8591,8751
8745,8761
8766,8756
8578,8742
8826,8756
8631,8751
8549,8760
8657,8759
8544,8759
8763,8756
8778,8753
8652,8753
8808,8763
8638,8758
8738,8760
8757,8762
8697,8758
8773,8750
8644,8757
8753,8753
8674,8753
8716,8757
8717,8760
8574,8761
8639,8755
8672,8762
8608,8758
8748,8761
8633,8750
8806,8745
8646,8767
8584,8750
8621,8752
8633,8773
8718,8756
8591,8751
8649,8758
8735,8745
8592,8753
8811,8747
8596,8753
8599,8756
8607,8751
8589,8750
8807,8756
8760,8759
8755,8749
8773,8747
8621,8746
8791,8748
8602,8748
8606,8753
8750,8755
8595,8759
8733,8762
8714,8751
8782,8755
8745,8753
8531,8762
8720,8761
8593,8751
8695,8756
8734,8759
8685,8762
8766,8765
8645,8756
8586,8759
8633,8757
8539,8753
8765,8754
8578,8754
8659,8754
8798,8750
8651,8761
8811,8752
8737,8757
8675,8762
8675,8753
8639,8755
8742,8748
8713,8759
8718,8768
8682,8754
8633,8758
8745,8753
8579,8763
8627,8752
8777,8743
8640,8756
8771,8741
8657,8759
8836,8752
8650,8759
8568,8758
8698,8749
8631,8760
8657,8759
8767,8758
8656,8755
8765,8758
8663,8756
8560,8755
8690,8750
8699,8753
8806,8747
8589,8759
8765,8762
8748,8752
8594,8752
8759,8756
8611,8761
8610,8750
8665,8765
8555,8751
8744,8761
8730,8748
8779,8759
8719,8760
8530,8756
8785,8748
8592,8746
8736,8761
8747,8751
8725,8757
8798,8755
8654,8761
8763,8759
8590,8764
8571,8766
8741,8766
8582,8756
8746,8752
8850,8752
8702,8763
8921,8760
8678,8757
8643,8761
8685,8756
8613,8752
8704,8749
8719,8755
8641,8759
8775,8749
8733,8747
8676,8758
8620,8751
8672,8763
8801,8765
8555,8752
8769,8760
8623,8763
8826,8757
8583,8757
8527,8749
8771,8753
8591,8751
8739,8748
8774,8748
8685,8752
8780,8767
8580,8756
8562,8748
8712,8761
8677,8763
8740,8757
8624,8753
8807,8750
8780,8763
8577,8745
8794,8750
8590,8752
8600,8761
8647,8757
8640,8768
8775,8753
8738,8747
8771,8762
8716,8754
8580,8750
8699,8756
8558,8755
8720,8762
8813,8757
8612,8757
8815,8762
8737,8753
8730,8762
8694,8763
8642,8752
8675,8750
8693,8752
8721,8757
8687,8750
8764,8757
8835,8757
8626,8755
8664,8762
8645,8776
8675,8758
8760,8753
8557,8754
8672,8757
8761,8746
8635,8757
8717,8753
8617,8744
8666,8761
8658,8753
8628,8761
8767,8768
8661,8750
8785,8761
8638,8762
8568,8761
8691,8768
8543,8748
8675,8758
8784,8749
8626,8763
8771,8753
8634,8760
8727,8758
8738,8753
8593,8760
8724,8758
8672,8760
8680,8744
8770,8749
8767,8757
8792,8747
8639,8754
8688,8772
8659,8763
8654,8758
8766,8746
8608,8749
8700,8764
8679,8756
8663,8750
8695,8745
8568,8756
8743,8751
8551,8753
8618,8764
8851,8751
8552,8758
8796,8750
8671,8751
8558,8754
8732,8755
8507,8754
8590,8749
8640,8759
8588,8738
8648,8735
8348,8736
8627,8726
8345,8715
8418,8723
8556,8694
8397,8702
8503,8684
8337,8677
8520,8678
8322,8659
8264,8659
8304,8653
8402,8639
8319,8624
8290,8620
8345,8615
8303,8607
8280,8596
8252,8607
8263,8584
8329,8575
8288,8572
8310,8572
8276,8558
8305,8541
8250,8541
8261,8523
8225,8527
8234,8526
8225,8516
8337,8506
8322,8492
8156,8488
8265,8474
8308,8467
8272,8467
8284,8453
8255,8448
8265,8438
8322,8423
8249,8418
8245,8418
8264,8411
8231,8396
8237,8385
8265,8382
8237,8382
8226,8378
8246,8355
8034,8352
8252,8342
8393,8332
8432,8334
8219,8324
8010,8336
8249,8307
8189,8287
8074,8294
8057,8267
8161,8283
8143,8247
8090,8255
8067,8257
8124,8248
8159,8219
8084,8207
8010,8223
8066,8212
8096,8194
8158,8185
8097,8181
8082,8172
7959,8170
7941,8159
8163,8148
8153,8149
8125,8146
8070,8121
8007,8109
7972,8102
7981,8085
8001,8095
8027,8076
8035,8070
8149,8065
8053,8063
8055,8035
8033,8041
7971,8015
7964,8005
7962,8020
7913,7986
7919,7994
7873,7999
7929,7982
7925,7993
8023,7976
7976,7963
8044,7970
8009,7959
8017,7996
8052,7932
8069,7976
8089,7963
8061,7955
8081,7969
8103,7942
8090,7956
8121,7965
8115,7958
8163,7951
8144,7952
8150,7930
8145,7949
8181,7946
8163,7938
8125,7948
8151,7953
8153,7939
8169,7959
8146,7963
8180,7957
8137,7955
8120,7961
8148,7963
8155,7962
8170,7954
8138,7938
8163,7962
8153,7937
8167,7936
8144,7960
8153,7963
8149,7965
8177,7944
8138,7954
8148,7963
8154,7950
8147,7957
8148,7948
8165,7956
8127,7945
8128,7946
8136,7967
8136,7955
8132,7929
8018,7954
7850,7967
7819,7939
7705,7941
7583,7943
7600,7917
7497,7921
7495,7922
7450,7902
7432,7899
7427,7899
7427,7884
7434,7877
7453,7863
7422,7853
7440,7843
7455,7841
7509,7822
7439,7833
7464,7818
7413,7818
7352,7805
7340,7811
7329,7790
7328,7785
7424,7767
7411,7766
7413,7755
7386,7743
7323,7745
7304,7730
7339,7731
7409,7717
7380,7708
7354,7693
7335,7700
7341,7689
7348,7679
7423,7673
7319,7658
7286,7653
7294,7658
7375,7635
7347,7626
7235,7628
7218,7625
7197,7611
7372,7608
7153,7591
7211,7580
7274,7577
7177,7574
7139,7566
7219,7551
7281,7540
7135,7535
7155,7524
7223,7504
7171,7533
7139,7503
7234,7493
7119,7493
7192,7488
7240,7471
7146,7466
7175,7455
7147,7451
7106,7429
7232,7430
7122,7408
7189,7420
7075,7406
6985,7391
7274,7387
7101,7384
7207,7367
7148,7376
7116,7357
7123,7347
7026,7343
7208,7335
7098,7322
7129,7321
7083,7314
7094,7315
6998,7283
7140,7296
7009,7268
7095,7272
6930,7270
7080,7255
6921,7251
7000,7248
6978,7217
6958,7224
6973,7209
6911,7203
6966,7195
6926,7191
7042,7187
7077,7172
7055,7176
7060,7171
7085,7182
7011,7165
7015,7168
7142,7154
7142,7151
7176,7166
7206,7162
7107,7148
7279,7158
7088,7158
7229,7156
7322,7155
7265,7159
7236,7157
7033,7156
7335,7158
7176,7150
7119,7157
7286,7150
7116,7140
7336,7155
7424,7143
7197,7156
7420,7164
7184,7158
7213,7166
7221,7153
7142,7155
7355,7151
7104,7160
7291,7152
7253,7161
7188,7140
7322,7159
7168,7149
7205,7156
7230,7148
7151,7158
7287,7153
7207,7149
7322,7152
7347,7151
7141,7168
7215,7149
7108,7153
7255,7159
7242,7158
7167,7151
7247,7145
7286,7154
7210,7154
7156,7149
7142,7161
7228,7147
7120,7159
7269,7138
7208,7158
7275,7147
7271,7148
7055,7151
7153,7156
7135,7165
7120,7151
7304,7151
7107,7142
7334,7155
7406,7154
7209,7148
7333,7155
7122,7151
7247,7156
7132,7154
7279,7151
7264,7160
7136,7155
7349,7157
7258,7151
7100,7161
7223,7155
7181,7149
7318,7159
7315,7151
7303,7148
7311,7156
7186,7153
7348,7146
7153,7159
7152,7158
7323,7158
7137,7155
7242,7158
7247,7144
7249,7167
7261,7159
7101,7151
7175,7155
7216,7154
7248,7157
7335,7146
7190,7152
7364,7162
7230,7142
7088,7157
7211,7153
7070,7155
7246,7148
7112,7151
7189,7155
7233,7168
7207,7158
7206,7160
7267,7147
7175,7156
7234,7156
7158,7159
7330,7156
7234,7151
7240,7153
7245,7147
7139,7156
7285,7149
7105,7155
7153,7149
7375,7154
7096,7153
7295,7152
7304,7150
7199,7168
7281,7157
7121,7151
7247,7152
7153,7153
7182,7151
7253,7159
7246,7146
7314,7151
7164,7161
7149,7152
7204,7147
7212,7152
7270,7157
7234,7153
7225,7157
7231,7151
7130,7154
7360,7167
7156,7156
7132,7161
7201,7162
7120,7152
7194,7161
7346,7154
7182,7161
7282,7155
7217,7152
7300,7148
7201,7147
7184,7156
7357,7156
7191,7159
7284,7150
7138,7157
7295,7162
7157,7160
7019,7161
7220,7154
7092,7147
7206,7157
7256,7146
7172,7152
7257,7155
7263,7149
7152,7154
7216,7154
7139,7144
7334,7157
7123,7155
7190,7155
7222,7162
7207,7152
7181,7168
7174,7148
7176,7149
7155,7160
7100,7161
7279,7153
7281,7156
7282,7162
7329,7145
7114,7152
7316,7165
7148,7156
7189,7159
7307,7141
7180,7161
7295,7148
7162,7157
7265,7168
7227,7154
7218,7164
7208,7160
7303,7157
7245,7154
7217,7153
7213,7143
7373,7147
7184,7156
7163,7152
7162,7150
7219,7151
7271,7164
7129,7156
7259,7154
7286,7154
7157,7160
7292,7165
7127,7150
7174,7157
7190,7151
7141,7144
7348,7159
7207,7161
7363,7159
7181,7155
7083,7156
7279,7162
7119,7150
7257,7157
7196,7154
7241,7156
7292,7157
7274,7143
7276,7152
7248,7148
7124,7153
7282,7153
7197,7151
7205,7158
7279,7154
7177,7159
7311,7146
7238,7155
7162,7161
7179,7149
7197,7141
7285,7155
7188,7155
7338,7160
7226,7157
7080,7156
7224,7150
6976,7154
7271,7155
7068,7153
7150,7151
7287,7161
7115,7148
7302,7153
7227,7152
7162,7143
7276,7147
7218,7167
7140,7154
7226,7159
7190,7159
7347,7154
7260,7151
7278,7160
7203,7158
7173,7156
7328,7168
7139,7155
7298,7161
7305,7148
7234,7162
7273,7149
7143,7154
7179,7151
7206,7162
7150,7162
7348,7153
7175,7148
7251,7159
7180,7154
7107,7152
7219,7151
7140,7149
7212,7162
7140,7153
7170,7156
7151,7144
7129,7143
7295,7153
7146,7145
7132,7154
7219,7148
7159,7155
7227,7158
7255,7143
7268,7159
7429,7160
7131,7159
7106,7158
7212,7141
7130,7155
7287,7154
7067,7155
7322,7150
7280,7160
7103,7150
7299,7158
7086,7142
7271,7154
7130,7155
7154,7158
7327,7153
7194,7155
7247,7151
7267,7149
7186,7159
7255,7163
7150,7159
7245,7149
7220,7160
7222,7152
7333,7162
7235,7148
7289,7150
7234,7164
7149,7148
7252,7155
7199,7143
7264,7149
7257,7157
7225,7158
7369,7160
7157,7150
7163,7159
7246,7144
7170,7149
7397,7155
7138,7148
7351,7157
7236,7152
7148,7156
7183,7158
7083,7151
7205,7160
7160,7159
7155,7162
7191,7159
7207,7154
7193,7156
7184,7157
7202,7144
7229,7144
7212,7157
7163,7154
7273,7177
7209,7162
7359,7161
7177,7164
7350,7160
7107,7145
7180,7166
7315,7146
7114,7154
7237,7153
7256,7156
7269,7154
7290,7152
7167,7155
7272,7158
7108,7147
7124,7155
7372,7159
7159,7151
7281,7152
7238,7129
7192,7157
7235,7154
7164,7156
7263,7157
7195,7151
7210,7165
7317,7158
7200,7153
7327,7154
7264,7152
7094,7149
7345,7159
7156,7158
7211,7153
7264,7154
7194,7151
7375,7148
7280,7155
7344,7156
7185,7155
7215,7175
7348,7143
7189,7161
7424,7150
7297,7159
7385,7172
7381,7169
7279,7170
7462,7172
7378,7173
7468,7188
7452,7194
7470,7206
7499,7214
7482,7220
7528,7229
7472,7225
7602,7244
7513,7249
7548,7264
7505,7265
7563,7275
7538,7289
7610,7290
7572,7304
7584,7304
7559,7327
7601,7323
7503,7335
7613,7330
7598,7358
7620,7352
7541,7362
7602,7378
7632,7396
7724,7381
7719,7400
7653,7397
7697,7402
7623,7415
7656,7432
7707,7447
7692,7449
7715,7454
7702,7457
7693,7474
7744,7475
7725,7485
7670,7493
7733,7510
7767,7517
7696,7517
7773,7520
7597,7534
7754,7540
7880,7552
7791,7554
7652,7568
7693,7581
7662,7576
7702,7585
7783,7601
7817,7595
7715,7603
7786,7622
7834,7617
7860,7631
7752,7631
7730,7652
7856,7662
7824,7684
7829,7659
7756,7679
7814,7693
7914,7695
7879,7702
7878,7715
7804,7735
7864,7740
7883,7754
7963,7732
7953,7772
7918,7759
7774,7779
7838,7773
7833,7790
7944,7812
7919,7795
7934,7796
7966,7816
7941,7823
7894,7846
7875,7831
7876,7852
7978,7868
7990,7865
7955,7865
7990,7892
7997,7882
8036,7897
8046,7884
8024,7923
8046,7923
8050,7933
7965,7933
7965,7949
7892,7937
7976,7950
7920,7936
7888,7953
7874,7963
7867,7960
7880,7948
7861,7965
7844,7963
7787,7955
7846,7947
7799,7962
7825,7956
7838,7946
7821,7960
7803,7944
7813,7972
7840,7964
7832,7954
7800,7973
7798,7974
7800,7948
7816,7929
7806,7962
7789,7950
7803,7980
7801,7975
7794,7950
7789,7951
7827,7952
7793,7966
7762,7969
7747,7970
7816,7952
7784,7940
7785,7952
7791,7978
7768,7961
7804,7955
7798,7957
7776,7944
7793,7951
7804,7952
7783,7957
7788,7932
7822,7954
7824,7943
7859,7953
7932,7962
8073,7965
8118,7955
8213,7973
8331,7969
8332,7994
8432,7986
8439,7998
8473,7998
8458,8005
8518,8009
8471,8030
8460,8035
8426,8057
8468,8053
8400,8056
8404,8063
8393,8067
8364,8076
8430,8084
8480,8106
8497,8098
8553,8123
8575,8108
8572,8139
8447,8137
8431,8141
8421,8161
8617,8152
8702,8170
8622,8169
8586,8188
8544,8185
8565,8205
8666,8209
8675,8211
8673,8218
8590,8231
8593,8261
8674,8254
8636,8246
8664,8268
8557,8268
8666,8289
8670,8289
8656,8293
8549,8295
8680,8310
8683,8316
8620,8337
8538,8343
8593,8341
8713,8355
8495,8363
8537,8375
8807,8360
8724,8371
8653,8400
8767,8404
8673,8399
8669,8418
8758,8415
8723,8424
8651,8429
8736,8446
8691,8467
8737,8467
8786,8463
8701,8488
8748,8483
8653,8492
8742,8500
8870,8512
8653,8525
8835,8534
8759,8531
8895,8539
8765,8554
8826,8549
8828,8564
8751,8598
8871,8570
8785,8587
8856,8604
8761,8608
8877,8624
8839,8630
8951,8636
8855,8625
8913,8642
8810,8656
8923,8662
8898,8672
8918,8689
8760,8675
8917,8704
9007,8696
8893,8714
8965,8718
8869,8714
8915,8751
8801,8735
8746,8739
8902,8738
8711,8739
8879,8745
8672,8749
8753,8752
8768,8758
8672,8754
8717,8760
8589,8744
8698,8754
8835,8742
8719,8753
8781,8755
8680,8757
8682,8766
8671,8751
8609,8761
8776,8750
8552,8736
8738,8749
8729,8749
8594,8765
8752,8751
8555,8746
8594,8752
8652,8764
8618,8758
8739,8750
8642,8759
8784,8764
8700,8748
8490,8752
8676,8764
8523,8750
8697,8762
8627,8754
8672,8751
8714,8750
8566,8760
8763,8748
8684,8751
8607,8762
8779,8757
8526,8756
8699,8762
8837,8766
8679,8758
8798,8763
8633,8755
8647,8754
8628,8750
8635,8739
8701,8770
8671,8764
8713,8752
8641,8750
8660,8748
8701,8752
8623,8758
8676,8756
8650,8751
8790,8761
8734,8749
8560,8763
8793,8755
8748,8757
8565,8759
8717,8739
8519,8757
8615,8764
8799,8760
8631,8760
8739,8758
8719,8746
8792,8760
8684,8759
8643,8755
8790,8753
8632,8754
8759,8760
8740,8757
8679,8777
8751,8745
8560,8752
8647,8760
8627,8752
8577,8753
8790,8767
8537,8750
8765,8769
8747,8754
8572,8755
8740,8759
8591,8757
8696,8761
8674,8759
8672,8760
8752,8751
8646,8759
8744,8760
8686,8751
8615,8751
8679,8758
8554,8750
8788,8762
8823,8759
8751,8740
8767,8749
8615,8760
8870,8754
8652,8742
8614,8756
8749,8760
8602,8757
8710,8752
8714,8746
8723,8759
8795,8753
8540,8751
8649,8762
8528,8743
8677,8754
8779,8751
8627,8756
8804,8757
8656,8760
8598,8758
8732,8759
8522,8759
8758,8763
8573,8737
8678,8765
8766,8754
8683,8755
8840,8754
8725,8752
8609,8757
8741,8763
8709,8749
8714,8748
8722,8757
8726,8763
8697,8752
8627,8758
8697,8748
8627,8757
8690,8765
8731,8752
8624,8747
8755,8769
8650,8759
8752,8743
8629,8767
8533,8757
8805,8762
8521,8756
8668,8764
8828,8763
8588,8763
8819,8757
8619,8750
8559,8761
8660,8768
8559,8755
8756,8751
8784,8750
8797,8765
8878,8758
8535,8761
8769,8758
8621,8763
8601,8759
8753,8756
8532,8758
8706,8760
8790,8763
8627,8763
8736,8759
8597,8767
8650,8747
8541,8767
8679,8763
8774,8760
8601,8758
8735,8747
8677,8755
8615,8756
8701,8756
8585,8749
8732,8753
8591,8759
8692,8755
8750,8752
8593,8758
8883,8750
8708,8750
8610,8762
8699,8757
8629,8760
8776,8753
8752,8752
8698,8760
8709,8753
8668,8750
8688,8753
8684,8759
8690,8768
8766,8756
8613,8756
8776,8761
8724,8757
8760,8764
8672,8752
8552,8766
8737,8747
8534,8762
8628,8773
8777,8748
8647,8771
8723,8755
8672,8749
8589,8761
8687,8759
8557,8766
8741,8758
8617,8740
8805,8758
8789,8764
8584,8754
8827,8767
8670,8758
8663,8766
8645,8756
8576,8755
8817,8766
8793,8752
8722,8756
8772,8747
8601,8761
8741,8766
8583,8748
8698,8756
8822,8755
8620,8752
8786,8758
8718,8759
8736,8760
8758,8753
8524,8750
8723,8759
8600,8751
8614,8767
8677,8751
8630,8758
8763,8755
8617,8770
8585,8746
8656,8754
8624,8749
8750,8753
8575,8756
8702,8766
8748,8760
8618,8762
8804,8754
8748,8758
8687,8752
8653,8746
8627,8756
8775,8743
8701,8750
8775,8756
8662,8757
8573,8756
8710,8759
8530,8752
8735,8756
8778,8761
8683,8769
8777,8763
8708,8757
8780,8752
8726,8754
8569,8756
8705,8759
8651,8778
8749,8759
8801,8745
8645,8755
8726,8754
8636,8768
8636,8762
8619,8763
8599,8758
8772,8743
8622,8756
8714,8764
8771,8767
8626,8771
8799,8764
8607,8759
8724,8760
8597,8750
8620,8757
8765,8762
8682,8766
8751,8746
8653,8752
8531,8753
8726,8757
8604,8758
8668,8748
8711,8755
8638,8768
8735,8753
8676,8740
8862,8760
8672,8763
8633,8752
8771,8758
8577,8767
8715,8764
8757,8758
8686,8764
8759,8750
8693,8759
8631,8760
8689,8748
8596,8768
8767,8760
8593,8750
8730,8750
8752,8754
8579,8756
8716,8753
8597,8757
8782,8757
8590,8749
8653,8751
8784,8751
8672,8769
8793,8756
8645,8768
8607,8763
8722,8747
8593,8756
8665,8752
8707,8758
8717,8762
8744,8752
8663,8750
8794,8769
8667,8750
8649,8758
8720,8766
8630,8754
8781,8771
8755,8755
8673,8762
8752,8750
8565,8764
8705,8763
8586,8753
8622,8754
8822,8759
8583,8753
8824,8758
8717,8749
8581,8761
8721,8743
8571,8750
8639,8763
8574,8756
8546,8761
8776,8762
8753,8754
8733,8755
8747,8751
8629,8756
8689,8766
8627,8763
8684,8765
8722,8753
8701,8756
8755,8759
8650,8764
8787,8749
8667,8758
8636,8755
8754,8756
8656,8753
8780,8756
8704,8750
8736,8768
8735,8765
8572,8759
8748,8756
8569,8745
8623,8743
8703,8756
8607,8751
8769,8768
8574,8749
8419,8758
8641,8746
8474,8745
8649,8737
8321,8738
8544,8728
8576,8712
8348,8711
8541,8713
8360,8675
8384,8688
8275,8680
8397,8678
8537,8662
8433,8653
8331,8653
8352,8647
8375,8634
8340,8623
8300,8616
8274,8602
8299,8598
8317,8600
8254,8582
8269,8578
8278,8562
8277,8565
8243,8550
8220,8548
8252,8556
8374,8532
8177,8527
8181,8514
8323,8494
8216,8490
8282,8487
8237,8481
8283,8474
8241,8464
8221,8462
8343,8445
8260,8440
8272,8428
8320,8436
8257,8413
8273,8412
8292,8398
8248,8396
8276,8393
8330,8385
8217,8355
8132,8358
8267,8354
8107,8357
8184,8332
8370,8337
8369,8330
8229,8318
8059,8298
8212,8305
8167,8293
8082,8269
8147,8268
8144,8264
8125,8244
8054,8246
8118,8212
8098,8213
8140,8237
8083,8236
7974,8217
8011,8207
8117,8195
8153,8195
8066,8182
8007,8187
8022,8157
8006,8152
8134,8142
8164,8153
8036,8127
8047,8135
8011,8121
8004,8111
7995,8094
8001,8070
8049,8081
8085,8092
8070,8054
8066,8065
8054,8059
8029,8055
7991,8052
7940,8041
7952,8016
7890,8001
7964,8002
7919,7999
7982,7988
7905,7976
7937,7965
8012,7977
7976,7970
8056,7972
8007,7946
8081,7948
8064,7966
8079,7940
8084,7950
8091,7957
8115,7954
8131,7954
8115,7972
8114,7960
8136,7954
8153,7939
8142,7943
8167,7960
8157,7944
8149,7939
8129,7963
8170,7968
8125,7953
8167,7944
8175,7972
8161,7950
8173,7951
8133,7959
8168,7956
8134,7949
8165,7938
8154,7956
8177,7969
8125,7949
8172,7953
8178,7959
8187,7946
8157,7951
8181,7950
8156,7938
8167,7954
8162,7955
8154,7961
8153,7938
8146,7960
8160,7950
8149,7946
8148,7950
8139,7946
8059,7975
7981,7951
7837,7951
7779,7951
7719,7934
7631,7942
7613,7925
7479,7929
7415,7913
7387,7916
7448,7898
7391,7871
7422,7878
7409,7872
7407,7876
7404,7854
7438,7843
7473,7845
7459,7832
7443,7824
7439,7822
7395,7813
7357,7794
7337,7791
7338,7777
7390,7781
7417,7778
7385,7765
7427,7766
7288,7751
7279,7735
7332,7727
7353,7730
7435,7723
7405,7702
7345,7693
7315,7697
7338,7673
7361,7677
7371,7670
7311,7666
7238,7646
7295,7635
7399,7655
7254,7628
7296,7624
7350,7616
7365,7607
7470,7597
7091,7587
7271,7588
7205,7577
7081,7559
7262,7564
7197,7552
7245,7552
7142,7551
7238,7524
7207,7511
7129,7497
7216,7500
7165,7497
7113,7498
7220,7491
7160,7471
7086,7453
7255,7454
7150,7443
7195,7434
7235,7431
7096,7419
7229,7403
6974,7398
7150,7400
7183,7380
7112,7377
7211,7366
7019,7363
7181,7355
7013,7351
7075,7339
7196,7333
7144,7319
7159,7327
7028,7306
7076,7295
7115,7290
7145,7292
7036,7281
7060,7273
6956,7261
7003,7255
7018,7244
7042,7234
6991,7229
7025,7216
7016,7225
6923,7207
7012,7194
6854,7181
7077,7180
6975,7193
7058,7166
7086,7162
7167,7169
7252,7168
7111,7161
7085,7167
7120,7151
7088,7162
7290,7158
7142,7161
7294,7164
7210,7142
7126,7159
7224,7160
7067,7156
7224,7162
7022,7140
7208,7156
7317,7153
7178,7156
7310,7148
7291,7148
7146,7160
7370,7163
7110,7141
7245,7155
7307,7138
7228,7150
7353,7165
7210,7156
7374,7162
7212,7149
7227,7160
7351,7145
7190,7153
7209,7151
7389,7152
7201,7156
7338,7155
7211,7151
7202,7155
7134,7139
7199,7156
7320,7153
7182,7159
7229,7144
7172,7151
7095,7145
7223,7155
7140,7154
7156,7150
7182,7159
7212,7150
7297,7143
7137,7152
7269,7152
7136,7159
7109,7153
7171,7164
7069,7161
7210,7151
7342,7170
7245,7159
7323,7156
7147,7147
7318,7147
7176,7156
7151,7152
7357,7162
7157,7152
7304,7140
7240,7150
7304,7154
7286,7151
7103,7145
7217,7155
7109,7155
7231,7154
7271,7151
7157,7157
7290,7156
7293,7154
7155,7160
7342,7141
7211,7160
7193,7164
7222,7157
7243,7150
7262,7150
7186,7146
7309,7157
7201,7160
7190,7154
7155,7160
7127,7160
7312,7147
7281,7148
7271,7158
7388,7160
7163,7137
7387,7152
7128,7154
7125,7150
7342,7162
7144,7155
7274,7156
7093,7159
7310,7140
7273,7154
7105,7163
7145,7160
7228,7171
7191,7160
7222,7153
7211,7154
7227,7159
7222,7161
7149,7158
7173,7151
7091,7157
7268,7163
7144,7146
7265,7171
7307,7155
7124,7163
7289,7160
7187,7147
7181,7154
7298,7151
7184,7145
7407,7156
7256,7147
7309,7161
7258,7148
7116,7156
7275,7154
7081,7149
7150,7149
7305,7157
7167,7160
7271,7147
7173,7168
7143,7166
7266,7151
7158,7144
7194,7165
7126,7146
7226,7157
7303,7144
7156,7157
7240,7144
7294,7153
7169,7152
7280,7146
7176,7144
7209,7146
7279,7135
7221,7157
7269,7160
7122,7150
7367,7149
7068,7150
7168,7155
7356,7149
7144,7157
7300,7164
7156,7152
7254,7155
7207,7163
7182,7148
7177,7166
7177,7164
7229,7155
7198,7150
7198,7143
7167,7161
7116,7150
7152,7171
7140,7143
7113,7156
7257,7156
7175,7156
7258,7156
7281,7137
7146,7154
7306,7154
7234,7157
7169,7154
7212,7153
7101,7162
7307,7158
7281,7156
7264,7158
7231,7158
7146,7157
7146,7147
7101,7157
7190,7158
7268,7154
7135,7158
7242,7154
7175,7144
7244,7157
7170,7159
7190,7154
7277,7159
7127,7157
7290,7154
7249,7159
7237,7154
7325,7155
7264,7148
7096,7165
7266,7142
7133,7155
7262,7154
7159,7142
7265,7157
7308,7148
7090,7152
7366,7150
7146,7149
7229,7159
7147,7145
7269,7151
7300,7159
7192,7158
7232,7155
7238,7153
7127,7147
7293,7148
7166,7156
7185,7150
7240,7149
7194,7151
7213,7151
7200,7149
7307,7152
7263,7150
7223,7162
7250,7153
7207,7149
7198,7162
7278,7153
7220,7144
7281,7144
7161,7162
7163,7156
7185,7155
7111,7151
7286,7160
7100,7165
7340,7157
7243,7146
7095,7162
7231,7155
7073,7161
7231,7153
7093,7152
7159,7166
7256,7157
7240,7154
7195,7157
7194,7153
7231,7143
7197,7155
7126,7158
7298,7157
7280,7158
7186,7144
7346,7157
7222,7156
7368,7148
7306,7162
7091,7147
7247,7155
7162,7158
7245,7152
7337,7151
7159,7158
7300,7148
7193,7157
7282,7155
7135,7155
7253,7158
7297,7154
7158,7154
7264,7166
7207,7153
7122,7160
7239,7152
7105,7143
7236,7151
7193,7163
7207,7152
7242,7157
7205,7148
7302,7142
7221,7160
7086,7157
7259,7141
7144,7147
7163,7157
7325,7162
7219,7164
7308,7157
7166,7155
7316,7149
7216,7161
7092,7162
7312,7157
7094,7136
7353,7139
7253,7145
7305,7145
7228,7152
7110,7152
7230,7164
7135,7143
7168,7155
7238,7166
7106,7160
7158,7154
7242,7155
7256,7166
7240,7157
7185,7149
7237,7161
7240,7151
7176,7153
7313,7159
7160,7153
7336,7152
7209,7153
7102,7162
7310,7148
7118,7161
7279,7155
7341,7149
7208,7164
7339,7153
7184,7155
7172,7156
7183,7154
7229,7157
7283,7166
7163,7160
7331,7153
7234,7150
7126,7150
7268,7145
7203,7167
7247,7159
7211,7149
7287,7156
7235,7160
7259,7155
7267,7145
7311,7155
7082,7156
7328,7149
7152,7152
7171,7148
7278,7149
7186,7165
7245,7156
7162,7144
7296,7154
7216,7158
7190,7151
7317,7163
7120,7156
7364,7160
7241,7163
7303,7147
7247,7153
7094,7159
7242,7163
7073,7154
7192,7158
7318,7149
7145,7146
7281,7159
7314,7181
7241,7155
7287,7148
7163,7146
7257,7179
7212,7159
7137,7163
7333,7157
7282,7145
7266,7164
7212,7154
7121,7153
7228,7151
7172,7146
7236,7161
7339,7166
7181,7163
7321,7162
7206,7164
7382,7168
7239,7151
7261,7170
7390,7163
7367,7164
7445,7173
7364,7192
7494,7185
7492,7188
7395,7198
7471,7201
7463,7203
7475,7216
7545,7223
7508,7235
7538,7239
7530,7244
7507,7256
7594,7256
7571,7259
7543,7276
7594,7291
7593,7274
7594,7307
7532,7300
7585,7325
7578,7310
7648,7329
7649,7339
7628,7350
7606,7347
7606,7373
7589,7369
7594,7376
7732,7392
7712,7378
7616,7394
7642,7397
7634,7421
7658,7425
7611,7434
7717,7437
7736,7452
7683,7464
7742,7478
7670,7472
7624,7484
7740,7502
7698,7523
7711,7510
7703,7515
7744,7535
7775,7518
7688,7537
7657,7548
7708,7565
7665,7565
7819,7570
7685,7580
7759,7585
7838,7620
7817,7598
7733,7617
7778,7621
7885,7637
7776,7642
7767,7644
7743,7665
7826,7681
7848,7687
7817,7685
7715,7679
7866,7691
7862,7695
7914,7707
7849,7737
7799,7723
7870,7724
7915,7748
7887,7747
7935,7753
7847,7747
7832,7772
7832,7783
7828,7789
7905,7813
7934,7812
7983,7798
7908,7831
7906,7818
7881,7849
7846,7841
7867,7874
7960,7872
7954,7860
8012,7850
8010,7879
8026,7910
8041,7890
8065,7909
8057,7917
8014,7910
8048,7926
7990,7943
8011,7954
7885,7942
7892,7966
7915,7937
7851,7959
7871,7948
7874,7967
7847,7947
7852,7962
7861,7954
7839,7964
7832,7945
7838,7943
7780,7956
7830,7961
7801,7963
7813,7949
7835,7938
7802,7946
7800,7956
7828,7958
7823,7958
7816,7931
7807,7947
7801,7967
7797,7956
7823,7949
7800,7960
7784,7964
7793,7966
7779,7946
7800,7957
7764,7972
7779,7947
7759,7948
7777,7942
7796,7943
7771,7951
7757,7949
7768,7963
7810,7937
7788,7945
7816,7947
7784,7969
7811,7957
7825,7941
7814,7962
7827,7945
7903,7962
8016,7958
8095,7959
8186,7956
8277,7959
8314,7982
8413,7988
8424,7994
8426,7989
8450,8006
8489,8035
8495,8013
8463,8046
8477,8050
8467,8034
8473,8041
8401,8065
8406,8070
8389,8080
8400,8082
8494,8089
8513,8068
8571,8109
8548,8111
8532,8118
8520,8120
8455,8135
8409,8151
8465,8157
8583,8175
8621,8173
8642,8169
8546,8179
8541,8197
8562,8221
8643,8186
8652,8226
8597,8208
8574,8219
8646,8244
8709,8260
8682,8265
8614,8254
8599,8276
8651,8282
8720,8284
8650,8322
8605,8310
8656,8314
8670,8323
8519,8357
8586,8335
8687,8346
8726,8364
8656,8361
8569,8358
8674,8380
8576,8396
8763,8394
8742,8401
8614,8419
8695,8419
8771,8408
8681,8435
8728,8442
8732,8444
8647,8455
8743,8462
8653,8478
8677,8488
8776,8482
8713,8492
8893,8499
8802,8512
8748,8529
8879,8531
8676,8536
8825,8563
8692,8549
8788,8570
8788,8567
8824,8579
8771,8603
8748,8583
8878,8598
8832,8602
8855,8618
8908,8629
8890,8640
8854,8640
8971,8662
8873,8652
8860,8671
8942,8671
8939,8681
8914,8693
8862,8687
8972,8712
8864,8720
8880,8727
9029,8731
8777,8740
8875,8744
8725,8744
8896,8748
8662,8743
8634,8748
8729,8742
8717,8763
8829,8754
8702,8756
8758,8746
8728,8752
8618,8753
8739,8747
8673,8746
8768,8755
8696,8752
8737,8756
8776,8745
8592,8759
8643,8766
8610,8751
8644,8755
8733,8750
8648,8755
8606,8755
8722,8751
8675,8749
8709,8748
8688,8750
8627,8762
8606,8767
8526,8759
8682,8762
8592,8755
8690,8742
8599,8754
8594,8749
8696,8746
8595,8761
8675,8758
8736,8759
8602,8757
8805,8764
8616,8755
8813,8734
8690,8752
8616,8750
8716,8746
8602,8761
8716,8761
8719,8760
8758,8762
8763,8749
8623,8765
8698,8764
8620,8762
8651,8759
8788,8755
8571,8749
8737,8763
8747,8757
8612,8762
8723,8758
8562,8750
8637,8759
8594,8764
8706,8752
8767,8757
8655,8750
8737,8745
8717,8754
8618,8747
8768,8754
8602,8758
8744,8758
8759,8758
8794,8752
8845,8748
8580,8753
8850,8757
8625,8755
8571,8746
8686,8769
8588,8755
8637,8755
8700,8756
8666,8759
8738,8754
8658,8769
8635,8763
8604,8758
8633,8755
8857,8759
8573,8751
8806,8762
8655,8748
8631,8748
8674,8758
8620,8746
8677,8761
8572,8755
8621,8753
8799,8754
8599,8754
8807,8754
8711,8765
8583,8761
8815,8752
8633,8762
8700,8754
8767,8756
8701,8763
8753,8767
8649,8758
8729,8748
8669,8767
8675,8766
8776,8757
8664,8758
8782,8751
8715,8743
8711,8769
8751,8766
8572,8766
8726,8753
8523,8758
8635,8749
8875,8754
8602,8755
8815,8755
8757,8752
8607,8772
8777,8766
8581,8756
8588,8755
8623,8754
8703,8753
8798,8755
8611,8748
8837,8751
8611,8743
8549,8759
8729,8759
8667,8756
8695,8760
8729,8765
8709,8759
8787,8762
8651,8754
8650,8759
8594,8760
8697,8758
8837,8761
8602,8756
8744,8758
8661,8766
8603,8766
8692,8751
8550,8754
8637,8756
8594,8755
8659,8769
8776,8764
8619,8753
8748,8754
8636,8749
8552,8759
8745,8744
8527,8745
8723,8773
8755,8733
8669,8758
8778,8759
8620,8754
8727,8753
8676,8750
8606,8769
8685,8760
8672,8748
8686,8754
8683,8750
8724,8767
8755,8764
8636,8762
8727,8756
8498,8761
8721,8754
8810,8756
8618,8752
8750,8753
8694,8746
8549,8761
8755,8745
8524,8746
8645,8765
8631,8750
8626,8752
8803,8760
8623,8754
8758,8753
8648,8761
8591,8761
8683,8773
8631,8754
8747,8756
8709,8761
8722,8763
8823,8759
8547,8758
8869,8763
8596,8756
8632,8756
8780,8747
8629,8750
8805,8755
8717,8761
8823,8756
8714,8751
8608,8760
8640,8760
8573,8757
8620,8757
8791,8767
8633,8758
8759,8750
8636,8756
8650,8760
8675,8748
8599,8764
8798,8749
8552,8752
8708,8761
8752,8773
8607,8759
8786,8764
8682,8753
8559,8756
8826,8759
8610,8747
8689,8757
8738,8750
8738,8756
8768,8755
8633,8757
8732,8758
8572,8754
8707,8760
8729,8759
8605,8768
8734,8761
8666,8754
8798,8763
8725,8770
8516,8769
8676,8766
8546,8751
8614,8761
8837,8750
8662,8760
8750,8766
8694,8747
8646,8752
8691,8756
8629,8748
8743,8761
8626,8767
8732,8759
8751,8748
8599,8755
8812,8745
8680,8751
8625,8766
8667,8743
8689,8758
8906,8761
8650,8759
8830,8747
8751,8755
8534,8751
8749,8761
8548,8754
8649,8766
8886,8755
8595,8757
8727,8758
8717,8758
8741,8749
8701,8756
8628,8749
8754,8764
8609,8750
8738,8769
8779,8755
8685,8751
8756,8755
8636,8759
8595,8763
8727,8756
8563,8755
8758,8752
8598,8758
8717,8756
8749,8754
8553,8751
8835,8759
8607,8755
8598,8761
8633,8760
8694,8756
8733,8749
8637,8753
8767,8762
8700,8760
8615,8750
8659,8753
8540,8762
8773,8760
8853,8759
8623,8759
8823,8760
8676,8759
8795,8768
8672,8757
8595,8751
8685,8762
8603,8754
8663,8754
8771,8757
8660,8760
8758,8753
8621,8752
8590,8759
8659,8751
8596,8758
8780,8761
8599,8769
8746,8756
8740,8748
8582,8762
8702,8758
8530,8755
8620,8778
8628,8749
8674,8752
8757,8756
8680,8754
8765,8753
8766,8747
8669,8763
8699,8760
8649,8759
8751,8760
8735,8744
8687,8765
8674,8755
8655,8760
8766,8757
8578,8765
8574,8760
8759,8753
8581,8745
8733,8747
8716,8758
8803,8756
8839,8763
8611,8760
8668,8768
8554,8753
8635,8757
8797,8760
8558,8758
8724,8764
8748,8745
8599,8759
8694,8758
8635,8753
8724,8758
8581,8752
8673,8743
8778,8755
8675,8749
8803,8746
8737,8749
8582,8760
8737,8749
8612,8759
8681,8751
8785,8756
8620,8761
8704,8756
8648,8765
8739,8757
8606,8754
8650,8753
8756,8755
8599,8753
8746,8750
8681,8763
8793,8760
8704,8758
8578,8755
8666,8753
8558,8754
8640,8749
8706,8753
8429,8749
8632,8751
8500,8729
8343,8738
8522,8723
8316,8715
8554,8709
8355,8714
8462,8694
8450,8696
8280,8685
8477,8676
8316,8683
8396,8671
8394,8647
8403,8642
8313,8634
8355,8629
8317,8622
8346,8634
8317,8603
8331,8602
8298,8587
8310,8583
8250,8578
8268,8568
8264,8559
8262,8541
8310,8542
8192,8524
8293,8527
8242,8515
8272,8501
8323,8508
8351,8499
8258,8496
8181,8468
8312,8479
8263,8469
8258,8460
8278,8429
8193,8446
8267,8440
8281,8419
8231,8413
8309,8410
8231,8400
8248,8395
8268,8387
8291,8378
8277,8368
8235,8364
8152,8337
8175,8350
8289,8339
8398,8334
8223,8325
8128,8308
8216,8306
8136,8302
8213,8277
8129,8297
8122,8271
8133,8264
8123,8263
8072,8235
8101,8233
8137,8228
8104,8229
8050,8215
7998,8209
8112,8210
8145,8189
8081,8178
8095,8179
8043,8170
8001,8163
8102,8172
8135,8142
8148,8134
8024,8132
8058,8119
7989,8093
7975,8095
8003,8110
8043,8079
8043,8084
8137,8057
8064,8063
8050,8082
8041,8055
7988,8041
7964,8026
7945,8017
7881,8023
7966,8014
7877,8001
7860,7993
7918,7988
7997,7972
7951,7985
8023,7960
8013,7956
8078,7974
8049,7952
8066,7956
8086,7943
8060,7954
8119,7947
8095,7956
8104,7942
8140,7968
8096,7958
8112,7967
8121,7967
8168,7948
8165,7961
8177,7972
8131,7955
8139,7966
8181,7979
8139,7964
8160,7943
8159,7962
8174,7944
8161,7979
8135,7955
8120,7959
8148,7947
8179,7960
8149,7944
8183,7947
8163,7959
8154,7977
8166,7940
8147,7949
8167,7959
8170,7955
8151,7985
8116,7938
8161,7960
8147,7965
8128,7952
8144,7960
8127,7937
8143,7980
8143,7967
8133,7962
8117,7958
8056,7953
7936,7957
7866,7953
7753,7945
7613,7950
7628,7924
7491,7919
7544,7904
7513,7904
7406,7903
7432,7883
7419,7875
7453,7889
7436,7856
7397,7863
7415,7854
7454,7857
7463,7835
7469,7833
7472,7829
7424,7803
7364,7806
7363,7801
7337,7783
7361,7785
7420,7788
7369,7771
7385,7753
7399,7769
7345,7741
7291,7732
7310,7713
7354,7720
7402,7714
7391,7705
7292,7696
7278,7698
7313,7697
7394,7680
7325,7672
7273,7656
7261,7645
7314,7641
7317,7639
7305,7628
7172,7629
7252,7602
7492,7608
7204,7601
7146,7585
7296,7573
7234,7569
7079,7569
7255,7548
7267,7544
7181,7530
7160,7529
7244,7529
7159,7507
7110,7504
7221,7504
7130,7496
7088,7472
7216,7479
7139,7462
7133,7452
7185,7446
7070,7436
7245,7430
7202,7436
7135,7401
7215,7402
7057,7399
7271,7396
7138,7393
7122,7373
7211,7362
7084,7370
7221,7351
7031,7342
7153,7334
7093,7334
7181,7314
7078,7311
7110,7300
6990,7296
7068,7299
7049,7285
7069,7273
6990,7264
7032,7257
7071,7233
7104,7248
7001,7239
6942,7221
6920,7211
6951,7209
6914,7194
6972,7200
6981,7178
7021,7187
7090,7174
7138,7176
7166,7161
7047,7171
7155,7160
7210,7160
7122,7161
7245,7156
7171,7154
7164,7153
7077,7164
7099,7152
7325,7161
7126,7157
7306,7150
7141,7155
7106,7165
7158,7157
7082,7159
7208,7148
7148,7158
7152,7152
7336,7151
7304,7157
7325,7166
7289,7152
7179,7153
7291,7141
7185,7152
7243,7151
7397,7149
7235,7158
7430,7148
7204,7154
7337,7153
7312,7166
7184,7152
7274,7161
7137,7159
7250,7155
7306,7154
7330,7153
7254,7150
7141,7152
7252,7148
7107,7158
7133,7147
7245,7150
7138,7155
7262,7162
7188,7150
7174,7169
7313,7146
7161,7160
7171,7156
7284,7153
7136,7165
7288,7161
7127,7158
7274,7150
7164,7154
7130,7147
7274,7150
7124,7159
7276,7153
7313,7166
7229,7153
7326,7159
7146,7153
7193,7163
7222,7156
7122,7160
7374,7147
7121,7137
7318,7151
7197,7149
7176,7165
7191,7151
7153,7150
7225,7160
7194,7147
7155,7153
7303,7157
7258,7148
7224,7160
7256,7155
7157,7146
7332,7158
7128,7164
7238,7152
7280,7152
7255,7155
7323,7154
7159,7159
7325,7155
7174,7148
7163,7150
7300,7158
7140,7140
7306,7153
7287,7139
7312,7152
7286,7165
7137,7150
7247,7162
7102,7157
7164,7153
7298,7150
7115,7157
7251,7152
7244,7154
7182,7159
7173,7150
7135,7147
7232,7161
7090,7161
7143,7149
7357,7155
7165,7151
7326,7155
7185,7170
7122,7162
7282,7159
7159,7147
7249,7147
7277,7149
7270,7162
7304,7150
7185,7152
7344,7157
7116,7152
7244,7155
7342,7160
7174,7157
7376,7158
7169,7145
7283,7148
7203,7146
7123,7161
7217,7158
7151,7171
7142,7147
7271,7152
7167,7162
7230,7147
7264,7162
7125,7164
7257,7149
7099,7145
7279,7151
7146,7149
7238,7167
7301,7134
7191,7154
7318,7154
7171,7148
7134,7158
7304,7160
7142,7154
7288,7154
7303,7147
7314,7154
7315,7157
7127,7152
7296,7152
7141,7150
7134,7157
7272,7158
7107,7151
7263,7150
7212,7160
7157,7155
7160,7152
7219,7154
7211,7170
7168,7158
7176,7162
7308,7153
7251,7143
7317,7153
7128,7155
7118,7151
7229,7153
7040,7160
7226,7162
7100,7149
7175,7159
7306,7155
7251,7160
7283,7157
7194,7149
7116,7165
7163,7156
7167,7146
7341,7156
7199,7144
7303,7163
7249,7158
7086,7167
7282,7152
7154,7154
7245,7156
7314,7152
7257,7163
7312,7156
7236,7147
7250,7149
7218,7144
7162,7153
7290,7164
7138,7154
7238,7159
7293,7149
7174,7152
7336,7150
7181,7151
7160,7150
7270,7151
7139,7159
7322,7158
7071,7156
7288,7154
7341,7150
7102,7155
7377,7159
7138,7161
7156,7153
7147,7161
7240,7144
7334,7155
7262,7149
7222,7166
7296,7154
7284,7163
7221,7152
7231,7162
7186,7154
7270,7153
7211,7160
7248,7154
7145,7152
7261,7173
7251,7150
7090,7156
7280,7147
7038,7154
7176,7160
7292,7148
7172,7155
7350,7154
7184,7157
7160,7153
7211,7160
7219,7141
7209,7146
7265,7150
7302,7150
7175,7144
7090,7154
7244,7154
7117,7156
7218,7158
7168,7153
7227,7154
7270,7152
7244,7166
7280,7152
7278,7150
7186,7154
7289,7155
7133,7157
7193,7153
7417,7158
7082,7167
7311,7168
7250,7155
7325,7152
7244,7149
7172,7156
7298,7161
7060,7139
7293,7158
7280,7151
7318,7151
7278,7157
7104,7160
7155,7163
7121,7157
7192,7161
7280,7149
7160,7157
7227,7164
7292,7159
7250,7150
7243,7163
7232,7151
7172,7169
7284,7155
7223,7151
7227,7153
7144,7155
7319,7149
7248,7158
7116,7164
7307,7159
7052,7153
7224,7160
7310,7158
7190,7147
7399,7148
7190,7153
7066,7143
7188,7143
7049,7162
7356,7142
7126,7154
7225,7146
7215,7150
7111,7156
7198,7155
7200,7150
7170,7160
7237,7149
7278,7153
7231,7156
7192,7146
7245,7151
7336,7155
7209,7161
7318,7163
7144,7150
7168,7158
7384,7155
7143,7149
7313,7156
7243,7153
7316,7153
7256,7157
7139,7159
7282,7154
7169,7152
7294,7160
7316,7151
7261,7161
7293,7146
7120,7148
7181,7148
7100,7158
7093,7154
7327,7148
7139,7161
7277,7150
7242,7148
7203,7161
7289,7149
7176,7152
7164,7158
7206,7153
7188,7157
7310,7160
7220,7152
7248,7161
7352,7143
7210,7163
7249,7150
7180,7152
7171,7156
7369,7156
7142,7152
7253,7163
7201,7155
7321,7160
7164,7157
7145,7147
7324,7155
7082,7159
7263,7153
7187,7161
7320,7160
7275,7158
7166,7156
7159,7162
7242,7153
7227,7146
7172,7147
7261,7157
7239,7150
7275,7150
7155,7151
7351,7163
7134,7156
7162,7148
7155,7157
7218,7158
7340,7146
7207,7160
7291,7154
7288,7157
7130,7151
7395,7147
7183,7158
7290,7152
7364,7151
7257,7154
7360,7160
7218,7153
7401,7172
7344,7173
7391,7174
7495,7167
7409,7193
7488,7182
7425,7205
7482,7201
7484,7207
7444,7218
7555,7235
7441,7232
7616,7252
7513,7248
7539,7267
7490,7270
7591,7281
7559,7289
7597,7300
7523,7296
7614,7295
7582,7319
7636,7323
7555,7319
7640,7325
7597,7339
7647,7348
7595,7338
7609,7365
7636,7374
7585,7376
7751,7399
7660,7389
7690,7404
7601,7415
7615,7428
7666,7448
7709,7447
7748,7450
7709,7461
7670,7457
7729,7473
7742,7466
7726,7485
7719,7499
7654,7504
7686,7513
7829,7529
7730,7544
7732,7534
7865,7548
7711,7544
7642,7555
7691,7573
7736,7574
7680,7587
7724,7590
7854,7600
7777,7617
7779,7623
7776,7623
7806,7639
7799,7636
7736,7630
7808,7673
7837,7669
7846,7676
7797,7683
7764,7694
7873,7705
7928,7700
7885,7724
7809,7727
7848,7720
7903,7743
7919,7749
7948,7747
7949,7778
7809,7762
7795,7787
7793,7776
7903,7788
7924,7799
7939,7804
7908,7792
7886,7827
7924,7838
7860,7846
7893,7836
7947,7846
7952,7846
8018,7868
8028,7886
8005,7880
8032,7888
8040,7891
8050,7925
8020,7924
8014,7915
7944,7950
7988,7933
7883,7950
7938,7943
7870,7953
7868,7949
7917,7979
7872,7949
7874,7959
7829,7925
7890,7953
7817,7957
7819,7982
7849,7951
7801,7975
7832,7953
7819,7943
7819,7948
7793,7969
7823,7959
7805,7954
7799,7971
7806,7949
7807,7945
7828,7955
7797,7958
7813,7964
7785,7938
7832,7958
7793,7950
7792,7966
7802,7947
7796,7952
7773,7953
7781,7952
7806,7946
7794,7957
7795,7943
7789,7963
7790,7976
7795,7935
7798,7954
7764,7959
7793,7962
7801,7967
7784,7959
7805,7946
7798,7939
7846,7962
7866,7961
7929,7947
8011,7957
8103,7958
8180,7978
8349,7976
8433,7972
8398,7994
8420,7984
8440,7991
8462,8012
8503,8024
8495,8018
8472,8043
8481,8044
8471,8048
8429,8048
8421,8063
8416,8071
8366,8082
8461,8091
8501,8105
8527,8101
8583,8116
8531,8132
8514,8123
8459,8128
8454,8136
8421,8153
8586,8162
8599,8162
8636,8175
8597,8186
8540,8191
8557,8202
8605,8199
8626,8214
8626,8229
8584,8232
8564,8246
8671,8235
8646,8247
8643,8258
8547,8272
8618,8269
8677,8282
8684,8281
8570,8307
8630,8303
8732,8312
8654,8324
8458,8330
8544,8348
8683,8342
8546,8350
8630,8358
8602,8377
8691,8383
8679,8396
8738,8395
8675,8405
8629,8405
8781,8422
8721,8432
8654,8439
8712,8443
8709,8458
8594,8452
8781,8481
8728,8466
8719,8482
8700,8503
8643,8499
8845,8506
8656,8504
8835,8518
8696,8549
8741,8542
8861,8547
8769,8549
8839,8572
8771,8574
8914,8589
8749,8600
8855,8601
8804,8598
8879,8617
8874,8622
8891,8636
8854,8639
8929,8648
8905,8646
8911,8671
8858,8682
8940,8676
8804,8681
8949,8702
8977,8702
8939,8698
8909,8712
8809,8740
8959,8729
8808,8731
8817,8741
8785,8741
8808,8755
8877,8746
8609,8754
8815,8748
8635,8761
8633,8752
8773,8758
8633,8755
8742,8755
8714,8751
8773,8750
8637,8753
8602,8747
8710,8753
8580,8751
8655,8759
8773,8762
8617,8759
8734,8756
8640,8745
8618,8753
8681,8753
8601,8752
8635,8756
8692,8757
8690,8749
8749,8752
8559,8757
8745,8769
8569,8748
8657,8761
8503,8751
8596,8759
8752,8762
8677,8759
8651,8758
8713,8754
8513,8746
8710,8747
8573,8756
8651,8764
8802,8755
8677,8753
8750,8755
8640,8761
8831,8767
8654,8767
8617,8760
8786,8755
8649,8758
8751,8757
8775,8766
8675,8773
8824,8752
8657,8753
8645,8752
8734,8753
8651,8743
8724,8734
8620,8754
8849,8762
8697,8765
8544,8753
8697,8748
8640,8761
8732,8746
8604,8750
8604,8758
8786,8757
8683,8765
8740,8755
8634,8761
8647,8759
8756,8766
8681,8775
8717,8759
8765,8752
8747,8757
8726,8758
8584,8763
8710,8763
8717,8755
8567,8759
8663,8759
8602,8751
8650,8754
8732,8758
8681,8756
8763,8758
8640,8758
8678,8749
8591,8761
8625,8761
8800,8752
8611,8760
8791,8756
8754,8761
8511,8756
8767,8756
8581,8752
8705,8760
8561,8762
8573,8759
8753,8754
8714,8759
8759,8754
8672,8751
8663,8744
8759,8754
8563,8755
8711,8761
8687,8756
8701,8763
8761,8749
8545,8753
8622,8766
8644,8757
8593,8759
8754,8747
8585,8757
8817,8751
8745,8755
8575,8764
8748,8761
8582,8763
8733,8755
8629,8756
8629,8752
8859,8753
8645,8752
8795,8758
8698,8765
8609,8762
8764,8746
8601,8752
8732,8756
8800,8756
8667,8753
8768,8750
8656,8753
8830,8763
8756,8748
8590,8755
8686,8758
8635,8760
8684,8748
8751,8759
8706,8764
8722,8747
8607,8760
8661,8750
8608,8753
8665,8758
8751,8759
8688,8752
8788,8761
8677,8750
8523,8756
8699,8765
8592,8745
8703,8762
8563,8754
8552,8747
8832,8754
8738,8758
8811,8756
8732,8754
8594,8756
8699,8755
8575,8749
8691,8760
8685,8758
8666,8757
8729,8767
8649,8750
8789,8753
8671,8767
8597,8759
8681,8757
8548,8752
8740,8763
8666,8750
8705,8755
8672,8764
8599,8753
8661,8760
8580,8757
8626,8753
8780,8756
8592,8745
8798,8762
8699,8758
8614,8759
8757,8754
8635,8758
8735,8768
8573,8758
8708,8760
8800,8746
8656,8762
8784,8763
8615,8753
8563,8757
8712,8753
8541,8754
8717,8764
8742,8748
8699,8765
8769,8757
8555,8759
8805,8759
8664,8764
8663,8754
8746,8757
8623,8763
8736,8751
8736,8762
8670,8750
8646,8757
8505,8761
8716,8745
8617,8751
8677,8760
8819,8757
8625,8755
8864,8747
8748,8740
8580,8778
8730,8761
8626,8769
8720,8747
8613,8761
8668,8760
8733,8761
8690,8746
8730,8757
8628,8756
8618,8759
8680,8749
8555,8759
8757,8766
8710,8737
8751,8757
8701,8755
8529,8757
8806,8764
8607,8744
8627,8761
8811,8749
8570,8762
8783,8756
8659,8761
8705,8751
8759,8760
8622,8764
8740,8753
8638,8751
8710,8763
8840,8758
8628,8746
8804,8762
8626,8754
8598,8762
8662,8752
8588,8758
8766,8767
8617,8758
8731,8759
8774,8754
8571,8749
8796,8747
8599,8757
8636,8762
8627,8759
8597,8748
8757,8761
8693,8759
8702,8760
8707,8763
8581,8756
8767,8759
8615,8755
8653,8759
8835,8745
8714,8748
8929,8759
8682,8753
8823,8751
8783,8760
8581,8753
8730,8758
8596,8763
8614,8767
8786,8756
8574,8750
8712,8752
8623,8756
8571,8767
8698,8755
8573,8749
8755,8764
8613,8746
8707,8761
8663,8754
8568,8765
8741,8741
8591,8748
8613,8750
8558,8757
8633,8761
8763,8760
8633,8763
8726,8745
8735,8745
8624,8769
8820,8769
8641,8741
8743,8744
8789,8754
8643,8748
8766,8757
8656,8747
8718,8760
8685,8749
8687,8748
8749,8761
8587,8754
8693,8762
8763,8758
8669,8758
8741,8758
8562,8750
8648,8752
8627,8757
8523,8754
8786,8756
8634,8756
8711,8756
8685,8754
8628,8752
8772,8750
8649,8747
8659,8754
8633,8758
8743,8753
8798,8756
8607,8759
8784,8758
8684,8758
8619,8760
8743,8748
8577,8760
8682,8757
8784,8754
8673,8757
8787,8765
8667,8754
8605,8757
8671,8752
8557,8754
8825,8760
8566,8756
8747,8759
8766,8748
8588,8765
8753,8748
8568,8766
8596,8761
8638,8763
8606,8746
8735,8750
8666,8757
8691,8755
8677,8768
8510,8762
8827,8759
8618,8753
8632,8764
8748,8752
8642,8756
8761,8770
8709,8762
8661,8751
8732,8755
8716,8755
8674,8757
8654,8762
8706,8761
8759,8760
8709,8753
8746,8748
8596,8756
8669,8763
8566,8757
8623,8766
8880,8763
8568,8744
8776,8759
8734,8759
8548,8761
8743,8757
8543,8747
8487,8752
8530,8734
8592,8738
8676,8736
8418,8718
8650,8729
8429,8709
8348,8713
8468,8696
8307,8688
8449,8687
8415,8677
8514,8681
8392,8654
8348,8647
8405,8655
8382,8651
8400,8638
8330,8626
8310,8615
8314,8613
8311,8602
8278,8602
8232,8581
8290,8582
8284,8572
8304,8558
8245,8565
8305,8544
8304,8536
8337,8526
8236,8520
8245,8506
8227,8516
8255,8503
8350,8474
8274,8491
8281,8468
8317,8475
8278,8466
8321,8457
8261,8449
8309,8434
8355,8428
8269,8416
8224,8408
8282,8394
8253,8395
8235,8396
8217,8389
8293,8380
8235,8362
8272,8351
8140,8357
8138,8325
8379,8332
8446,8320
8318,8319
8007,8315
8275,8300
8169,8298
8099,8283
8034,8284
8140,8263
8161,8235
8080,8249
8000,8262
8144,8231
8159,8238
8086,8215
7978,8216
8013,8193
8086,8196
8122,8184
8075,8173
8049,8187
7994,8151
7980,8151
8084,8139
8157,8117
8119,8125
8090,8111
7956,8111
7975,8101
7992,8115
7941,8102
7994,8082
8076,8072
8108,8051
8059,8061
8053,8055
8029,8046
8004,8022
7957,8042
7960,8010
7935,8016
7905,8007
7958,7992
7942,7996
7918,7980
8005,7966
7996,7972
8028,7963
8019,7962
8014,7955
8072,7967
8025,7966
8083,7961
8086,7960
8083,7971
8101,7957
8106,7958
8140,7939
8082,7946
8122,7935
8144,7960
8145,7952
8131,7957
8159,7943
8160,7957
8145,7975
8150,7960
8153,7957
8190,7962
8167,7958
8164,7965
8157,7965
8135,7959
8154,7961
8149,7959
8153,7966
8138,7950
8158,7957
8160,7958
8159,7929
8170,7940
8131,7965
8140,7949
8150,7968
8161,7964
8137,7945
8156,7944
8147,7943
8148,7934
8174,7962
8123,7953
8189,7948
8130,7953
8145,7953
8111,7951
7976,7959
7857,7941
7800,7937
7708,7960
7582,7933
7623,7920
7514,7927
7459,7915
7440,7918
7466,7905
7439,7895
7430,7880
7440,7875
7452,7869
7386,7847
7447,7868
7474,7847
7472,7824
7459,7835
7430,7821
7375,7795
7354,7813
7319,7806
7303,7783
7312,7777
7394,7768
7386,7766
7414,7744
7348,7745
7333,7734
7328,7754
7354,7741
7387,7720
7404,7710
7344,7709
7329,7697
7327,7693
7372,7665
7398,7672
7300,7652
7261,7658
7299,7644
7357,7638
7335,7628
7235,7642
7299,7607
7214,7603
7501,7602
7138,7582
7232,7578
7269,7576
7108,7569
7204,7543
7194,7545
7226,7537
7114,7531
7166,7538
7224,7508
7149,7501
7176,7505
7220,7489
7139,7489
7176,7479
7222,7473
7130,7459
7140,7446
7137,7452
7160,7441
7207,7429
7102,7427
7162,7411
7020,7399
7030,7406
7248,7386
7060,7386
7123,7377
7067,7367
7123,7366
7094,7353
7005,7348
7151,7337
7081,7315
7170,7324
7053,7305
7110,7297
7026,7296
7116,7285
7042,7278
7075,7270
7005,7272
7033,7254
6916,7254
7011,7246
7083,7238
7042,7235
6987,7208
6996,7209
6980,7203
6932,7183
7086,7188
6889,7182
7005,7171
7072,7163
7118,7169
7067,7165
7048,7158
7079,7171
7122,7161
7190,7151
7177,7157
7242,7165
7313,7169
7080,7159
7150,7161
7130,7151
7131,7148
7293,7161
7116,7160
7313,7155
7224,7148
7160,7155
7285,7157
7238,7149
7301,7158
7358,7152
7225,7162
7391,7152
7190,7152
7349,7149
7266,7143
7203,7167
7317,7159
7124,7167
7235,7166
7309,7153
7238,7165
7315,7152
7212,7156
7188,7146
7265,7155
7202,7153
7298,7151
7161,7159
7336,7153
7207,7153
7117,7158
7227,7151
7110,7159
7248,7178
7145,7154
7133,7164
7226,7154
7296,7169
7206,7160
7312,7152
7095,7154
7210,7148
7116,7138
7236,7159
7255,7157
7132,7153
7308,7155
7187,7154
7326,7162
7154,7144
7125,7161
7268,7148
7096,7164
7218,7160
7405,7157
7224,7150
7315,7150
7128,7156
7188,7142
7187,7157
7158,7153
7255,7157
7142,7140
7299,7149
7267,7150
7158,7151
7239,7147
7271,7150
7314,7134
7257,7157
7257,7155
7270,7172
7261,7151
7328,7150
7220,7151
7113,7154
7277,7152
7119,7157
7236,7154
7326,7140
7228,7159
7320,7154
7164,7154
7300,7154
7203,7152
7192,7154
7378,7161
7180,7142
7349,7158
7188,7163
7294,7156
7213,7151
7054,7157
7208,7160
7166,7149
7125,7158
7240,7153
7134,7150
7289,7157
7325,7157
7140,7137
7236,7157
7197,7144
7302,7153
7105,7150
7190,7150
7293,7155
7241,7155
7290,7153
7177,7156
7141,7162
7193,7153
7101,7162
7219,7158
7260,7150
7310,7154
7311,7156
7175,7171
7356,7173
7159,7149
7206,7149
7303,7143
7166,7155
7304,7141
7200,7154
7332,7135
7304,7154
7266,7149
7245,7161
7271,7141
7223,7156
7194,7146
7127,7166
7400,7155
7215,7151
7128,7153
7219,7155
7163,7154
7318,7142
7057,7161
7213,7155
7347,7153
7222,7147
7315,7163
7200,7154
7112,7163
7295,7151
7155,7154
7233,7148
7209,7150
7270,7156
7207,7159
7093,7148
7210,7159
7148,7152
7177,7149
7214,7158
7173,7149
7273,7150
7202,7149
7235,7157
7233,7152
7088,7158
7246,7167
7104,7151
7169,7154
7269,7160
7171,7156
7268,7159
7312,7149
7167,7157
7220,7139
7115,7144
7247,7158
7227,7150
7213,7148
7329,7158
7179,7150
7351,7147
7138,7164
7111,7149
7152,7157
7118,7156
7242,7164
7205,7151
7207,7154
7279,7158
7156,7151
7259,7160
7234,7159
7187,7158
7257,7156
7146,7154
7378,7163
7201,7146
7294,7152
7245,7157
7256,7162
7271,7161
7183,7156
7215,7160
7297,7150
7170,7157
7333,7156
7192,7158
7122,7149
7252,7150
7126,7155
7329,7141
7084,7141
7294,7158
7259,7162
7132,7166
7304,7157
7120,7160
7185,7159
7195,7150
7185,7156
7258,7152
7209,7153
7289,7154
7228,7162
7145,7146
7351,7147
7169,7149
7203,7153
7297,7151
7076,7151
7253,7168
7285,7145
7200,7155
7242,7157
7237,7159
7240,7156
7135,7153
7268,7146
7265,7155
7204,7154
7323,7147
7089,7156
7211,7156
7062,7148
7070,7151
7227,7159
7135,7159
7266,7155
7249,7153
7156,7155
7256,7147
7190,7139
7161,7147
7197,7158
7127,7162
7331,7148
7263,7164
7244,7160
7275,7160
7169,7148
7341,7165
7199,7147
7153,7156
7288,7159
7147,7151
7305,7160
7231,7156
7310,7165
7256,7160
7147,7161
7312,7165
7077,7153
7250,7153
7250,7138
7156,7159
7214,7145
7140,7152
7176,7166
7166,7160
7151,7150
7119,7156
7242,7161
7188,7159
7177,7156
7141,7153
7279,7153
7189,7151
7167,7161
7146,7144
7188,7145
7377,7151
7177,7156
7341,7159
7290,7153
7069,7165
7273,7152
7064,7148
7244,7148
7312,7146
7197,7156
7383,7154
7158,7150
7311,7152
7173,7151
7109,7149
7325,7150
7106,7152
7264,7155
7278,7153
7202,7152
7207,7143
7127,7144
7230,7156
7175,7149
7191,7153
7333,7153
7237,7150
7250,7161
7292,7151
7138,7173
7384,7149
7168,7148
7185,7154
7169,7151
7195,7154
7357,7153
7225,7151
7305,7148
7199,7159
7163,7159
7208,7158
7062,7172
7376,7157
7246,7160
7269,7154
7283,7154
7099,7155
7372,7165
7227,7144
7155,7142
7209,7164
7236,7154
7265,7147
7247,7152
7179,7138
7267,7161
7262,7157
7135,7153
7160,7148
7184,7157
7302,7156
7207,7156
7326,7146
7212,7152
7105,7158
7306,7161
7109,7148
7190,7151
7211,7149
7207,7157
7360,7155
7164,7156
7339,7161
7124,7163
7219,7158
7118,7167
7135,7157
7275,7160
7265,7161
7201,7153
7198,7155
7223,7157
7255,7159
7198,7162
7206,7163
7293,7150
7169,7160
7271,7157
7268,7146
7263,7155
7428,7150
7100,7161
7141,7163
7146,7163
7155,7155
7338,7154
7116,7151
7268,7153
7260,7156
7182,7149
7286,7146
7244,7154
7420,7151
7210,7163
7400,7146
7397,7165
7299,7187
7472,7179
7385,7187
7433,7190
7414,7214
7461,7210
7474,7208
7491,7231
7501,7235
7481,7231
7572,7246
7488,7250
7590,7263
7541,7264
7538,7276
7553,7266
7575,7288
7534,7294
7612,7305
7539,7316
7617,7335
7598,7322
7684,7331
7594,7346
7618,7359
7607,7369
7623,7365
7601,7379
7638,7384
7714,7405
7618,7406
7743,7416
7634,7424
7660,7430
7654,7432
7719,7442
7744,7453
7661,7449
7695,7467
7772,7477
7698,7496
7687,7487
7735,7503
7716,7505
7760,7517
7681,7528
7767,7520
7730,7527
7801,7561
7772,7550
7659,7555
7775,7568
7670,7568
7681,7595
7826,7599
7774,7602
7725,7615
7737,7616
7830,7618
7814,7632
7742,7639
7764,7631
7842,7650
7830,7667
7824,7669
7774,7697
7836,7700
7875,7703
7916,7709
7807,7726
7827,7721
7875,7731
7879,7740
7943,7750
7931,7746
7895,7764
7815,7787
7909,7747
7819,7784
7899,7798
7931,7832
7983,7821
7922,7824
7939,7824
7925,7830
7882,7833
7861,7885
7952,7873
8009,7878
7947,7878
7995,7875
8050,7898
8048,7903
8010,7900
8049,7907
8002,7918
8051,7922
7993,7933
7955,7947
7905,7932
7917,7961
7896,7929
7897,7943
7871,7969
7844,7976
7818,7945
7850,7958
7912,7960
7849,7947
7833,7959
7825,7962
7826,7964
7807,7958
7814,7948
7800,7956
7793,7966
7830,7938
7832,7966
7818,7957
7825,7957
7798,7967
7814,7947
7813,7966
7813,7948
7768,7949
7817,7957
7797,7956
7782,7948
7792,7943
7802,7949
7794,7964
7771,7971
7781,7941
7768,7945
7778,7958
7802,7969
7774,7938
7779,7947
7804,7963
7780,7965
7781,7938
7828,7959
7819,7953
7801,7936
7827,7939
7825,7953
7890,7947
7975,7955
8020,7958
8101,7952
8225,7969
8317,7978
8357,7978
8396,7993
8433,7995
8430,8011
8459,8021
8467,8022
8482,8031
8461,8032
8488,8040
8452,8038
8440,8054
8437,8086
8402,8072
8418,8092
8439,8092
8513,8095
8518,8096
8512,8091
8556,8121
8587,8122
8443,8134
8430,8142
8416,8160
8632,8158
8578,8173
8623,8174
8584,8201
8531,8195
8556,8200
8613,8191
8646,8221
8637,8226
8544,8227
8607,8234
8618,8239
8674,8247
8610,8259
8536,8270
8575,8284
8676,8289
8667,8304
8562,8296
8581,8295
8685,8321
8609,8323
8516,8354
8669,8355
8763,8370
8585,8354
8687,8377
8838,8372
8674,8364
8702,8393
8724,8382
8693,8401
8627,8416
8742,8418
8650,8439
8659,8442
8767,8448
8662,8456
8731,8468
8724,8468
8662,8480
8705,8483
8706,8499
8682,8511
8843,8532
8792,8525
8890,8538
8762,8538
8862,8538
8704,8556
8744,8541
8797,8563
8769,8569
8834,8574
8749,8599
8883,8602
8784,8605
8927,8593
8837,8627
8932,8625
8832,8652
8933,8648
8852,8653
8890,8674
8869,8681
8928,8663
8802,8680
8881,8704
8905,8707
8886,8711
8982,8730
8799,8728
8840,8736
8825,8725
8708,8746
8728,8737
8654,8744
8856,8740
8586,8749
8780,8753
8870,8754
8548,8747
8798,8751
8651,8763
8624,8761
8667,8761
8626,8761
8809,8760
8686,8748
8764,8748
8739,8752
8564,8757
8702,8759
8597,8757
8702,8734
8769,8757
8675,8758
8759,8755
8610,8760
8747,8756
8638,8767
8569,8759
8750,8761
8505,8747
8685,8760
8671,8746
8704,8757
8740,8765
8543,8754
8611,8755
8640,8753
8605,8781
8754,8753
8531,8753
8691,8752
8726,8749
8579,8771
8746,8761
8560,8757
8744,8758
8601,8756
8608,8761
8797,8747
8654,8745
8829,8761
8667,8754
8561,8753
8736,8756
8659,8754
8627,8758
8746,8745
8684,8752
8789,8760
8681,8774
8776,8757
8661,8752
8646,8755
8780,8754
8607,8757
8808,8757
8677,8760
8827,8759
8717,8753
8572,8759
8637,8751
8621,8748
8662,8754
8717,8759
8585,8769
8790,8758
8782,8761
8633,8758
8730,8768
8652,8771
8703,8758
8578,8756
8682,8765
8760,8738
8615,8756
8734,8756
8629,8754
8554,8754
8725,8755
8586,8755
8691,8754
8736,8751
8760,8763
8726,8756
8535,8760
8765,8760
8626,8759
8607,8759
8779,8761
8553,8748
8701,8757
8741,8761
8722,8762
8754,8750
8648,8755
8739,8764
8660,8749
8699,8755
8780,8751
8690,8769
8750,8755
8670,8747
8569,8757
8645,8759
8554,8755
8673,8758
8548,8766
8637,8754
8860,8754
8577,8756
8793,8753
8597,8742
8599,8760
8698,8761
8620,8763
8732,8751
8703,8759
8791,8750
8781,8754
8579,8751
8760,8753
8570,8750
8637,8767
8812,8748
8563,8764
8849,8752
8793,8757
8741,8759
8807,8742
8621,8754
8695,8762
8631,8757
8668,8762
8743,8758
8654,8762
8719,8752
8712,8751
8684,8763
8668,8752
8568,8763
8749,8755
8564,8756
8753,8758
8706,8766
8535,8755
8801,8756
8606,8742
8653,8750
8642,8756
8587,8759
8792,8763
8691,8761
8796,8761
8731,8756
8581,8748
8803,8758
8622,8762
8695,8745
8794,8749
8618,8751
8745,8765
8748,8761
8716,8761
8686,8758
8559,8758
8728,8756
8574,8760
8625,8756
8704,8761
8681,8760
8696,8760
8597,8755
8629,8757
8623,8755
8594,8756
8735,8750
8622,8751
8646,8762
8705,8752
8660,8762
8737,8764
8596,8747
8637,8749
8638,8761
8626,8766
8736,8744
8709,8764
8795,8756
8748,8750
8575,8767
8786,8763
8594,8751
8651,8751
8747,8748
8587,8753
8724,8766
8737,8756
8684,8757
8657,8748
8610,8768
8772,8758
8566,8768
8660,8780
8664,8759
8766,8760
8719,8756
8576,8769
8620,8756
8662,8747
8582,8756
8750,8754
8525,8753
8745,8762
8724,8758
8588,8757
8804,8750
8703,8757
8731,8765
8674,8757
8662,8756
8817,8756
8731,8750
8735,8758
8695,8760
8580,8752
8707,8749
8655,8755
8745,8756
8741,8751
8675,8752
8745,8760
8646,8755
8802,8765
8666,8750
8584,8755
8774,8749
8555,8759
8681,8760
8753,8764
8650,8755
8787,8756
8643,8758
8588,8759
8654,8765
8676,8748
8755,8753
8779,8763
8874,8760
8747,8758
8616,8746
8765,8751
8610,8756
8690,8754
8649,8755
8562,8752
8804,8758
8729,8739
8706,8749
8666,8755
8645,8758
8699,8756
8559,8755
8764,8757
8723,8758
8762,8757
8742,8752
8575,8757
8777,8744
8612,8750
8582,8754
8759,8761
8576,8761
8737,8743
8726,8747
8700,8748
8857,8746
8629,8763
8642,8759
8695,8756
8658,8757
8807,8754
8633,8755
8715,8767
8787,8772
8617,8765
8786,8753
8700,8756
8661,8749
8628,8757
8647,8768
8706,8748
8654,8748
8742,8765
8664,8756
8612,8749
8602,8768
8535,8747
8753,8757
8741,8756
8714,8759
8778,8758
8637,8751
8764,8762
8583,8761
8549,8756
8779,8745
8622,8766
8765,8758
8692,8750
8807,8745
8703,8754
8553,8752
8700,8756
8563,8750
8614,8750
8830,8749
8635,8768
8820,8775
8758,8747
8567,8772
8759,8760
8582,8754
8719,8749
8806,8755
8671,8753
8777,8762
8623,8761
8810,8763
8659,8759
8542,8768
8758,8765
8548,8762
8761,8761
8702,8753
8677,8756
8715,8761
8569,8756
8681,8756
8610,8753
8601,8757
8738,8761
8684,8755
8814,8761
8655,8760
8575,8759
8767,8757
8604,8777
8698,8761
8605,8758
8618,8753
8816,8762
8676,8762
8785,8753
8735,8749
8555,8766
8629,8756
8566,8757
8799,8757
8768,8755
8719,8760
8793,8759
8613,8775
8790,8760
8606,8752
8519,8753
8794,8751
8588,8757
8704,8760
8744,8754
8643,8758
8740,8753
8662,8758
8685,8759
8675,8758
8695,8753
8713,8756
8727,8754
8745,8766
8759,8753
8655,8758
8728,8760
8719,8755
8715,8774
8585,8753
8697,8759
8783,8758
8607,8764
8789,8765
8582,8762
8548,8759
8666,8771
8565,8746
8772,8760
8669,8759
8575,8742
8598,8758
8386,8739
8681,8727
8386,8734
8512,8730
8621,8715
8404,8712
8538,8705
8405,8690
8485,8684
8318,8680
8387,8668
8529,8670
8273,8651
8368,8658
8376,8646
8334,8634
8327,8620
8363,8623
8295,8612
8327,8592
8267,8591
8320,8587
8348,8575
8299,8575
8292,8556
8272,8544
8333,8545
8247,8543
8369,8535
8210,8534
8184,8515
8337,8514
8210,8503
8347,8490
8192,8480
8330,8475
8283,8464
8296,8466
8391,8443
8241,8444
8284,8453
8303,8440
8222,8404
8211,8420
8256,8420
8214,8398
8256,8396
8275,8384
8227,8367
8138,8353
8282,8348
8068,8333
8235,8341
8407,8334
8423,8319
8192,8321
8103,8313
8269,8283
8230,8298
8105,8279
8167,8278
8140,8264
8144,8262
8039,8238
8033,8248
8099,8219
8143,8226
8057,8213
8032,8206
8065,8200
8152,8196
8120,8199
8095,8159
7976,8173
8032,8179
7943,8157
8131,8143
8192,8148
8096,8153
8050,8143
8001,8114
7941,8094
7979,8093
8002,8084
8089,8086
8054,8079
8124,8068
8066,8056
8047,8059
8041,8034
7981,8038
7964,8040
7957,8006
7936,8022
7927,8020
7912,8000
7936,7985
7929,8001
7946,7989
8004,7964
8040,7965
8064,7982
8027,7960
8077,7946
8076,7952
8079,7957
8071,7971
8088,7962
8121,7954
8140,7958
8121,7949
8169,7962
8139,7943
8152,7958
8141,7970
8138,7965
8170,7960
8141,7953
8157,7966
8141,7952
8145,7952
8172,7967
8198,7952
8145,7958
8144,7960
8199,7955
8166,7939
8153,7944
8183,7953
8153,7950
8170,7951
8168,7957
8163,7928
8159,7979
8173,7951
8176,7949
8198,7948
8165,7943
8183,7956
8162,7959
8151,7975
8159,7960
8128,7960
8117,7953
8131,7941
8160,7968
8128,7958
8088,7956
8016,7952
7876,7941
7753,7944
7680,7948
7565,7937
7549,7935
7530,7921
7511,7915
7509,7917
7416,7884
7409,7895
7417,7884
7407,7866
7433,7844
7407,7864
7484,7833
7420,7855
7487,7840
7493,7836
7453,7817
7382,7812
7336,7802
7295,7793
7377,7790
7414,7772
7409,7773
7367,7770
7445,7760
7383,7752
7308,7734
7306,7730
7358,7724
7384,7715
7398,7712
7306,7699
7339,7696
7323,7680
7375,7670
7361,7662
7312,7674
7288,7644
7329,7645
7321,7630
7347,7650
7239,7610
7384,7616
7245,7599
7385,7594
7103,7595
7181,7580
7271,7568
7100,7557
7298,7563
7206,7537
7251,7545
7163,7531
7165,7524
7218,7508
7115,7515
7166,7502
7235,7493
7137,7485
7230,7480
7236,7465
7089,7471
7186,7449
7091,7446
7082,7444
7193,7434
7077,7417
7151,7407
7061,7416
7213,7394
7172,7380
7075,7380
7205,7375
7000,7369
7101,7349
7145,7350
7103,7345
7085,7330
7098,7328
7105,7318
7064,7308
7075,7294
7004,7291
7133,7281
7040,7284
7116,7265
6966,7255
7026,7249
6943,7246
7042,7256
6944,7233
6968,7228
6965,7208
6888,7208
6975,7197
6972,7194
6984,7183
7051,7184
7112,7158
7054,7169
7091,7162
7251,7162
7003,7153
7182,7171
7195,7158
7159,7163
7244,7157
7115,7161
7255,7156
7029,7156
7253,7152
7310,7149
7040,7166
7239,7155
6998,7151
7147,7161
7154,7157
7127,7157
7308,7165
7331,7145
7290,7146
7432,7139
7194,7164
7407,7139
7233,7152
7196,7168
7342,7151
7130,7158
7336,7151
7336,7155
7284,7152
7257,7165
7213,7156
7208,7144
7177,7149
7164,7168
7349,7149
7161,7151
7357,7153
7179,7157
7126,7160
7235,7158
7142,7161
7207,7153
7144,7154
7267,7160
7273,7148
7164,7155
7215,7144
7294,7160
7204,7155
7201,7150
7145,7144
7184,7164
7207,7154
7247,7149
7225,7160
7042,7165
7251,7153
7092,7150
7172,7157
7362,7156
7144,7145
7353,7153
7227,7138
7093,7164
7332,7144
7159,7153
7263,7155
7143,7149
7252,7157
7289,7149
7136,7153
7198,7158
7114,7144
7181,7163
7217,7154
7140,7147
7254,7151
7233,7163
7294,7162
7313,7145
7207,7152
7357,7156
7200,7155
7187,7142
7309,7143
7183,7147
7335,7147
7327,7155
7255,7166
7300,7161
7155,7153
7322,7154
7109,7156
7244,7150
7389,7154
7197,7149
7411,7142
7121,7147
7130,7159
7200,7159
7135,7160
7244,7148
7081,7152
7280,7159
7278,7148
7161,7160
7244,7158
7244,7151
7204,7149
7299,7151
7175,7158
7194,7159
7278,7142
7321,7175
7228,7162
7157,7153
7203,7148
7165,7141
7269,7156
7326,7153
7155,7160
7324,7141
7226,7152
7303,7157
7250,7153
7098,7163
7323,7161
7126,7147
7296,7161
7357,7163
7245,7153
7258,7158
7124,7149
7123,7153
7146,7162
7141,7149
7289,7161
7192,7158
7290,7156
7271,7154
7176,7160
7282,7163
7166,7160
7192,7159
7138,7152
7146,7163
7288,7153
7342,7152
7222,7155
7283,7163
7154,7161
7248,7159
7171,7155
7219,7143
7290,7147
7250,7163
7314,7164
7142,7152
7269,7174
7178,7140
7136,7155
7283,7154
7082,7162
7214,7152
7231,7146
7206,7154
7223,7152
7181,7158
7161,7155
7228,7161
7147,7161
7202,7147
7129,7154
7348,7156
7210,7152
7124,7150
7192,7162
7217,7154
7188,7157
7221,7147
7138,7148
7244,7145
7219,7143
7278,7158
7249,7163
7087,7162
7302,7151
7099,7147
7273,7166
7281,7154
7212,7160
7285,7154
7122,7142
7315,7154
7178,7150
7155,7151
7205,7150
7177,7152
7210,7157
7123,7159
7246,7164
7190,7155
7145,7162
7292,7164
7146,7139
7250,7161
7286,7155
7215,7154
7338,7159
7341,7158
7062,7151
7320,7161
7223,7148
7238,7162
7179,7153
7195,7156
7319,7148
7209,7157
7341,7152
7187,7159
7164,7159
7228,7164
7035,7164
7236,7157
7321,7153
7183,7165
7250,7150
7174,7147
7270,7151
7113,7155
7215,7151
7181,7157
7181,7156
7327,7156
7247,7158
7192,7155
7277,7154
7238,7160
7091,7158
7223,7160
7163,7156
7242,7151
7147,7147
7267,7157
7239,7155
7118,7160
7251,7157
7110,7154
7374,7157
7005,7149
7255,7152
7269,7166
7111,7165
7286,7153
7122,7162
7092,7156
7235,7160
7175,7158
7199,7158
7240,7147
7222,7148
7229,7160
7182,7149
7247,7157
7218,7158
7170,7158
7338,7142
7169,7148
7295,7148
7267,7146
7228,7163
7310,7169
7183,7154
7209,7157
7178,7153
7133,7151
7336,7162
7176,7150
7341,7155
7237,7151
7116,7154
7206,7149
7066,7164
7270,7166
7103,7170
7204,7147
7219,7160
7168,7153
7169,7145
7155,7159
7206,7152
7129,7152
7113,7153
7341,7156
7233,7149
7224,7151
7325,7163
7118,7150
7430,7161
7194,7162
7155,7156
7333,7141
7080,7151
7325,7154
7328,7158
7265,7149
7250,7155
7084,7157
7228,7155
7095,7166
7254,7165
7245,7153
7153,7161
7276,7145
7179,7157
7133,7151
7229,7153
7134,7157
7229,7158
7180,7161
7201,7151
7225,7152
7226,7147
7301,7157
7264,7153
7133,7148
7265,7152
7139,7142
7255,7159
7224,7148
7280,7152
7255,7159
7119,7153
7373,7157
7123,7159
7129,7156
7385,7153
7178,7164
7383,7157
7198,7150
7352,7150
7190,7154
7135,7143
7302,7151
7066,7144
7234,7148
7306,7157
7167,7156
7195,7155
7230,7156
7297,7151
7179,7158
7209,7146
7237,7147
7227,7151
7169,7172
7294,7157
7173,7151
7338,7156
7179,7149
7175,7156
7182,7153
7104,7150
7290,7161
7306,7153
7258,7160
7291,7158
7140,7166
7322,7157
7201,7152
7288,7163
7239,7151
7248,7167
7347,7144
7147,7151
7286,7162
7203,7146
7198,7145
7290,7154
7178,7152
7287,7155
7271,7150
7080,7159
7335,7147
7289,7154
7098,7161
7225,7158
7132,7160
7227,7155
7203,7161
7209,7146
7268,7149
7226,7147
7342,7159
7260,7155
7187,7160
7201,7142
7208,7167
7365,7149
7261,7160
7404,7155
7328,7157
7345,7165
7360,7168
7338,7171
7451,7197
7499,7184
7464,7185
7469,7200
7495,7208
7488,7222
7444,7222
7464,7230
7524,7233
7569,7241
7486,7256
7544,7257
7488,7251
7543,7270
7567,7283
7584,7280
7521,7289
7590,7312
7616,7314
7614,7326
7609,7333
7656,7338
7701,7351
7606,7355
7554,7360
7644,7375
7588,7376
7648,7394
7653,7397
7630,7398
7734,7402
7619,7415
7704,7433
7676,7428
7737,7429
7746,7463
7669,7461
7694,7457
7712,7489
7704,7482
7729,7489
7769,7491
7727,7512
7714,7514
7806,7537
7677,7528
7704,7525
7871,7539
7809,7568
7640,7575
7797,7577
7694,7587
7699,7603
7847,7598
7809,7595
7714,7607
7771,7621
7912,7627
7832,7627
7730,7649
7784,7661
7827,7654
7870,7671
7797,7687
7792,7683
7774,7689
7912,7705
7902,7694
7866,7727
7794,7727
7881,7723
7893,7736
7984,7752
7962,7768
7806,7753
7808,7788
7874,7783
7837,7799
7936,7787
7915,7792
7969,7822
7931,7817
7891,7848
7899,7827
7871,7856
7928,7858
7908,7879
7984,7876
8009,7878
7991,7892
8018,7876
8041,7882
8076,7916
8073,7924
7993,7932
7970,7930
7929,7927
7938,7954
7906,7935
7906,7930
7882,7965
7939,7925
7828,7962
7863,7968
7861,7939
7829,7966
7858,7943
7842,7949
7830,7934
7855,7956
7829,7949
7811,7944
7840,7936
7832,7951
7857,7946
7799,7971
7777,7947
7834,7944
7812,7962
7812,7976
7781,7946
7817,7955
7810,7966
7813,7943
7787,7965
7744,7953
7807,7946
7798,7938
7783,7963
7795,7960
7787,7953
7807,7954
7789,7968
7808,7948
7777,7933
7799,7943
7762,7956
7799,7946
7789,7965
7803,7957
7832,7951
7834,7953
7818,7955
7830,7948
7810,7947
7860,7976
7970,7958
8093,7953
8175,7974
8212,7981
8350,7974
8394,7984
8446,7985
8463,7997
8445,8015
8453,8014
8501,8012
8460,8035
8456,8030
8477,8060
8455,8060
8431,8058
8421,8066
8402,8069
8421,8101
8448,8099
8466,8101
8528,8074
8567,8116
8495,8115
8594,8135
8434,8129
8422,8147
8438,8153
8609,8162
8663,8157
8600,8178
8556,8202
8538,8189
8524,8203
8704,8223
8641,8213
8653,8233
8552,8230
8598,8235
8640,8250
8660,8270
8630,8265
8571,8277
8703,8281
8700,8289
8637,8285
8549,8312
8668,8321
8743,8313
8627,8328
8484,8348
8696,8335
8740,8349
8518,8366
8560,8366
8811,8372
8740,8384
8620,8399
8806,8418
8667,8407
8643,8408
8777,8422
8702,8436
8653,8440
8786,8452
8666,8455
8701,8467
8705,8471
8661,8485
8795,8488
8699,8488
8747,8500
8734,8509
8700,8525
8839,8535
8688,8534
8854,8546
8781,8556
8829,8570
8814,8564
8782,8568
8871,8593
8776,8596
8874,8600
8800,8616
8869,8626
8947,8625
8895,8634
8847,8657
8942,8655
8819,8655
8940,8664
8907,8660
8880,8682
8797,8685
8898,8715
8967,8726
8878,8712
8973,8720
8888,8737
8803,8734
8822,8735
8773,8742
8900,8736
8671,8747
8858,8747
8727,8748
8656,8757
8730,8742
8622,8752
8697,8752
8591,8755
8710,8758
8805,8768
8571,8753
8774,8754
8673,8753
8665,8758
8659,8757
8631,8758
8722,8755
8665,8760
8737,8753
8659,8752
8616,8756
8753,8747
8536,8752
8593,8761
8799,8758
8577,8765
8780,8764
8707,8762
8773,8763
8693,8765
8518,8766
8707,8761
8546,8752
8673,8753
8691,8744
8683,8763
8720,8764
8582,8751
8554,8755
8708,8762
8592,8760
8807,8746
8520,8759
8793,8761
8864,8754
8639,8759
8814,8749
8642,8758
8681,8764
8634,8761
8633,8768
8717,8756
8692,8753
8707,8752
8659,8763
8672,8775
8751,8760
8621,8748
8666,8759
8799,8761
8722,8761
8817,8753
8574,8761
8623,8761
8658,8757
8604,8759
8725,8767
8550,8767
8680,8763
8777,8756
8572,8764
8767,8747
8672,8757
8655,8762
8664,8762
8602,8761
8820,8773
8710,8759
8761,8754
8665,8754
8611,8750
8752,8756
8575,8759
8629,8767
8787,8752
8581,8756
8774,8754
8698,8755
8770,8770
8690,8755
8533,8762
8747,8763
8520,8752
8670,8758
8728,8750
8715,8750
8745,8753
8662,8745
8572,8766
8663,8764
8634,8751
8776,8759
8561,8755
8825,8768
8836,8770
8585,8769
8763,8765
8627,8757
8643,8755
8660,8755
8566,8754
8709,8755
8753,8752
8685,8766
8724,8757
8642,8755
8754,8749
8581,8755
8689,8756
8809,8760
8752,8757
8772,8763
8550,8758
8793,8761
8640,8753
8587,8756
8711,8753
8564,8756
8721,8759
8835,8756
8686,8762
8784,8765
8674,8754
8597,8745
8706,8764
8660,8752
8788,8767
8638,8760
8774,8755
8798,8756
8645,8745
8717,8758
8612,8757
8715,8753
8597,8756
8690,8763
8783,8752
8628,8763
8761,8762
8629,8745
8556,8761
8670,8763
8536,8755
8769,8756
8818,8761
8667,8759
8861,8759
8619,8758
8809,8754
8657,8758
8564,8751
8701,8759
8589,8757
8741,8762
8747,8753
8762,8753
8833,8741
8611,8763
8623,8760
8613,8751
8614,8760
8714,8757
8533,8735
8731,8761
8828,8757
8684,8753
8770,8756
8588,8752
8665,8756
8495,8750
8558,8755
8729,8744
8605,8750
8754,8752
8631,8766
8581,8762
8680,8748
8595,8763
8709,8748
8760,8749
8723,8762
8737,8774
8639,8747
8794,8766
8709,8759
8612,8756
8773,8762
8605,8760
8757,8756
8757,8751
8734,8754
8680,8754
8653,8755
8696,8766
8675,8762
8668,8773
8782,8751
8664,8757
8782,8764
8702,8741
8600,8761
8689,8753
8550,8755
8769,8741
8540,8753
8651,8754
8796,8756
8615,8748
8789,8749
8630,8764
8586,8760
8740,8750
8572,8763
8682,8753
8745,8756
8786,8751
8732,8765
8644,8757
8757,8753
8637,8749
8690,8771
8817,8772
8604,8767
8820,8752
8813,8760
8723,8764
8776,8764
8586,8758
8691,8775
8625,8756
8710,8764
8790,8750
8654,8747
8752,8753
8694,8766
8630,8755
8722,8760
8561,8751
8741,8755
8534,8760
8630,8771
8723,8760
8623,8762
8831,8753
8642,8758
8616,8761
8680,8760
8629,8750
8755,8759
8720,8731
8759,8765
8769,8759
8643,8765
8829,8754
8729,8770
8687,8761
8813,8758
8645,8764
8791,8759
8731,8750
8760,8754
8693,8757
8639,8748
8775,8766
8582,8760
8752,8761
8757,8758
8649,8753
8822,8751
8697,8762
8576,8743
8705,8752
8549,8753
8744,8758
8661,8751
8706,8750
8790,8755
8677,8756
8771,8753
8668,8762
8609,8750
8658,8763
8618,8747
8810,8757
8705,8759
8695,8748
8757,8760
8615,8745
8782,8746
8628,8755
8697,8754
8781,8756
8626,8750
8789,8762
8685,8749
8777,8763
8678,8754
8514,8764
8685,8755
8608,8762
8679,8756
8741,8746
8677,8756
8774,8766
8618,8752
8636,8766
8709,8754
8643,8771
8780,8767
8597,8765
8722,8752
8739,8755
8561,8758
8788,8761
8681,8752
8575,8767
8663,8754
8623,8754
8851,8757
8708,8751
8751,8763
8800,8754
8602,8758
8704,8765
8626,8750
8726,8758
8731,8760
8658,8761
8784,8766
8651,8763
8761,8770
8592,8755
8593,8762
8778,8761
8552,8753
8688,8757
8737,8755
8693,8757
8786,8755
8644,8750
8637,8763
8665,8762
8662,8758
8689,8758
8676,8767
8776,8773
8694,8758
8636,8756
8780,8750
8584,8744
8703,8752
8835,8767
8626,8761
8838,8771
8679,8762
8748,8759
8744,8752
8541,8753
8655,8760
8600,8755
8703,8765
8747,8757
8593,8750
8714,8757
8733,8759
8671,8764
8740,8752
8626,8753
8756,8747
8618,8757
8618,8748
8694,8765
8708,8752
8667,8739
8628,8762
8615,8759
8670,8754
8667,8757
8779,8755
8666,8748
8831,8751
8717,8755
8574,8752
8677,8758
8591,8763
8713,8758
8785,8751
8615,8766
8737,8754
8660,8754
8748,8758
8571,8746
8456,8757
8624,8748
8462,8734
8660,8737
8616,8725
8535,8723
8587,8701
8352,8705
8413,8700
8367,8693
8350,8681
8540,8682
8458,8669
8564,8659
8474,8647
8375,8646
8366,8633
8394,8631
8333,8624
8342,8615
8278,8631
8334,8594
8229,8591
8297,8583
8271,8571
8314,8567
8287,8562
8274,8548
8263,8555
8206,8539
8357,8518
8177,8504
8258,8518
8260,8500
8169,8497
8240,8498
8260,8480
8254,8468
8242,8464
8294,8454
8358,8451
8243,8451
8343,8439
8266,8435
8219,8411
8266,8393
8229,8401
8239,8395
8297,8393
8315,8383
8264,8368
8140,8362
8258,8348
8167,8359
8192,8342
8387,8325
8349,8336
8046,8306
8031,8309
8224,8286
8156,8292
8056,8285
8148,8269
8164,8267
8078,8255
8084,8253
8064,8219
8134,8247
8134,8230
8077,8210
7983,8226
8055,8204
8111,8212
8097,8182
8089,8189
7994,8172
8053,8172
8047,8128
8124,8127
8182,8137
8019,8122
8042,8122
8016,8117
8000,8106
7969,8090
8049,8109
8051,8062
8096,8075
8085,8070
8065,8055
8094,8052
7992,8042
7926,8033
7940,8026
7949,8015
7910,7998
7944,8026
7941,7989
7946,7990
8001,7992
7927,7981
7975,7961
8011,7953
8043,7987
8000,7967
8063,7962
8083,7946
8077,7956
8068,7975
8098,7959
8081,7965
8140,7960
8142,7970
8115,7945
8139,7948
8140,7954
8174,7986
8135,7956
8168,7956
8121,7960
8135,7957
8204,7955
8160,7958
8180,7952
8155,7959
8152,7946
8163,7957
8161,7953
8161,7966
8184,7979
8156,7944
8177,7967
8116,7951
8154,7968
8176,7952
8167,7961
8156,7956
8139,7952
8149,7960
8142,7953
8154,7954
8169,7952
8135,7963
8134,7945
8140,7943
8149,7959
8161,7984
8148,7949
8097,7938
8071,7941
8004,7947
7817,7939
7793,7949
7685,7935
7603,7944
7469,7928
7507,7923
7423,7911
7411,7920
7408,7887
7427,7886
7432,7879
7426,7871
7448,7875
7433,7860
7429,7850
7475,7832
7478,7830
7467,7825
7399,7813
7383,7804
7342,7800
7341,7796
7356,7787
7353,7781
7371,7756
7388,7755
7417,7748
7298,7743
7264,7736
7338,7728
7344,7726
7396,7710
7386,7698
7350,7708
7331,7688
7361,7678
7389,7674
7388,7668
7258,7668
7291,7657
7311,7670
7392,7636
7220,7636
7314,7618
7374,7593
7338,7603
7137,7599
7076,7583
7259,7577
7219,7566
7097,7564
7268,7554
7232,7561
7126,7525
7095,7536
7217,7529
7187,7505
7112,7496
7190,7495
7170,7488
7125,7487
7211,7467
7144,7473
7088,7461
7199,7443
7105,7440
7201,7434
7126,7431
7074,7426
7177,7417
6984,7405
7108,7383
7202,7394
7053,7393
7219,7373
6968,7364
7254,7363
7058,7357
7044,7350
7168,7333
7146,7319
7067,7318
7022,7311
7044,7301
7086,7302
7100,7270
7035,7286
7041,7270
7058,7268
7049,7254
7009,7253
7047,7228
6999,7231
7050,7217
6975,7192
6927,7211
6989,7195
6909,7185
6997,7177
7051,7166
7046,7160
7033,7171
6972,7173
7221,7158
7144,7149
7089,7162
7147,7164
7151,7176
7267,7154
7168,7154
7305,7165
7186,7160
7099,7154
7270,7146
7051,7164
7214,7162
7269,7152
7226,7157
7326,7156
7178,7153
7331,7157
7293,7157
7106,7170
7262,7152
7098,7157
7271,7163
7277,7162
7245,7161
7311,7140
7221,7166
7177,7156
7232,7164
7211,7148
7388,7157
7119,7144
7236,7164
7344,7154
7172,7159
7393,7166
7203,7152
7201,7157
7162,7154
7190,7150
7253,7153
7166,7160
7175,7160
7131,7155
7111,7154
7191,7161
7160,7153
7175,7163
7216,7151
7237,7153
7256,7152
7102,7151
7140,7163
7157,7159
7120,7169
7300,7149
7040,7139
7253,7156
7309,7158
7143,7147
7271,7153
7182,7145
7179,7157
7136,7146
7139,7157
7412,7152
7247,7158
7387,7157
7248,7155
7122,7163
7266,7158
7112,7173
7230,7152
7250,7151
7183,7160
7250,7165
7160,7158
7256,7158
7275,7155
7171,7137
7224,7148
7192,7156
7208,7154
7373,7156
7258,7147
7310,7162
7171,7155
7219,7155
7252,7154
7200,7155
7262,7164
7141,7164
7295,7156
7286,7155
7135,7155
7310,7153
7108,7140
7281,7149
7099,7153
7113,7165
7349,7163
7171,7157
7253,7147
7133,7150
7086,7157
7269,7147
7128,7156
7099,7161
7171,7154
7258,7146
7224,7162
7142,7155
7209,7155
7189,7144
7134,7158
7281,7159
7055,7149
7247,7159
7270,7154
7274,7161
7329,7154
7171,7157
7143,7155
7152,7149
7176,7156
7321,7145
7188,7161
7316,7148
7230,7156
7120,7143
7194,7149
7098,7160
7259,7164
7067,7153
7180,7153
7329,7156
7206,7156
7245,7158
7216,7152
7144,7158
7256,7147
7165,7152
7191,7146
7349,7157
7237,7151
7304,7155
7179,7157
7287,7155
7285,7155
7146,7149
7250,7146
7151,7154
7271,7151
7296,7149
7196,7146
7196,7153
7075,7161
7266,7149
7110,7154
7210,7161
7368,7156
7205,7160
7259,7169
7169,7155
7139,7159
7220,7147
7142,7150
7152,7160
7192,7165
7217,7157
7189,7147
7197,7165
7207,7167
7160,7148
7196,7162
7130,7151
7155,7158
7277,7158
7222,7148
7229,7156
7326,7155
7116,7154
7357,7158
7213,7153
7157,7162
7318,7155
7137,7150
7293,7156
7249,7168
7237,7158
7220,7144
7109,7157
7248,7172
7095,7147
7160,7160
7275,7155
7185,7139
7268,7144
7169,7154
7246,7145
7203,7164
7204,7160
7203,7151
7151,7152
7302,7159
7255,7151
7163,7151
7323,7158
7257,7164
7088,7152
7291,7150
7092,7149
7301,7162
7305,7150
7265,7156
7319,7155
7110,7156
7341,7160
7130,7151
7259,7157
7380,7151
7249,7152
7269,7164
7201,7153
7266,7161
7229,7148
7088,7161
7186,7154
7134,7151
7170,7159
7258,7160
7171,7155
7210,7155
7242,7158
7188,7158
7248,7155
7218,7159
7230,7157
7227,7147
7230,7150
7223,7149
7128,7154
7254,7144
7181,7155
7176,7159
7161,7141
7140,7154
7263,7161
7228,7155
7321,7158
7221,7150
7100,7156
7177,7167
7057,7141
7235,7159
7301,7155
7180,7148
7270,7156
7231,7163
7203,7159
7176,7155
7223,7146
7214,7160
7129,7161
7284,7150
7305,7153
7199,7152
7331,7158
7230,7154
7092,7150
7293,7158
7068,7143
7276,7152
7146,7149
7221,7163
7358,7164
7212,7151
7255,7151
7207,7154
7237,7139
7276,7152
7195,7158
7304,7157
7194,7152
7270,7160
7218,7152
7108,7164
7212,7151
7139,7164
7225,7147
7261,7157
7186,7148
7249,7173
7170,7150
7167,7150
7232,7150
7078,7170
7200,7161
7079,7153
7150,7158
7273,7140
7185,7151
7269,7155
7156,7157
7101,7158
7163,7146
7098,7158
7384,7148
7216,7143
7413,7156
7287,7155
7075,7163
7237,7158
7155,7142
7183,7161
7264,7149
7102,7153
7242,7146
7233,7157
7228,7155
7231,7145
7205,7140
7180,7154
7158,7152
7261,7157
7258,7151
7141,7157
7284,7161
7177,7143
7170,7144
7195,7176
7116,7155
7272,7151
7111,7143
7257,7158
7343,7152
7190,7149
7329,7151
7164,7149
7205,7151
7146,7139
7214,7159
7299,7155
7152,7161
7333,7147
7247,7150
7123,7147
7250,7152
7249,7153
7311,7160
7273,7175
7238,7161
7250,7162
7213,7156
7276,7163
7314,7157
7094,7151
7218,7168
7128,7155
7175,7155
7317,7157
7141,7138
7251,7161
7179,7154
7151,7151
7230,7155
7193,7157
7316,7164
7169,7159
7389,7154
7210,7158
7119,7162
7247,7151
7096,7149
7217,7170
7181,7152
7176,7162
7297,7150
7192,7159
7283,7156
7281,7152
7180,7160
7307,7162
7151,7165
7225,7151
7375,7157
7143,7168
7288,7163
7324,7159
7328,7164
7227,7155
7139,7150
7243,7150
7156,7152
7246,7156
7377,7154
7234,7154
7326,7155
7176,7164
7232,7161
7217,7148
7273,7159
7407,7163
7325,7167
7499,7172
7392,7170
7395,7199
7427,7200
7439,7183
7519,7213
7512,7215
7512,7227
7548,7221
7501,7229
7558,7242
7526,7241
7524,7258
7542,7267
7512,7261
7561,7272
7596,7288
7571,7280
7568,7301
7553,7315
7526,7326
7590,7326
7660,7329
7600,7340
7669,7351
7636,7354
7631,7359
7555,7383
7523,7375
7730,7393
7614,7396
7569,7405
7648,7407
7661,7410
7701,7433
7645,7437
7659,7437
7714,7455
7663,7454
7723,7471
7695,7486
7636,7483
7730,7504
7729,7509
7674,7508
7747,7522
7692,7527
7752,7513
7693,7547
7682,7559
7701,7548
7702,7583
7815,7572
7714,7575
7800,7584
7840,7601
7788,7607
7661,7618
7812,7620
7893,7638
7771,7647
7715,7641
7803,7655
7868,7661
7836,7675
7757,7681
7753,7685
7851,7684
7918,7696
7942,7699
7831,7722
7775,7741
7853,7707
7903,7733
7893,7765
7902,7751
7866,7777
7804,7773
7882,7777
7963,7784
7902,7798
7939,7813
7933,7812
7920,7819
7907,7823
7880,7827
7878,7859
7895,7883
7961,7858
7955,7864
7986,7902
8010,7889
8025,7905
8053,7904
8067,7910
8094,7908
8066,7936
7969,7935
7994,7920
7954,7947
7961,7947
7917,7936
7894,7963
7902,7944
7860,7977
7851,7946
7863,7955
7841,7932
7865,7961
7845,7958
7831,7946
7842,7959
7818,7948
7812,7945
7803,7967
7854,7968
7810,7964
7812,7951
7811,7967
7805,7970
7820,7961
7817,7948
7789,7951
7802,7960
7811,7963
7811,7956
7778,7932
7787,7949
7782,7954
7789,7954
7786,7955
7783,7981
7762,7962
7773,7926
7774,7951
7787,7957
7783,7938
7824,7957
7767,7947
7778,7960
7797,7954
7784,7957
7785,7946
7838,7958
7819,7952
7835,7942
7854,7991
7898,7938
8010,7951
8106,7976
8205,7963
8278,7970
8308,7971
8390,7992
8403,7993
8447,8000
8489,7999
8488,8023
8501,8014
8484,8039
8449,8024
8459,8037
8451,8068
8416,8055
8428,8074
8369,8080
8399,8099
8510,8100
8529,8096
8555,8117
8558,8113
8507,8134
8517,8155
8401,8150
8443,8147
8470,8148
8630,8157
8593,8180
8578,8177
8539,8193
8569,8204
8612,8204
8647,8201
8642,8219
8553,8243
8561,8228
8642,8241
8680,8252
8645,8261
8624,8275
8556,8278
8620,8284
8714,8287
8635,8295
8593,8314
8702,8316
8653,8327
8500,8331
8537,8328
8681,8349
8755,8360
8672,8366
8708,8369
8688,8390
8649,8387
8789,8392
8725,8401
8673,8413
8666,8413
8677,8437
8623,8443
8679,8451
8634,8447
8671,8467
8721,8481
8656,8479
8775,8483
8778,8484
8758,8494
8888,8507
8715,8513
8788,8533
8894,8528
8870,8549
8880,8548
8790,8567
8838,8572
8808,8574
8860,8586
8769,8593
8879,8585
8899,8607
8816,8611
8809,8626
8864,8624
8896,8650
8933,8643
8937,8645
8842,8665
8869,8672
8959,8692
8905,8664
8987,8698
8879,8697
8924,8709
8909,8716
8863,8722
8945,8721
8798,8733
8855,8745
8675,8740
8771,8732
8644,8750
8684,8753
8748,8756
8710,8762
8822,8752
8708,8752
8588,8749
8736,8748
8676,8750
8699,8759
8675,8758
8716,8758
8688,8742
8551,8753
8805,8767
8544,8760
8647,8748
8610,8756
8642,8760
8712,8757
8756,8770
8619,8763
8722,8762
8649,8752
8712,8744
8676,8755
8693,8761
8802,8765
8640,8752
8748,8765
8538,8759
8767,8763
8590,8753
8596,8745
8653,8750
8633,8756
8681,8767
8747,8756
8607,8753
8793,8763
8625,8754
8593,8748
8696,8743
8637,8763
8752,8761
8604,8773
8790,8759
8761,8752
8601,8758
8721,8750
8633,8753
8694,8751
8648,8755
8627,8746
8743,8756
8716,8759
8728,8762
8729,8755
8607,8768
8701,8763
8551,8755
8698,8764
8766,8745
8572,8763
8801,8746
8676,8752
8734,8755
8767,8759
8604,8759
8704,8760
8606,8755
8728,8754
8755,8754
8549,8759
8804,8754
8572,8759
8683,8766
8592,8752
8638,8752
8746,8760
8738,8762
8714,8753
8753,8758
8617,8754
8783,8765
8726,8756
8592,8756
8731,8758
8610,8758
8784,8768
8702,8757
8757,8762
8630,8766
8606,8748
8725,8761
8570,8756
8639,8759
8887,8763
8548,8762
8838,8771
8628,8758
8565,8765
8692,8756
8601,8754
8761,8766
8647,8762
8778,8759
8757,8763
8617,8769
8753,8753
8634,8746
8693,8773
8658,8753
8649,8761
8805,8764
8723,8754
8811,8758
8708,8761
8559,8761
8764,8763
8591,8758
8685,8755
8751,8758
8621,8754
8817,8753
8700,8747
8799,8762
8742,8755
8568,8771
8754,8763
8572,8753
8607,8755
8791,8749
8663,8770
8730,8760
8656,8758
8732,8760
8611,8750
8672,8759
8873,8752
8582,8751
8798,8765
8727,8758
8578,8759
8828,8758
8616,8760
8650,8760
8595,8749
8663,8762
8836,8744
8642,8758
8752,8756
8631,8752
8596,8755
8714,8756
8581,8754
8684,8759
8802,8752
8704,8750
8816,8751
8631,8754
8751,8749
8659,8767
8507,8756
8784,8754
8537,8750
8696,8757
8724,8753
8659,8765
8746,8746
8608,8765
8579,8765
8706,8759
8591,8766
8656,8756
8666,8754
8734,8759
8727,8740
8587,8756
8777,8751
8576,8760
8648,8751
8529,8751
8695,8760
8797,8763
8639,8748
8700,8737
8646,8757
8530,8757
8732,8759
8531,8758
8665,8763
8819,8763
8663,8760
8768,8751
8599,8742
8771,8754
8688,8757
8619,8761
8782,8745
8572,8752
8717,8758
8734,8755
8751,8766
8763,8745
8595,8743
8671,8757
8565,8763
8655,8747
8790,8754
8647,8758
8808,8771
8677,8752
8558,8763
8747,8751
8615,8762
8664,8756
8593,8756
8679,8757
8783,8744
8643,8749
8729,8764
8640,8761
8645,8764
8657,8758
8598,8751
8803,8757
8758,8753
8746,8760
8776,8754
8605,8750
8767,8756
8683,8759
8571,8760
8754,8758
8639,8752
8764,8765
8758,8740
8757,8759
8803,8758
8628,8753
8646,8757
8579,8760
8677,8767
8751,8758
8611,8755
8698,8755
8676,8763
8559,8769
8732,8763
8587,8774
8699,8752
8535,8754
8640,8751
8854,8764
8629,8762
8779,8753
8726,8752
8621,8762
8711,8759
8587,8751
8689,8759
8740,8772
8703,8762
8674,8745
8585,8742
8752,8752
8639,8754
8649,8766
8800,8757
8680,8742
8835,8770
8706,8758
8783,8753
8798,8746
8629,8751
8676,8749
8546,8766
8601,8752
8811,8758
8610,8752
8730,8750
8727,8768
8661,8754
8732,8746
8604,8758
8763,8743
8609,8753
8728,8756
8752,8761
8566,8758
8773,8758
8648,8756
8625,8758
8696,8758
8568,8758
8751,8752
8710,8771
8755,8769
8771,8751
8582,8754
8781,8757
8560,8756
8601,8759
8689,8751
8710,8756
8799,8759
8616,8753
8732,8753
8785,8751
8603,8756
8696,8751
8549,8755
8770,8769
8858,8770
8664,8759
8841,8754
8639,8761
8630,8761
8683,8752
8556,8761
8670,8761
8792,8754
8627,8753
8755,8741
8647,8764
8775,8754
8685,8759
8621,8749
8777,8759
8633,8764
8839,8761
8665,8750
8793,8767
8735,8755
8591,8757
8685,8748
8525,8760
8648,8760
8776,8756
8691,8752
8756,8747
8696,8752
8646,8755
8767,8748
8725,8758
8793,8765
8673,8767
8789,8765
8802,8764
8610,8745
8715,8755
8624,8750
8699,8760
8636,8733
8588,8757
8714,8759
8685,8752
8801,8772
8699,8757
8506,8757
8849,8758
8606,8758
8625,8758
8844,8758
8610,8758
8839,8758
8747,8754
8734,8755
8786,8758
8625,8760
8655,8753
8620,8752
8708,8757
8789,8755
8661,8761
8771,8757
8688,8756
8664,8761
8669,8760
8613,8762
8686,8753
8591,8752
8596,8776
8790,8759
8668,8755
8723,8752
8704,8765
8686,8757
8633,8749
8609,8761
8761,8760
8634,8754
8747,8755
8689,8753
8531,8757
8685,8755
8561,8745
8675,8774
8766,8740
8617,8756
8695,8752
8621,8754
8613,8737
8477,8725
8352,8737
8641,8725
8346,8719
8594,8710
8547,8701
8485,8703
8494,8691
8326,8694
8590,8675
8266,8660
8383,8662
8367,8654
8387,8644
8353,8643
8380,8630
8323,8607
8323,8611
8329,8621
8314,8588
8223,8591
8324,8587
8298,8571
8330,8573
8257,8555
8300,8555
8270,8542
8257,8540
8299,8515
8163,8530
8271,8509
8291,8499
8296,8498
8301,8490
8232,8474
8313,8472
8274,8461
8399,8454
8331,8452
8199,8440
8348,8423
8259,8438
8186,8403
8291,8409
8194,8397
8233,8402
8322,8387
8216,8378
8289,8368
8212,8361
8105,8370
8175,8352
8285,8333
8407,8328
8260,8334
8091,8322
8202,8303
8133,8301
8021,8287
8095,8283
8157,8275
8142,8270
8125,8250
8065,8255
8105,8226
8165,8235
8151,8215
8021,8215
7988,8214
8069,8205
8136,8190
8104,8187
8028,8175
8004,8155
8009,8172
8103,8160
8135,8143
8133,8160
8028,8126
7940,8122
7969,8101
7985,8103
7950,8080
8033,8101
8060,8069
8137,8060
8087,8048
8058,8052
8021,8020
7978,8039
7944,8049
7959,8031
7956,8013
7936,8005
7890,7991
7831,8009
7914,7985
8003,7969
7983,7971
8036,7975
8036,7986
8087,7947
8057,7954
8060,7966
8075,7950
8053,7960
8094,7951
8105,7967
8108,7957
8158,7951
8143,7972
8155,7947
8158,7960
8181,7948
8160,7955
8168,7953
8161,7948
8143,7941
8116,7964
8141,7958
8176,7945
8157,7959
8173,7954
8150,7979
8162,7948
8173,7976
8131,7959
8185,7950
8148,7953
8199,7949
8167,7956
8163,7950
8153,7944
8157,7947
8136,7962
8157,7964
8163,7969
8138,7956
8186,7969
8156,7966
8138,7960
8140,7928
8153,7964
8145,7946
8123,7939
8122,7964
8127,7942
8077,7953
7904,7937
7831,7936
7720,7941
7626,7925
7620,7941
7504,7930
7584,7911
7513,7910
7451,7910
7430,7876
7407,7889
7434,7877
7460,7856
7424,7870
7460,7844
7479,7850
7443,7845
7439,7835
7470,7818
7358,7831
7340,7806
7319,7807
7322,7799
7339,7802
7421,7761
7374,7763
7418,7755
7415,7732
7312,7741
7330,7737
7331,7725
7362,7718
7421,7713
7344,7706
7320,7697
7300,7684
7343,7689
7386,7668
7311,7662
7273,7663
7281,7632
7300,7637
7337,7629
7264,7632
7188,7617
7248,7613
7506,7595
7114,7590
7099,7585
7287,7567
7132,7553
7078,7565
7283,7563
7282,7543
7132,7540
7164,7514
7240,7525
7166,7505
7154,7506
7225,7488
7114,7488
7187,7481
7229,7468
7082,7476
7209,7450
7242,7448
7096,7442
7273,7426
7110,7412
7129,7408
7176,7413
7112,7394
7251,7391
7131,7387
7150,7373
7072,7376
7071,7363
7178,7340
7014,7346
7155,7338
7066,7320
7124,7327
7044,7312
7104,7322
6948,7305
7093,7278
7078,7286
7073,7276
6995,7261
7025,7255
7022,7236
7092,7241
7070,7244
6937,7219
6980,7207
6958,7209
6931,7205
7001,7194
6983,7169
6960,7174
7082,7172
7078,7164
7153,7169
7176,7168
7042,7163
7167,7168
7151,7157
7185,7180
7190,7160
7222,7165
7289,7161
7205,7162
7340,7158
7176,7159
7402,7157
7138,7153
7122,7166
7284,7153
7101,7158
7191,7165
7332,7156
7179,7145
7315,7150
7266,7162
7137,7154
7239,7150
7160,7152
7302,7152
7165,7154
7278,7161
7330,7152
7135,7168
7423,7151
7214,7147
7153,7159
7295,7150
7150,7144
7263,7149
7313,7163
7237,7149
7245,7165
7191,7161
7252,7155
7181,7161
7242,7157
7211,7141
7134,7158
7288,7151
7089,7162
7267,7155
7208,7159
7108,7147
7224,7156
7107,7152
7153,7151
7245,7166
7192,7156
7283,7156
7099,7146
7101,7156
7131,7154
7111,7170
7280,7161
7125,7162
7308,7162
7320,7142
7072,7151
7333,7156
7211,7146
7181,7171
7174,7148
7135,7151
7386,7154
7228,7148
7345,7165
7209,7156
7144,7155
7243,7149
7126,7156
7194,7155
7255,7162
7138,7157
7205,7153
7299,7152
7260,7157
7246,7149
7200,7150
7328,7163
7138,7165
7274,7161
7297,7157
7259,7166
7359,7156
7134,7150
7149,7150
7199,7153
7126,7154
7256,7158
7302,7152
7299,7164
7307,7149
7120,7157
7277,7151
7132,7151
7216,7154
7195,7148
7220,7145
7309,7142
7191,7161
7291,7147
7246,7151
7159,7154
7289,7153
7154,7142
7182,7154
7208,7166
7085,7144
7322,7148
7135,7155
7092,7150
7182,7155
7088,7157
7204,7156
7135,7159
7193,7149
7213,7154
7134,7165
7329,7153
7197,7156
7245,7151
7146,7148
7175,7164
7354,7156
7147,7154
7341,7164
7132,7162
7132,7155
7263,7147
7079,7154
7262,7156
7272,7141
7173,7157
7266,7159
7313,7151
7243,7161
7270,7155
7161,7157
7327,7156
7117,7157
7209,7154
7260,7158
7188,7150
7285,7169
7165,7158
7110,7169
7198,7158
7100,7150
7247,7155
7158,7152
7261,7159
7266,7156
7114,7153
7282,7159
7158,7149
7250,7164
7164,7154
7176,7162
7267,7161
7128,7157
7295,7158
7218,7152
7188,7154
7226,7152
7253,7152
7222,7159
7178,7149
7169,7158
7351,7147
7152,7149
7322,7150
7191,7160
7128,7156
7272,7158
7139,7155
7169,7148
7307,7161
7207,7155
7295,7156
7239,7153
7178,7163
7151,7149
7135,7159
7319,7152
7204,7154
7320,7158
7191,7156
7085,7155
7255,7162
7130,7155
7201,7147
7188,7158
7244,7151
7268,7152
7242,7157
7284,7146
7241,7161
7115,7156
7296,7150
7160,7155
7264,7162
7268,7159
7214,7146
7294,7155
7226,7169
7294,7162
7174,7146
7166,7154
7343,7166
7173,7157
7350,7142
7297,7150
7325,7136
7402,7141
7137,7153
7201,7152
7203,7157
7104,7154
7277,7145
7164,7144
7289,7166
7256,7154
7144,7145
7309,7146
7278,7156
7182,7151
7241,7151
7191,7159
7312,7154
7195,7152
7266,7157
7209,7147
7225,7152
7200,7155
7101,7143
7266,7160
7236,7164
7180,7154
7266,7144
7134,7153
7310,7152
7188,7158
7170,7156
7340,7150
7196,7160
7280,7144
7056,7165
7348,7162
7232,7165
7053,7148
7182,7159
7152,7151
7163,7167
7220,7167
7257,7166
7303,7161
7227,7154
7145,7150
7293,7157
7166,7147
7216,7151
7099,7146
7156,7155
7373,7160
7290,7146
7283,7162
7292,7147
7174,7153
7284,7153
7160,7153
7247,7154
7296,7155
7284,7169
7272,7145
7123,7158
7382,7157
7121,7157
7154,7147
7218,7154
7126,7151
7255,7160
7219,7160
7233,7147
7293,7149
7251,7149
7193,7162
7191,7146
7206,7159
7280,7155
7252,7152
7261,7147
7197,7145
7166,7158
7258,7154
7129,7172
7330,7157
7068,7148
7202,7161
7302,7170
7146,7147
7368,7153
7194,7141
7038,7154
7231,7160
7068,7142
7296,7153
7212,7135
7257,7164
7242,7149
7087,7159
7303,7151
7183,7151
7149,7149
7174,7158
7285,7148
7253,7159
7192,7148
7227,7152
7227,7170
7226,7152
7189,7155
7158,7151
7216,7158
7410,7143
7140,7157
7348,7157
7216,7155
7149,7167
7270,7152
7126,7145
7189,7155
7283,7158
7293,7163
7295,7161
7137,7147
7277,7152
7070,7150
7199,7153
7346,7154
7105,7152
7322,7156
7253,7153
7244,7154
7264,7154
7187,7152
7255,7147
7184,7161
7206,7152
7285,7154
7242,7148
7239,7164
7245,7157
7136,7158
7343,7153
7209,7157
7238,7153
7172,7167
7167,7150
7322,7155
7180,7151
7353,7151
7203,7152
7163,7150
7147,7162
7153,7156
7351,7151
7173,7162
7314,7151
7234,7156
7091,7143
7300,7156
7096,7152
7165,7154
7227,7156
7222,7161
7240,7155
7252,7158
7185,7152
7261,7164
7219,7157
7202,7157
7143,7156
7157,7155
7355,7157
7223,7149
7406,7165
7238,7159
7113,7157
7352,7152
7153,7161
7279,7157
7137,7157
7256,7161
7343,7149
7256,7161
7317,7160
7219,7161
7350,7161
7314,7165
7400,7171
7506,7177
7400,7184
7522,7190
7416,7208
7501,7181
7553,7209
7445,7221
7498,7220
7461,7223
7610,7250
7485,7248
7559,7252
7498,7265
7581,7275
7555,7282
7568,7312
7586,7286
7608,7311
7618,7301
7640,7334
7548,7320
7667,7341
7635,7343
7639,7342
7573,7379
7599,7367
7661,7374
7560,7388
7657,7393
7642,7410
7687,7411
7601,7433
7674,7435
7652,7429
7665,7439
7761,7451
7729,7436
7720,7463
7716,7469
7686,7473
7662,7487
7763,7505
7697,7502
7757,7509
7813,7534
7716,7526
7668,7531
7916,7549
7680,7533
7636,7565
7811,7566
7736,7577
7671,7580
7842,7605
7797,7599
7762,7607
7777,7628
7853,7623
7817,7628
7806,7628
7774,7656
7771,7663
7822,7669
7896,7677
7762,7679
7807,7692
7869,7698
7898,7699
7915,7711
7820,7731
7841,7716
7898,7729
7886,7742
7958,7770
7894,7745
7812,7766
7837,7787
7839,7788
7894,7785
7936,7785
7958,7805
7926,7826
7943,7840
7924,7839
7881,7842
7883,7849
7889,7853
7948,7860
7968,7877
8006,7869
7994,7877
8044,7899
8015,7886
8061,7909
8053,7914
8022,7915
7925,7922
7928,7933
7913,7968
7926,7969
7867,7926
7853,7929
7861,7983
7848,7912
7865,7954
7864,7968
7856,7939
7858,7959
7813,7947
7814,7955
7818,7946
7817,7970
7824,7945
7828,7950
7824,7954
7798,7955
7822,7963
7795,7960
7836,7944
7795,7939
7845,7958
7812,7938
7789,7964
7808,7952
7767,7947
7800,7946
7793,7951
7806,7952
7763,7950
7803,7950
7767,7926
7783,7953
7798,7950
7777,7969
7785,7963
7753,7952
7812,7944
7810,7937
7801,7933
7780,7957
7814,7928
7816,7969
7806,7954
7787,7947
7850,7959
7843,7952
7920,7966
8042,7947
8173,7954
8232,7979
8342,7977
8377,7988
8390,7996
8424,7979
8449,7997
8462,8010
8493,8024
8479,8018
8489,8035
8455,8046
8447,8057
8428,8058
8411,8059
8378,8072
8399,8069
8429,8103
8485,8104
8508,8103
8584,8098
8572,8122
8529,8131
8423,8138
8453,8147
8437,8161
8558,8152
8633,8168
8645,8177
8593,8183
8562,8190
8577,8197
8568,8213
8617,8217
8618,8221
8589,8224
8609,8240
8655,8246
8636,8260
8602,8257
8562,8277
8601,8269
8689,8300
8648,8300
8574,8302
8604,8309
8674,8316
8651,8322
8465,8332
8670,8354
8719,8348
8524,8361
8634,8367
8787,8360
8712,8386
8720,8393
8711,8391
8691,8409
8667,8419
8750,8403
8605,8425
8638,8439
8730,8446
8665,8451
8597,8472
8786,8478
8678,8482
8778,8493
8691,8509
8649,8503
8839,8498
8627,8502
8888,8533
8722,8533
8815,8535
8836,8551
8762,8558
8796,8562
8734,8575
8867,8579
8753,8599
8876,8597
8765,8611
8904,8618
8898,8634
8897,8630
8813,8634
8938,8643
8855,8663
8919,8668
8869,8673
8944,8673
8843,8690
9027,8715
8968,8700
8845,8715
8971,8725
8822,8708
8785,8747
8812,8735
8847,8751
8814,8734
8589,8752
8821,8746
8610,8757
8755,8759
8603,8743
8619,8749
8776,8756
8740,8748
8740,8752
8696,8757
8598,8759
8695,8754
8627,8758
8764,8751
8766,8759
8699,8748
8710,8752
8572,8754
8750,8745
8616,8753
8598,8760
8713,8752
8603,8760
8694,8757
8643,8759
8792,8761
8738,8748
8579,8752
8698,8765
8567,8761
8713,8750
8741,8739
8623,8764
8749,8739
8636,8761
8564,8751
8704,8760
8483,8749
8622,8756
8598,8751
8645,8751
8788,8754
8677,8752
8800,8761
8660,8763
8581,8758
8636,8750
8644,8752
8822,8743
8695,8762
8802,8757
8828,8750
8630,8755
8801,8758
8642,8759
8623,8752
8780,8761
8599,8760
8736,8754
8646,8761
8823,8777
8688,8765
8572,8770
8706,8756
8673,8760
8739,8759
8739,8770
8639,8758
8807,8750
8731,8751
8601,8754
8655,8756
8581,8755
8808,8762
8542,8763
8718,8760
8816,8748
8599,8755
8773,8763
8549,8778
8582,8752
8650,8752
8587,8756
8674,8760
8673,8750
8699,8755
8800,8754
8636,8754
8775,8758
8601,8760
8689,8747
8787,8751
8655,8762
8770,8764
8641,8742
8807,8769
8714,8759
8649,8764
8664,8758
8580,8742
8718,8760
8794,8753
8608,8761
8805,8754
8717,8762
8643,8752
8615,8756
8685,8750
8781,8758
8634,8753
8766,8767
8700,8750
8565,8756
8774,8756
8556,8742
8610,8755
8673,8750
8579,8759
8733,8755
8658,8755
8861,8741
8761,8750
8574,8762
8732,8767
8632,8761
8659,8743
8754,8762
8598,8752
8750,8765
8694,8752
8791,8759
8690,8766
8604,8749
8796,8755
8584,8752
8763,8751
8822,8747
8685,8759
8760,8770
8637,8756
8643,8763
8719,8758
8630,8762
8692,8762
8648,8756
8678,8765
8752,8759
8552,8748
8768,8761
8518,8749
8675,8763
8596,8756
8657,8755
8724,8744
8578,8759
8785,8754
8663,8755
8567,8750
8679,8758
8498,8753
8721,8765
8785,8754
8586,8751
8877,8755
8702,8757
8815,8761
8709,8752
8616,8755
8704,8754
8587,8762
8693,8757
8668,8761
8661,8753
8666,8749
8584,8757
8658,8762
8646,8759
8606,8757
8698,8766
8558,8753
8745,8753
8703,8755
8528,8754
8725,8759
8636,8748
8656,8760
8607,8751
8622,8775
8755,8763
8630,8753
8810,8766
8678,8761
8603,8745
8733,8756
8654,8758
8792,8759
8765,8750
8730,8757
8809,8761
8666,8735
8632,8755
8661,8751
8559,8756
8738,8758
8561,8748
8706,8774
8747,8757
8636,8760
8797,8764
8558,8752
8601,8755
8617,8760
8651,8762
8785,8751
8681,8760
8760,8750
8730,8751
8581,8760
8702,8754
8534,8755
8665,8760
8743,8757
8663,8754
8814,8760
8685,8754
8803,8756
8756,8754
8607,8763
8752,8749
8641,8754
8713,8766
8749,8752
8600,8764
8731,8752
8732,8753
8691,8756
8705,8758
8622,8750
8757,8765
8624,8749
8745,8757
8700,8749
8560,8761
8704,8754
8515,8743
8661,8759
8623,8756
8662,8753
8779,8749
8681,8757
8747,8758
8693,8757
8555,8758
8762,8752
8649,8761
8729,8752
8707,8761
8672,8764
8732,8759
8652,8756
8761,8747
8646,8755
8577,8750
8768,8754
8588,8751
8738,8755
8750,8752
8751,8757
8783,8758
8573,8755
8704,8751
8610,8751
8679,8764
8825,8750
8592,8767
8804,8766
8704,8761
8540,8762
8690,8755
8589,8764
8669,8755
8621,8757
8655,8739
8831,8757
8612,8753
8914,8762
8701,8753
8660,8759
8746,8758
8602,8753
8723,8762
8778,8757
8621,8757
8836,8766
8747,8752
8736,8758
8656,8757
8627,8756
8761,8757
8588,8744
8764,8771
8683,8757
8735,8750
8662,8759
8587,8751
8710,8756
8575,8745
8677,8747
8789,8761
8607,8755
8757,8759
8647,8756
8509,8763
8700,8742
8521,8744
8650,8745
8641,8753
8789,8759
8764,8758
8621,8763
8794,8744
8617,8760
8592,8759
8666,8743
8664,8754
8735,8762
8795,8761
8712,8750
8791,8762
8655,8755
8757,8759
8665,8765
8640,8746
8789,8753
8589,8752
8793,8760
8687,8757
8720,8760
8752,8758
8520,8757
8672,8762
8598,8751
8621,8759
8755,8745
8665,8758
8800,8758
8606,8763
8662,8762
8758,8757
8596,8748
8722,8745
8588,8759
8666,8747
8815,8748
8591,8748
8836,8765
8683,8756
8576,8767
8721,8755
8605,8761
8774,8757
8763,8750
8733,8754
8776,8758
8613,8749
8756,8761
8621,8747
8612,8764
8764,8749
8593,8763
8770,8757
8691,8758
8723,8753
8750,8764
8596,8758
8646,8759
8607,8761
8619,8752
8780,8752
8647,8758
8703,8753
8657,8755
8630,8773
8716,8753
8714,8753
8701,8757
8652,8757
8712,8758
8704,8767
8647,8744
8759,8759
8619,8762
8705,8762
8591,8757
8624,8756
8850,8760
8613,8756
8769,8764
8668,8753
8521,8760
8716,8749
8480,8758
8454,8747
8643,8740
8641,8745
8689,8742
8427,8733
8672,8728
8459,8706
8377,8709
8558,8703
8354,8693
8472,8697
8421,8673
8517,8668
8397,8686
8312,8653
8353,8651
8354,8657
8354,8633
8307,8623
8338,8625
8286,8619
8305,8594
8274,8604
8249,8587
8325,8572
8246,8577
8316,8554
8319,8550
8392,8543
8165,8537
8276,8521
8194,8537
8261,8523
8316,8497
8266,8505
8283,8480
8185,8484
8248,8473
8324,8465
8313,8455
8300,8459
8246,8442
8209,8435
8239,8454
8305,8427
8254,8414
8238,8402
8239,8386
8278,8393
8281,8379
8248,8371
8210,8374
8296,8366
8073,8339
8174,8330
8410,8337
8406,8336
8108,8323
7989,8309
8301,8290
8186,8281
8026,8280
8047,8272
8197,8271
8110,8259
8053,8253
8031,8233
8147,8238
8168,8232
8070,8236
7971,8201
8064,8191
8097,8204
8114,8182
8072,8181
8065,8186
7982,8151
7959,8172
8145,8141
8177,8139
8086,8122
8071,8130
7948,8111
8015,8121
7986,8118
8013,8079
8047,8092
8086,8060
8108,8078
8007,8063
8054,8050
8000,8025
7959,8019
7953,8025
7946,8025
7935,8020
7914,8027
7942,7994
7979,7981
7957,7988
8025,7980
7998,7950
8084,7973
8076,7951
8026,7971
8043,7954
8074,7942
8103,7956
8054,7962
8102,7968
8138,7951
8117,7955
8112,7958
8103,7954
8148,7948
8136,7961
8171,7955
8170,7957
8160,7945
8155,7955
8147,7976
8150,7956
8161,7944
8164,7953
8175,7945
8187,7951
8166,7939
8158,7941
8175,7974
8177,7969
8178,7965
8193,7963
8172,7960
8152,7930
8145,7941
8144,7968
8156,7964
8176,7978
8161,7960
8140,7966
8142,7967
8143,7953
8143,7947
8158,7929
8151,7970
8160,7981
8120,7971
8137,7948
8112,7965
8088,7947
8015,7951
7895,7952
7747,7947
7704,7941
7543,7927
7537,7935
7462,7930
7446,7920
7460,7910
7394,7883
7426,7891
7442,7886
7413,7873
7395,7880
7440,7865
7468,7834
7462,7837
7488,7832
7475,7820
7477,7815
7410,7818
7357,7808
7316,7787
7385,7781
7356,7773
7423,7771
7380,7762
7400,7769
7356,7740
7313,7740
7320,7735
7345,7716
7416,7713
7362,7707
7332,7703
7311,7688
7307,7683
7433,7682
7425,7663
7308,7655
7251,7661
7266,7648
7385,7643
7351,7625
7235,7630
7299,7619
7256,7615
7321,7603
7104,7599
7244,7582
7311,7565
7080,7567
7181,7562
7231,7550
7257,7540
7055,7541
7201,7535
7213,7525
7146,7512
7185,7496
7211,7495
7126,7493
7211,7474
7194,7464
7047,7464
7218,7446
7147,7443
7148,7448
7188,7436
7107,7421
7192,7407
7083,7409
7256,7397
7239,7384
7055,7385
7186,7376
7107,7368
7161,7356
7072,7345
7140,7328
7200,7324
7119,7341
7072,7319
7030,7307
7053,7306
7022,7299
7072,7286
7011,7278
7049,7279
7039,7282
7052,7251
6896,7237
7010,7236
6901,7241
6995,7223
7004,7214
6906,7206
7000,7204
6911,7190
7047,7174
7081,7185
7000,7171
7059,7170
7053,7165
7068,7172
7001,7156
7111,7162
7191,7168
7163,7161
7217,7153
7083,7158
7275,7174
7078,7157
7196,7162
7343,7143
7164,7167
7265,7159
7097,7149
7380,7160
7273,7163
7114,7167
7206,7151
7181,7142
7255,7158
7300,7155
7173,7152
7368,7156
7213,7151
7165,7156
7268,7153
7142,7157
7288,7148
7108,7154
7254,7152
7343,7157
7283,7163
7327,7149
7255,7142
7153,7156
7304,7159
7145,7147
7268,7156
7210,7160
7279,7146
7268,7159
7077,7158
7193,7149
7109,7157
7196,7149
7271,7150
7106,7145
7241,7149
7312,7160
7216,7157
7264,7154
7130,7152
7197,7165
7161,7143
7207,7154
7220,7155
7129,7166
7289,7153
7091,7155
7141,7155
7101,7146
7116,7145
7228,7161
7324,7155
7248,7149
7419,7143
7173,7161
7353,7152
7165,7152
7172,7154
7322,7159
7169,7154
7219,7166
7153,7146
7342,7160
7261,7157
7123,7155
7210,7157
7211,7156
7294,7162
7326,7155
7251,7152
7304,7159
7252,7154
7142,7151
7225,7147
7097,7152
7311,7157
7080,7151
7210,7153
7310,7144
7168,7157
7298,7151
7146,7153
7067,7152
7266,7157
7141,7156
7361,7157
7198,7151
7320,7152
7204,7140
7082,7142
7204,7166
7012,7168
7198,7153
7330,7158
7137,7158
7220,7158
7258,7146
7287,7159
7320,7156
7100,7157
7109,7153
7144,7151
7214,7158
7316,7151
7158,7154
7255,7147
7288,7150
7217,7136
7208,7161
7184,7163
7241,7160
7102,7156
7268,7155
7278,7147
7133,7155
7322,7146
7127,7146
7206,7159
7144,7146
7199,7154
7248,7155
7196,7155
7278,7157
7245,7148
7163,7156
7241,7150
7210,7147
7204,7158
7224,7149
7204,7155
7215,7162
7189,7148
7359,7151
7200,7151
7132,7161
7235,7155
7154,7161
7273,7157
7364,7152
7184,7157
7308,7153
7241,7142
7186,7152
7168,7153
7134,7154
7346,7160
7104,7148
7293,7159
7220,7157
7057,7155
7245,7149
7056,7151
7134,7147
7177,7164
7183,7155
7233,7153
7126,7163
7252,7157
7242,7149
7139,7152
7204,7153
7112,7160
7275,7159
7277,7154
7133,7158
7244,7160
7246,7158
7266,7156
7326,7151
7153,7157
7245,7152
7131,7154
7275,7157
7272,7156
7244,7151
7305,7155
7133,7151
7254,7156
7111,7143
7144,7160
7365,7153
7077,7156
7246,7151
7234,7159
7149,7163
7260,7158
7111,7167
7199,7149
7326,7153
7181,7162
7192,7152
7177,7152
7382,7160
7151,7153
7153,7153
7186,7155
7220,7150
7232,7169
7316,7161
7210,7148
7341,7156
7224,7148
7319,7153
7216,7143
7106,7164
7315,7158
7134,7160
7313,7165
7304,7160
7298,7162
7272,7156
7099,7155
7171,7155
7200,7144
7174,7163
7228,7159
7153,7155
7227,7158
7224,7153
7225,7148
7194,7154
7141,7154
7297,7164
7198,7152
7228,7157
7276,7149
7234,7156
7332,7159
7298,7143
7093,7148
7236,7149
7168,7152
7270,7158
7300,7152
7295,7161
7248,7156
7165,7157
7277,7161
7058,7160
7219,7158
7324,7152
7093,7171
7304,7156
7209,7157
7249,7158
7270,7151
7121,7151
7216,7160
7177,7160
7191,7152
7255,7157
7132,7134
7315,7153
7252,7164
7160,7154
7287,7149
7156,7152
7179,7149
7221,7140
7220,7163
7355,7153
7203,7162
7322,7165
7180,7167
7108,7161
7277,7150
7198,7151
7325,7149
7256,7144
7283,7157
7175,7151
7159,7164
7235,7160
7084,7152
7202,7142
7212,7157
7148,7162
7145,7148
7213,7141
7207,7158
7192,7152
7176,7155
7255,7152
7199,7156
7188,7148
7298,7142
7212,7155
7383,7155
7172,7156
7062,7158
7219,7161
7103,7148
7228,7153
7140,7157
7258,7151
7303,7152
7098,7160
7305,7158
7164,7154
7222,7155
7118,7150
7138,7158
7319,7150
7217,7151
7244,7168
7271,7160
7179,7151
7226,7156
7179,7150
7229,7159
7251,7153
7171,7155
7352,7148
7330,7150
7258,7158
7300,7163
7140,7150
7176,7152
7187,7151
7148,7151
7247,7161
7201,7158
7388,7158
7223,7148
7169,7149
7246,7160
7197,7162
7347,7156
7098,7162
7341,7155
7241,7166
7133,7147
7280,7147
7133,7150
7113,7150
7252,7153
7128,7154
7283,7161
7305,7147
7265,7155
7283,7145
7163,7146
7321,7148
7240,7151
7121,7151
7256,7176
7192,7155
7250,7153
7183,7149
7352,7153
7285,7153
7116,7144
7256,7152
7135,7149
7230,7147
7291,7160
7170,7155
7375,7173
7192,7148
7211,7153
7136,7153
7201,7158
7427,7154
7255,7154
7308,7153
7275,7152
7233,7160
7188,7155
7202,7149
7287,7149
7276,7162
7189,7143
7338,7152
7300,7153
7259,7157
7304,7160
7123,7159
7256,7165
7161,7144
7147,7156
7322,7144
7116,7148
7282,7154
7338,7150
7182,7146
7261,7162
7182,7138
7293,7154
7207,7153
7410,7153
7346,7171
7351,7158
7391,7182
7299,7174
7425,7182
7348,7191
7427,7203
7464,7205
7536,7210
7511,7218
7459,7224
7486,7234
7482,7235
7530,7254
7509,7252
7481,7255
7481,7270
7525,7276
7537,7281
7560,7287
7557,7296
7574,7301
7637,7321
7601,7335
7576,7325
7603,7352
7609,7347
7662,7356
7574,7371
7681,7373
7579,7377
7693,7401
7638,7401
7637,7396
7711,7421
7616,7419
7670,7424
7673,7436
7663,7449
7694,7457
7653,7455
7768,7475
7772,7475
7657,7495
7709,7517
7728,7505
7719,7517
7736,7519
7687,7519
7622,7535
7814,7532
7787,7550
7795,7553
7665,7554
7735,7564
7654,7597
7752,7578
7867,7599
7774,7607
7702,7611
7759,7626
7843,7627
7812,7634
7715,7646
7769,7650
7851,7642
7844,7667
7809,7676
7752,7688
7783,7683
7908,7711
7890,7717
7855,7732
7783,7725
7866,7716
7899,7731
7965,7748
7967,7759
7783,7752
7791,7782
7855,7805
7899,7766
7943,7800
7938,7793
7921,7809
7895,7828
7915,7831
7915,7838
7911,7865
7906,7849
7947,7863
7981,7879
8017,7865
8009,7904
8034,7906
8028,7900
8034,7895
8004,7925
8046,7911
7997,7932
7987,7930
8005,7924
7917,7948
7947,7929
7869,7954
7889,7933
7864,7927
7866,7964
7867,7957
7860,7959
7895,7937
7844,7953
7850,7966
7813,7961
7842,7966
7820,7939
7818,7956
7809,7962
7815,7965
7828,7949
7829,7949
7813,7943
7814,7962
7790,7944
7833,7935
7825,7962
7790,7934
7786,7949
7807,7955
7788,7953
7842,7971
7811,7977
7778,7934
7783,7933
7798,7958
7781,7949
7788,7959
7795,7957
7775,7942
7810,7933
7797,7958
7799,7967
7811,7948
7802,7957
7827,7951
7818,7960
7830,7936
7836,7950
7857,7956
7878,7954
7993,7951
8097,7931
8164,7965
8229,7969
8334,7997
8378,7981
8445,7981
8452,7987
8484,7998
8452,8009
8486,8012
8459,8033
8492,8037
8468,8045
8448,8064
8435,8053
8447,8057
8370,8078
8413,8096
8484,8087
8508,8097
8539,8108
8524,8132
8579,8120
8556,8132
8444,8141
8436,8147
8433,8154
8621,8167
8690,8168
8636,8177
8602,8192
8528,8190
8613,8206
8619,8222
8665,8214
8613,8213
8601,8246
8610,8253
8610,8258
8687,8249
8634,8269
8544,8275
8690,8291
8676,8293
8665,8296
8585,8315
8704,8317
8689,8322
8602,8337
8496,8338
8642,8347
8760,8360
8535,8365
8561,8376
8816,8376
8642,8384
8637,8396
8733,8406
8673,8412
8651,8414
8747,8417
8662,8437
8714,8440
8736,8441
8599,8463
8647,8470
8742,8462
8707,8481
8703,8499
8705,8506
8854,8512
8815,8484
8659,8518
8856,8533
8706,8541
8906,8531
8753,8554
8815,8562
8847,8570
8768,8587
8831,8593
8799,8590
8890,8600
8779,8622
8859,8612
8887,8626
8924,8640
8886,8641
8890,8655
8847,8666
8923,8663
8903,8671
8844,8700
8842,8699
8856,8696
8956,8716
8877,8703
8985,8726
8933,8738
8796,8736
8855,8735
8732,8750
8907,8748
8617,8747
8805,8756
8698,8763
8580,8745
8779,8748
8545,8754
8631,8751
8617,8748
8696,8757
8826,8748
8574,8752
8807,8754
8680,8756
8580,8739
8753,8751
8598,8752
8687,8753
8727,8752
8743,8752
8705,8751
8659,8761
8717,8750
8630,8749
8678,8758
8774,8752
8570,8762
8806,8755
8720,8760
8745,8760
8720,8757
8465,8767
8628,8756
8548,8763
8632,8753
8704,8756
8610,8765
8698,8761
8653,8764
8611,8765
8805,8737
8658,8752
8747,8756
8586,8760
8768,8748
8864,8753
8585,8764
8803,8759
8725,8753
8577,8756
8763,8758
8557,8751
8668,8751
8754,8750
8643,8759
8695,8758
8682,8759
8755,8758
8663,8766
8627,8758
8774,8756
8650,8753
8753,8754
8681,8758
8737,8760
8729,8765
8566,8759
8695,8765
8605,8761
8613,8762
8792,8758
8661,8755
8765,8759
8762,8750
8586,8756
8845,8750
8608,8754
8749,8757
8606,8753
8691,8762
8731,8758
8618,8757
8727,8759
8630,8755
8666,8765
8628,8745
8595,8760
8818,8759
8731,8752
8706,8759
8719,8762
8535,8772
8785,8762
8556,8747
8671,8749
8784,8754
8552,8749
8770,8755
8715,8753
8685,8768
8757,8756
8568,8760
8675,8765
8627,8752
8752,8761
8796,8753
8700,8762
8798,8756
8645,8753
8588,8746
8663,8757
8617,8758
8722,8762
8578,8754
8702,8755
8811,8764
8655,8758
8776,8754
8582,8754
8631,8756
8560,8765
8629,8758
8760,8762
8688,8747
8777,8758
8769,8744
8526,8755
8766,8748
8667,8753
8644,8755
8803,8755
8625,8759
8729,8762
8699,8754
8811,8758
8782,8758
8574,8769
8714,8765
8579,8761
8668,8757
8801,8761
8634,8756
8713,8756
8700,8754
8688,8760
8684,8752
8675,8754
8745,8748
8583,8747
8718,8767
8687,8763
8581,8761
8713,8769
8546,8747
8728,8759
8539,8757
8600,8765
8809,8768
8703,8753
8803,8757
8743,8752
8543,8758
8742,8758
8606,8759
8661,8771
8765,8772
8728,8756
8828,8766
8598,8759
8779,8767
8676,8773
8580,8756
8730,8753
8565,8758
8730,8766
8793,8757
8657,8753
8776,8759
8611,8763
8633,8757
8625,8763
8593,8762
8762,8761
8565,8755
8734,8756
8722,8763
8577,8749
8748,8751
8577,8745
8700,8754
8581,8759
8649,8758
8756,8755
8663,8756
8828,8754
8693,8759
8556,8757
8738,8752
8611,8754
8759,8758
8801,8754
8654,8756
8741,8768
8650,8755
8781,8757
8719,8749
8623,8758
8749,8756
8614,8751
8743,8754
8743,8756
8718,8753
8736,8747
8534,8749
8711,8764
8526,8758
8675,8759
8805,8766
8546,8762
8767,8755
8701,8755
8546,8757
8737,8756
8568,8756
8614,8773
8663,8752
8667,8748
8808,8756
8684,8761
8756,8763
8701,8759
8657,8755
8653,8769
8575,8755
8772,8752
8774,8760
8685,8756
8799,8768
8622,8763
8787,8752
8637,8752
8634,8753
8832,8758
8566,8750
8812,8762
8767,8763
8705,8766
8764,8759
8553,8746
8662,8754
8602,8753
8594,8759
8773,8767
8571,8755
8769,8761
8657,8761
8580,8750
8721,8769
8608,8756
8730,8756
8745,8753
8703,8764
8778,8754
8646,8759
8850,8745
8721,8760
8598,8754
8777,8767
8602,8758
8764,8766
8772,8741
8727,8778
8765,8757
8600,8766
8682,8738
8611,8764
8678,8760
8768,8752
8629,8736
8793,8758
8721,8747
8568,8761
8727,8761
8547,8751
8702,8752
8616,8753
8637,8768
8805,8760
8776,8756
8715,8769
8706,8753
8614,8754
8749,8758
8680,8749
8666,8758
8689,8762
8669,8758
8800,8760
8680,8753
8862,8761
8624,8750
8622,8747
8806,8765
8602,8765
8749,8761
8744,8763
8724,8759
8713,8764
8510,8751
8675,8748
8614,8754
8665,8762
8769,8755
8581,8755
8787,8766
8755,8745
8645,8758
8749,8758
8594,8764
8711,8756
8606,8750
8652,8759
8749,8760
8614,8768
8808,8752
8641,8759
8512,8753
8738,8753
8601,8758
8740,8761
8755,8749
8713,8759
8858,8751
8569,8757
8754,8768
8736,8759
8675,8760
8748,8750
8559,8764
8819,8760
8758,8762
8683,8748
8748,8750
8597,8755
8752,8764
8577,8758
8636,8755
8787,8745
8664,8766
8766,8758
8673,8757
8598,8760
8689,8761
8588,8761
8675,8755
8648,8758
8671,8757
8782,8755
8625,8746
8796,8756
8599,8748
8593,8747
8658,8758
8592,8753
8770,8752
8672,8764
8777,8754
8733,8758
8563,8759
8742,8758
8648,8762
8665,8757
8725,8757
8532,8766
8813,8764
8852,8756
8689,8758
8748,8759
8625,8762
8696,8747
8671,8763
8642,8773
8710,8741
8700,8755
8675,8758
8656,8770
8635,8754
8682,8752
8681,8765
8707,8754
8652,8741
8779,8758
8765,8750
8555,8754
8770,8764
8614,8748
8617,8756
8629,8759
8545,8768
8706,8759
8717,8758
8700,8760
8604,8759
8511,8758
8613,8754
8486,8732
8570,8729
8724,8734
8446,8721
8627,8708
8415,8703
8575,8697
8358,8697
8315,8689
8543,8683
8385,8681
8504,8662
8407,8650
8352,8655
8397,8637
8362,8647
8307,8626
8335,8613
8282,8616
8333,8593
8258,8585
8294,8583
8301,8570
8316,8560
8266,8567
8242,8549
8274,8552
8221,8542
8352,8527
8192,8530
8256,8517
8284,8500
8236,8495
8278,8486
8216,8487
8323,8481
8229,8449
8280,8462
8338,8452
8254,8459
8286,8437
8290,8425
8199,8417
8300,8413
8279,8394
8221,8392
8352,8383
8309,8383
8233,8369
8157,8361
8266,8351
8184,8352
8218,8333
8410,8324
8325,8323
8157,8308
8082,8308
8148,8299
8087,8289
8130,8282
8168,8274
8147,8262
8134,8238
8049,8242
8090,8225
8177,8225
8133,8203
8038,8218
7997,8214
8019,8197
8153,8200
8109,8193
8069,8185
8013,8173
8016,8171
8046,8147
8144,8145
8163,8123
8001,8136
7980,8125
8043,8116
7955,8094
8011,8098
8018,8095
8039,8065
8085,8062
8072,8063
8046,8062
8019,8057
7988,8048
7971,8031
7950,8021
7964,8022
7925,8008
7912,8014
7892,7993
7921,7989
7937,7984
7922,7977
8046,7971
7987,7966
8054,7954
8034,7947
8040,7956
8088,7965
8094,7950
8115,7954
8094,7968
8106,7929
8126,7957
8139,7948
8083,7957
8138,7955
8119,7951
8144,7958
8165,7959
8151,7962
8171,7943
8174,7950
8120,7945
8151,7973
8182,7923
8180,7950
8190,7946
8134,7942
8157,7968
8172,7952
8163,7947
8171,7950
8178,7957
8153,7951
8164,7945
8195,7947
8150,7932
8164,7972
8140,7934
8120,7954
8163,7960
8147,7973
8165,7968
8133,7932
8166,7956
8155,7961
8115,7957
8156,7943
8166,7951
8121,7968
8065,7963
7973,7935
7825,7941
7757,7946
7669,7949
7639,7922
7487,7925
7559,7933
7463,7906
7427,7912
7427,7905
7442,7897
7374,7881
7413,7868
7429,7888
7429,7854
7419,7839
7464,7839
7500,7828
7438,7836
7412,7814
7392,7816
7330,7808
7298,7801
7354,7781
7384,7766
7353,7781
7388,7765
7406,7755
7285,7749
7297,7737
7299,7732
7369,7723
7415,7709
7401,7709
7320,7690
7271,7692
7336,7687
7385,7679
7376,7681
7265,7657
7289,7652
7349,7643
7332,7634
7198,7626
7299,7612
7350,7607
7419,7588
7127,7598
7078,7593
7261,7582
7162,7571
7062,7556
7304,7548
7252,7547
7102,7546
7187,7528
7273,7521
7182,7521
7131,7506
7245,7494
7177,7499
7152,7485
7194,7476
7139,7453
7163,7457
7203,7448
7141,7445
7233,7444
7123,7429
7069,7430
7166,7408
7013,7394
7167,7391
7199,7392
7112,7371
7185,7377
6989,7371
7241,7359
7012,7347
7117,7337
7146,7331
7142,7334
7041,7324
7055,7302
7050,7306
7074,7296
7085,7281
7048,7272
7015,7277
7051,7266
7031,7252
7094,7244
7056,7241
6939,7233
7028,7215
6989,7215
6966,7211
7050,7199
6960,7185
6958,7174
7048,7174
7076,7165
7104,7173
7028,7175
7244,7170
7156,7157
7102,7161
7165,7156
7170,7160
7241,7159
7267,7153
7218,7153
7277,7152
7116,7164
7272,7150
7044,7152
7182,7163
7331,7159
7159,7160
7345,7156
7273,7157
7309,7156
7278,7153
7112,7159
7219,7167
7109,7152
7199,7163
7373,7154
7206,7153
7334,7150
7308,7159
7156,7155
7346,7157
7234,7156
7275,7161
7258,7160
7265,7161
7330,7148
7200,7144
7376,7157
7217,7148
7153,7153
7180,7145
7137,7158
7311,7145
7231,7159
7139,7172
7176,7158
7107,7165
7219,7161
7165,7163
7171,7157
7203,7147
7224,7156
7217,7157
7079,7145
7309,7159
7181,7150
7064,7166
7254,7150
7054,7154
7287,7152
7369,7149
7213,7148
7347,7159
7175,7156
7093,7161
7229,7155
7118,7154
7315,7157
7145,7156
7270,7168
7320,7156
7164,7152
7352,7153
7149,7152
7178,7156
7150,7144
7172,7154
7295,7153
7239,7137
7220,7144
7236,7158
7208,7155
7285,7153
7160,7163
7211,7154
7386,7146
7210,7156
7291,7159
7196,7152
7305,7152
7330,7152
7197,7148
7249,7142
7184,7155
7266,7137
7297,7146
7214,7143
7309,7157
7167,7159
7207,7147
7140,7154
7147,7157
7328,7159
7090,7162
7250,7147
7175,7152
7146,7153
7260,7161
7148,7144
7143,7168
7262,7154
7188,7153
7222,7154
7210,7151
7144,7157
7256,7160
7083,7159
7231,7164
7119,7148
7241,7157
7279,7159
7197,7156
7296,7149
7192,7151
7275,7147
7255,7155
7153,7153
7289,7146
7138,7144
7279,7157
7302,7152
7271,7149
7281,7163
7130,7166
7239,7161
7113,7153
7121,7169
7314,7160
7155,7144
7226,7152
7193,7170
7241,7161
7262,7145
7224,7158
7165,7174
7171,7146
7220,7163
7352,7167
7179,7162
7300,7147
7293,7154
7131,7162
7372,7164
7180,7148
7164,7158
7309,7152
7156,7155
7279,7155
7186,7149
7337,7162
7155,7144
7188,7159
7329,7156
7124,7150
7280,7154
7267,7159
7246,7151
7258,7155
7191,7162
7142,7158
7192,7163
7164,7165
7233,7154
7121,7145
7167,7153
7220,7151
7085,7149
7259,7151
7136,7162
7209,7151
7199,7163
7198,7157
7299,7149
7166,7159
7288,7158
7234,7142
7215,7148
7245,7154
7065,7155
7236,7158
7320,7146
7208,7155
7260,7151
7113,7157
7259,7149
7126,7152
7170,7149
7233,7154
7154,7160
7218,7148
7233,7155
7213,7160
7193,7154
7233,7155
7196,7166
7181,7155
7275,7157
7251,7151
7215,7164
7303,7158
7236,7154
7115,7152
7336,7152
7084,7151
7205,7151
7172,7160
7191,7151
7343,7150
7174,7150
7300,7159
7200,7152
7197,7154
7176,7152
7169,7163
7267,7157
7268,7155
7261,7153
7303,7151
7143,7152
7186,7158
7164,7160
7199,7155
7268,7153
7202,7143
7227,7162
7256,7153
7214,7162
7269,7156
7185,7140
7161,7158
7203,7146
7122,7159
7300,7158
7215,7152
7208,7153
7251,7141
7185,7150
7274,7157
7110,7150
7243,7153
7300,7161
7229,7161
7282,7150
7081,7168
7230,7151
7136,7168
7194,7153
7291,7140
7145,7156
7244,7156
7263,7151
7160,7177
7213,7152
7263,7151
7164,7162
7150,7152
7246,7147
7283,7154
7117,7157
7254,7152
7241,7145
7113,7163
7307,7146
7061,7145
7196,7157
7150,7156
7201,7162
7377,7143
7259,7158
7303,7154
7243,7159
7184,7147
7275,7137
7149,7161
7233,7154
7171,7147
7254,7149
7274,7156
7113,7162
7180,7153
7192,7155
7282,7153
7239,7160
7194,7150
7245,7156
7237,7136
7294,7162
7160,7158
7074,7156
7255,7163
7077,7157
7128,7167
7375,7142
7155,7139
7252,7153
7160,7154
7096,7157
7279,7138
7060,7147
7270,7145
7071,7149
7260,7170
7317,7147
7094,7147
7246,7157
7160,7154
7116,7160
7214,7145
7123,7158
7198,7129
7231,7158
7244,7152
7289,7152
7174,7160
7230,7150
7225,7152
7233,7152
7286,7152
7128,7159
7255,7151
7331,7159
7243,7158
7263,7139
7130,7156
7240,7146
7159,7155
7220,7161
7359,7154
7176,7162
7385,7148
7194,7141
7108,7156
7270,7149
7106,7161
7245,7159
7089,7149
7285,7155
7315,7151
7167,7162
7261,7156
7272,7154
7289,7152
7235,7151
7295,7159
7219,7165
7254,7163
7314,7157
7285,7164
7146,7149
7276,7168
7149,7155
7169,7149
7390,7161
7147,7154
7221,7165
7299,7156
7209,7158
7376,7161
7288,7156
7295,7159
7142,7155
7310,7154
7299,7138
7241,7157
7268,7176
7055,7151
7171,7153
7165,7163
7149,7145
7211,7154
7167,7160
7349,7153
7263,7145
7185,7151
7257,7151
7172,7154
7229,7152
7268,7153
7009,7157
7285,7166
7391,7143
7251,7147
7353,7154
7184,7163
7307,7148
7207,7143
7167,7160
7316,7146
7190,7148
7361,7158
7197,7148
7404,7143
7288,7158
7209,7152
7354,7162
7305,7163
7454,7171
7398,7179
7494,7185
7511,7193
7421,7193
7449,7203
7544,7189
7483,7230
7534,7227
7467,7235
7536,7239
7529,7254
7541,7261
7515,7268
7555,7271
7558,7292
7551,7292
7589,7284
7635,7307
7543,7311
7611,7333
7549,7325
7623,7346
7662,7356
7657,7355
7581,7360
7578,7355
7667,7365
7580,7383
7700,7400
7693,7393
7652,7407
7674,7411
7651,7427
7682,7438
7597,7438
7734,7437
7716,7465
7714,7466
7680,7462
7654,7474
7695,7485
7759,7486
7743,7507
7714,7502
7722,7513
7811,7530
7818,7523
7740,7538
7682,7550
7660,7560
7622,7546
7785,7580
7674,7579
7748,7587
7829,7599
7790,7600
7749,7636
7787,7627
7894,7624
7762,7633
7725,7664
7805,7662
7859,7649
7820,7682
7802,7686
7830,7692
7895,7704
7862,7710
7906,7716
7809,7725
7846,7733
7884,7752
7899,7739
7891,7764
7931,7752
7809,7762
7832,7780
7860,7792
7836,7796
7917,7795
7972,7811
7951,7811
7914,7837
7934,7843
7894,7843
7894,7855
7900,7829
7969,7870
7925,7870
7984,7875
8007,7864
8009,7891
8007,7894
8063,7897
8084,7930
8036,7939
7980,7926
7945,7923
7939,7951
7901,7935
7903,7938
7901,7934
7898,7948
7867,7930
7863,7951
7875,7961
7826,7947
7844,7937
7792,7963
7815,7972
7830,7934
7797,7970
7815,7940
7834,7957
7821,7954
7845,7973
7836,7970
7787,7951
7805,7955
7800,7962
7817,7951
7813,7977
7814,7932
7801,7961
7801,7969
7794,7946
7772,7950
7791,7975
7806,7946
7792,7949
7763,7977
7801,7967
7772,7957
7796,7946
7828,7967
7750,7956
7761,7962
7788,7967
7814,7950
7816,7948
7812,7950
7799,7960
7818,7957
7844,7957
7830,7962
7836,7940
7869,7973
8032,7971
8148,7966
8184,7939
8284,7985
8322,7990
8408,7989
8417,8003
8430,7990
8431,8020
8457,8007
8493,8024
8480,8025
8494,8051
8453,8053
8442,8064
8456,8064
8423,8064
8409,8071
8467,8073
8447,8084
8526,8107
8571,8106
8595,8121
8479,8102
8492,8140
8436,8137
8431,8145
8565,8155
8564,8157
8603,8176
8596,8180
8545,8190
8568,8203
8551,8198
8606,8211
8607,8215
8588,8235
8538,8227
8648,8246
8693,8253
8665,8258
8590,8266
8578,8278
8666,8277
8688,8285
8635,8311
8597,8303
8677,8315
8663,8328
8497,8330
8605,8337
8670,8344
8667,8357
8696,8362
8539,8371
8637,8376
8675,8389
8788,8395
8715,8386
8614,8409
8678,8416
8722,8419
8675,8443
8728,8440
8690,8456
8625,8458
8730,8472
8681,8466
8663,8481
8795,8493
8679,8517
8873,8502
8730,8525
8824,8526
8794,8526
8703,8550
8826,8548
8722,8554
8831,8558
8814,8567
8847,8587
8741,8595
8794,8597
8854,8607
8845,8612
8866,8623
8861,8631
8871,8626
8923,8642
8903,8643
8914,8650
8824,8670
8947,8673
8891,8681
9046,8693
8869,8692
9022,8720
8889,8715
8823,8730
8889,8735
8810,8741
8843,8740
8719,8750
8946,8751
8676,8751
8599,8760
8765,8763
8647,8746
8765,8749
8762,8756
8707,8756
8751,8756
8609,8771
8711,8763
8576,8748
8646,8755
8706,8793
8666,8749
8727,8757
8616,8753
8557,8759
8652,8759
8583,8753
8714,8754
8565,8747
8646,8755
8735,8757
8673,8765
8759,8753
8724,8749
8563,8756
8644,8758
8566,8752
8738,8776
8677,8751
8738,8766
8638,8748
8583,8757
8669,8752
8599,8753
8602,8761
8748,8752
8608,8755
8796,8759
8672,8742
8836,8747
8771,8759
8619,8746
8643,8758
8588,8758
8668,8763
8808,8754
8674,8754
8725,8745
8686,8753
8698,8752
8699,8765
8641,8752
8701,8765
8678,8750
8701,8763
8747,8752
8630,8764
8730,8766
8553,8751
8653,8768
8573,8767
8639,8748
8806,8765
8689,8755
8744,8753
8800,8763
8601,8750
8773,8756
8604,8756
8644,8748
8799,8757
8701,8752
8773,8745
8645,8751
8815,8756
8672,8750
8600,8765
8697,8765
8516,8759
8686,8759
8762,8748
8679,8762
8821,8750
8712,8754
8586,8761
8676,8754
8600,8749
8803,8756
8555,8752
8751,8749
8752,8772
8631,8749
8746,8758
8620,8750
8602,8774
8614,8759
8523,8761
8733,8751
8624,8748
8737,8753
8751,8763
8560,8751
8845,8750
8603,8751
8705,8763
8721,8761
8651,8761
8770,8760
8676,8747
8742,8761
8744,8765
8601,8765
8704,8756
8663,8749
8696,8757
8739,8752
8635,8751
8793,8755
8586,8761
8636,8752
8580,8761
8618,8769
8833,8753
8546,8757
8716,8741
8790,8750
8585,8759
8839,8752
8594,8745
8552,8751
8690,8745
8565,8762
8756,8754
8731,8749
8738,8758
8652,8760
8555,8756
8786,8755
8618,8751
8695,8759
8717,8761
8760,8755
8837,8759
8649,8760
8796,8756
8634,8751
8594,8753
8838,8759
8551,8763
8746,8757
8665,8755
8749,8761
8751,8760
8579,8754
8612,8756
8605,8755
8616,8780
8805,8745
8539,8760
8718,8767
8746,8762
8584,8747
8758,8764
8580,8756
8713,8762
8591,8755
8658,8776
8769,8757
8694,8754
8680,8750
8745,8755
8557,8751
8798,8752
8648,8747
8641,8753
8753,8763
8622,8764
8803,8756
8623,8757
8730,8759
8602,8759
8681,8764
8742,8758
8614,8766
8697,8756
8707,8750
8579,8752
8773,8758
8556,8761
8640,8769
8617,8744
8561,8757
8834,8761
8698,8752
8760,8749
8752,8756
8640,8761
8744,8767
8614,8758
8686,8753
8740,8751
8706,8752
8718,8750
8616,8760
8790,8760
8679,8748
8597,8757
8780,8768
8607,8763
8754,8759
8686,8757
8749,8760
8788,8761
8621,8757
8587,8751
8590,8753
8594,8758
8771,8757
8562,8756
8700,8768
8774,8743
8644,8758
8728,8747
8627,8754
8678,8759
8635,8753
8689,8760
8771,8752
8644,8759
8785,8753
8682,8748
8612,8769
8778,8767
8582,8763
8714,8753
8728,8754
8692,8756
8758,8752
8602,8753
8875,8770
8660,8757
8548,8757
8706,8749
8588,8755
8689,8762
8712,8757
8697,8754
8786,8755
8591,8758
8645,8755
8584,8751
8636,8760
8855,8753
8567,8757
8753,8750
8769,8759
8651,8755
8760,8757
8637,8756
8648,8753
8668,8759
8605,8752
8704,8749
8663,8759
8788,8772
8726,8754
8597,8761
8712,8753
8622,8761
8768,8756
8713,8754
8762,8766
8796,8752
8614,8739
8746,8747
8533,8757
8545,8749
8804,8781
8563,8755
8722,8755
8813,8756
8757,8758
8824,8750
8642,8757
8711,8760
8678,8765
8646,8749
8731,8756
8605,8747
8707,8737
8702,8765
8635,8753
8727,8753
8625,8748
8724,8763
8613,8760
8671,8756
8731,8765
8586,8763
8795,8754
8618,8759
8549,8760
8674,8756
8616,8758
8750,8758
8719,8761
8702,8752
8768,8767
8612,8753
8725,8754
8610,8747
8726,8743
8860,8751
8619,8758
8809,8751
8733,8752
8815,8755
8781,8743
8530,8759
8645,8765
8588,8749
8611,8756
8750,8756
8609,8769
8817,8759
8698,8754
8572,8763
8713,8759
8583,8758
8753,8758
8602,8756
8728,8763
8724,8754
8604,8757
8736,8750
8601,8763
8637,8766
8654,8758
8659,8763
8680,8747
8665,8759
8790,8762
8777,8757
8639,8762
8686,8752
8590,8765
8660,8760
8762,8753
8649,8767
8666,8759
8721,8755
8707,8761
8631,8763
8571,8755
8680,8750
8609,8751
8646,8745
8765,8768
8659,8767
8797,8749
8597,8757
8554,8772
8639,8744
8524,8762
8785,8762
8481,8761
8658,8762
8819,8756
8663,8757
8764,8769
8695,8761
8638,8757
8729,8758
8615,8754
8704,8759
8749,8755
8770,8752
8734,8765
8611,8761
8693,8758
8621,8752
8659,8749
8794,8751
8615,8754
8726,8755
8716,8756
8731,8768
8672,8757
8590,8748
8758,8747
8650,8764
8737,8753
8821,8760
8659,8762
8791,8755
8664,8769
8607,8757
8666,8757
8563,8764
8663,8757
8433,8747
8622,8744
8550,8734
8305,8733
8600,8726
8322,8726
8523,8716
8337,8705
8378,8696
8498,8688
8275,8679
8564,8674
8302,8664
8275,8665
8451,8647
8358,8640
8336,8638
8364,8631
8273,8625
8277,8616
8267,8608
8338,8599
8224,8599
8351,8577
8306,8564
8304,8565
8245,8550
8278,8553
8289,8534
8204,8543
8222,8527
8174,8510
8234,8525
8331,8490
8353,8502
8265,8478
8172,8470
8348,8476
8281,8457
8296,8442
8349,8451
8239,8426
8293,8432
8259,8429
8284,8413
8260,8410
8255,8404
8248,8386
8269,8389
8282,8377
8253,8363
8258,8377
8071,8355
8202,8342
8364,8335
8405,8327
8385,8310
8024,8317
8209,8310
8132,8288
8125,8290
8043,8268
8132,8276
8160,8268
8102,8258
8048,8238
8113,8234
8141,8228
8105,8228
8044,8199
7966,8200
8057,8186
8151,8191
8063,8166
8027,8171
8027,8192
7965,8156
8024,8148
8182,8141
8166,8133
8037,8121
8037,8131
7989,8112
8033,8102
7979,8091
8044,8070
8080,8074
8069,8070
8070,8055
8051,8059
8025,8042
8013,8033
7961,8028
7937,8033
7929,8026
7881,8008
7876,7991
7916,8002
7958,7990
8030,7994
7984,7960
8044,7964
8002,7991
8042,7970
8070,7966
8080,7961
8109,7987
8082,7978
8082,7942
8109,7957
8115,7952
8104,7949
8105,7955
8133,7971
8150,7942
8191,7942
8188,7955
8138,7954
8125,7958
8153,7943
8158,7939
8160,7958
8169,7966
8178,7967
8185,7957
8162,7958
8162,7969
8159,7941
8159,7971
8171,7967
8148,7955
8185,7966
8175,7952
8158,7946
8165,7937
8187,7961
8144,7963
8168,7942
8188,7959
8163,7948
8172,7962
8138,7966
8159,7965
8143,7946
8114,7961
8118,7949
8156,7951
8123,7959
8114,7964
8023,7956
7879,7944
7835,7948
7722,7946
7605,7945
7616,7926
7479,7927
7503,7900
7513,7902
7404,7902
7492,7887
7401,7887
7442,7878
7414,7863
7443,7868
7468,7854
7427,7841
7477,7843
7485,7838
7458,7826
7398,7815
7345,7798
7339,7800
7319,7787
7340,7790
7421,7782
7380,7765
7409,7760
7386,7757
7302,7762
7278,7741
7336,7733
7362,7723
7422,7710
7338,7706
7335,7693
7269,7691
7301,7685
7420,7674
7328,7671
7261,7668
7306,7639
7319,7640
7335,7634
7263,7629
7185,7609
7220,7610
7435,7607
7168,7599
7155,7594
7288,7581
7219,7569
7131,7578
7242,7563
7270,7556
7107,7551
7161,7531
7218,7530
7160,7521
7150,7505
7242,7494
7127,7494
7149,7491
7250,7468
7116,7474
7120,7462
7183,7426
7076,7436
7174,7436
7098,7416
7209,7413
7161,7408
7031,7400
7274,7396
7078,7396
7149,7373
7197,7375
7060,7362
7181,7354
7000,7338
7176,7331
7050,7325
7135,7318
7111,7323
7090,7291
6976,7313
7097,7288
7031,7286
7081,7272
6976,7263
7030,7265
6945,7237
7069,7254
7028,7226
6964,7234
6961,7210
6907,7214
6935,7195
6965,7178
7015,7195
6990,7177
7075,7181
7106,7170
7148,7168
7018,7162
7019,7168
7181,7167
7094,7159
7223,7129
7196,7156
7088,7148
7228,7159
7117,7151
7315,7157
7117,7152
7322,7158
7224,7146
7029,7156
7278,7160
7141,7156
7194,7147
7200,7157
7116,7151
7324,7156
7446,7145
7239,7152
7354,7154
7160,7151
7317,7152
7178,7144
7164,7157
7364,7158
7213,7152
7363,7164
7230,7147
7327,7160
7310,7151
7125,7166
7174,7153
7178,7154
7195,7158
7301,7155
7202,7154
7290,7154
7215,7167
7198,7155
7161,7149
7104,7154
7281,7160
7104,7160
7224,7166
7254,7146
7237,7153
7260,7153
7129,7152
7182,7155
7111,7150
7145,7145
7291,7157
7158,7154
7288,7144
7242,7150
7009,7158
7367,7155
7118,7154
7192,7158
7298,7144
7159,7161
7298,7158
7262,7154
7346,7154
7228,7161
7137,7158
7364,7158
7131,7169
7306,7157
7208,7150
7205,7164
7283,7161
7170,7158
7158,7155
7231,7157
7158,7147
7252,7137
7182,7159
7235,7141
7262,7163
7150,7167
7324,7163
7093,7157
7185,7164
7174,7155
7267,7150
7272,7162
7152,7159
7356,7157
7184,7151
7102,7157
7271,7161
7124,7157
7234,7156
7374,7137
7262,7154
7328,7152
7141,7146
7315,7156
7152,7154
7123,7154
7228,7158
7137,7156
7235,7165
7263,7142
7162,7142
7203,7156
7284,7165
7236,7149
7158,7161
7120,7159
7314,7148
7158,7146
7308,7156
7214,7165
7096,7164
7261,7148
7069,7148
7209,7149
7137,7158
7176,7152
7340,7158
7214,7152
7337,7158
7230,7157
7118,7145
7250,7146
7178,7158
7310,7154
7190,7156
7301,7157
7324,7147
7116,7154
7321,7154
7107,7134
7156,7151
7318,7157
7161,7155
7267,7165
7374,7159
7130,7163
7393,7151
7100,7154
7197,7156
7161,7150
7165,7149
7286,7155
7169,7148
7264,7158
7200,7147
7148,7156
7322,7156
7153,7152
7261,7150
7057,7148
7173,7160
7331,7157
7121,7168
7343,7155
7161,7147
7098,7156
7132,7147
7138,7149
7222,7160
7249,7163
7173,7153
7248,7154
7268,7142
7122,7154
7236,7151
7146,7157
7346,7164
7137,7166
7279,7158
7157,7155
7151,7148
7207,7172
7121,7148
7194,7146
7095,7156
7120,7156
7297,7157
7240,7152
7327,7165
7261,7151
7118,7157
7261,7152
7136,7155
7250,7161
7162,7148
7275,7157
7247,7162
7121,7161
7254,7155
7195,7169
7206,7154
7223,7148
7321,7156
7273,7151
7175,7140
7272,7154
7280,7163
7159,7152
7248,7153
7173,7152
7190,7159
7296,7149
7124,7162
7232,7154
7257,7157
7158,7157
7215,7155
7125,7146
7255,7152
7107,7142
7212,7153
7344,7152
7119,7153
7409,7171
7173,7158
7078,7158
7222,7157
7136,7135
7258,7163
7305,7154
7208,7151
7280,7139
7252,7157
7275,7148
7197,7146
7133,7153
7306,7156
7175,7156
7259,7154
7225,7149
7162,7153
7250,7157
7180,7157
7218,7157
7097,7147
7166,7154
7271,7158
7183,7148
7329,7163
7239,7156
7145,7164
7249,7152
7097,7128
7286,7151
7101,7152
7233,7156
7242,7148
7108,7167
7295,7163
7202,7148
7167,7154
7228,7148
7257,7158
7258,7147
7213,7158
7254,7162
7315,7155
7209,7148
7308,7150
7126,7148
7136,7151
7404,7156
7090,7151
7300,7146
7328,7155
7264,7157
7255,7160
7171,7158
7150,7161
7210,7160
7222,7159
7278,7157
7239,7149
7313,7149
7152,7151
7110,7158
7173,7162
7101,7147
7272,7149
7116,7161
7219,7164
7218,7154
7223,7158
7289,7160
7129,7160
7156,7155
7176,7157
7179,7153
7241,7160
7242,7151
7251,7162
7355,7161
7169,7152
7299,7148
7181,7146
7121,7161
7313,7156
7157,7162
7362,7142
7257,7146
7273,7153
7238,7157
7080,7153
7342,7148
7097,7154
7177,7158
7257,7148
7189,7148
7304,7154
7204,7142
7137,7167
7279,7156
7252,7143
7218,7155
7202,7152
7144,7153
7305,7156
7253,7153
7296,7164
7201,7157
7193,7153
7210,7156
7198,7158
7344,7156
7296,7144
7277,7153
7355,7155
7135,7155
7324,7160
7212,7152
7223,7164
7354,7151
7224,7149
7344,7148
7137,7154
7293,7165
7154,7153
7086,7152
7294,7159
7095,7158
7166,7156
7229,7157
7271,7158
7260,7139
7214,7149
7202,7140
7201,7157
7205,7147
7206,7161
7102,7158
7212,7181
7366,7159
7195,7158
7330,7147
7151,7157
7167,7157
7218,7150
7149,7151
7301,7150
7190,7164
7319,7154
7247,7158
7170,7167
7212,7158
7121,7153
7279,7164
7280,7153
7277,7151
7337,7158
7181,7160
7298,7154
7205,7170
7173,7158
7226,7148
7139,7157
7133,7155
7355,7162
7241,7147
7339,7153
7188,7157
7137,7149
7240,7142
7219,7157
7319,7158
7137,7167
7286,7153
7419,7164
7207,7155
7407,7154
7244,7144
7182,7144
7223,7144
7178,7172
7373,7152
7257,7161
7384,7164
7347,7164
7354,7172
7387,7183
7336,7181
7454,7188
7436,7203
7460,7208
7539,7210
7447,7218
7507,7227
7492,7236
7565,7241
7518,7260
7545,7253
7486,7271
7545,7272
7561,7285
7550,7287
7589,7298
7634,7289
7534,7304
7647,7323
7581,7327
7635,7339
7620,7359
7634,7358
7565,7369
7681,7374
7673,7370
7582,7380
7730,7402
7658,7398
7676,7419
7577,7425
7635,7421
7686,7427
7682,7439
7767,7462
7642,7464
7711,7466
7756,7474
7699,7474
7737,7499
7750,7504
7691,7525
7705,7515
7860,7531
7633,7528
7766,7543
7897,7552
7804,7556
7640,7552
7736,7568
7697,7573
7708,7588
7760,7594
7782,7608
7761,7605
7797,7615
7768,7626
7843,7629
7785,7637
7742,7647
7818,7657
7830,7663
7840,7681
7755,7682
7862,7688
7878,7687
7862,7692
7867,7711
7834,7718
7865,7723
7864,7740
7946,7739
7981,7765
7939,7767
7767,7773
7804,7765
7827,7776
7904,7796
7922,7805
7963,7807
7943,7819
7875,7821
7928,7813
7872,7849
7903,7859
7901,7845
7955,7874
7962,7873
7997,7875
8025,7889
8056,7916
8029,7897
8056,7922
8007,7934
8041,7945
7925,7923
7927,7939
7879,7939
8021,7950
7871,7947
7889,7941
7931,7935
7860,7974
7875,7962
7846,7955
7856,7948
7835,7949
7849,7950
7822,7938
7808,7960
7847,7972
7832,7939
7824,7949
7810,7940
7798,7956
7815,7959
7798,7942
7821,7968
7810,7934
7813,7956
7800,7952
7789,7978
7810,7971
7829,7957
7776,7952
7818,7955
7805,7960
7760,7954
7778,7950
7774,7976
7806,7951
7749,7946
7796,7970
7794,7975
7786,7956
7747,7961
7772,7959
7782,7948
7769,7974
7823,7970
7766,7962
7824,7945
7832,7968
7778,7936
7848,7962
7914,7927
8076,7974
8137,7951
8196,7965
8359,7973
8333,7986
8354,7993
8454,8016
8489,8016
8442,8015
8508,8024
8489,8034
8451,8024
8460,8025
8455,8041
8417,8060
8433,8068
8402,8075
8404,8087
8438,8083
8492,8097
8501,8095
8590,8104
8559,8105
8574,8121
8438,8123
8444,8145
8415,8146
8636,8157
8663,8168
8618,8186
8574,8170
8487,8202
8523,8199
8593,8202
8637,8217
8604,8204
8571,8238
8584,8253
8652,8245
8681,8268
8648,8271
8557,8259
8647,8278
8700,8298
8679,8297
8546,8308
8609,8310
8741,8329
8624,8317
8476,8347
8580,8352
8690,8353
8479,8359
8687,8360
8747,8373
8734,8373
8628,8365
8752,8385
8665,8405
8651,8409
8680,8425
8689,8432
8656,8429
8802,8443
8704,8473
8621,8457
8779,8472
8726,8481
8767,8486
8683,8496
8724,8501
8855,8500
8691,8527
8853,8530
8830,8515
8770,8535
8790,8555
8800,8550
8847,8562
8740,8581
8903,8585
8782,8606
8876,8598
8773,8612
8871,8604
8858,8619
8916,8633
8848,8640
8905,8651
8888,8653
8926,8664
8869,8675
8972,8677
8788,8692
8907,8697
8851,8699
8914,8710
9009,8713
8866,8735
8961,8735
8891,8752
8785,8737
8704,8740
8735,8741
8850,8747
8663,8759
8779,8754
8619,8743
8605,8755
8702,8762
8601,8750
8736,8753
8743,8755
8710,8767
8728,8745
8645,8747
8684,8752
8625,8762
8637,8759
8749,8749
8617,8756
8725,8770
8668,8753
8735,8745
8767,8760
8590,8756
8614,8766
8664,8755
8671,8756
8737,8758
8592,8757
8760,8756
8610,8763
8598,8762
8559,8750
8552,8755
8784,8754
8612,8751
8713,8752
8726,8742
8513,8753
8788,8761
8636,8761
8649,8761
8613,8766
8578,8765
8817,8746
8726,8757
8793,8759
8738,8753
8633,8764
8757,8760
8646,8764
8683,8754
8765,8753
8674,8758
8761,8765
8644,8753
8817,8752
8728,8755
8507,8752
8713,8754
8587,8751
8801,8764
8774,8749
8692,8771
8808,8749
8649,8745
8670,8752
8656,8759
8601,8756
8732,8751
8613,8751
8803,8746
8696,8753
8625,8760
8826,8763
8605,8756
8666,8754
8586,8755
8662,8760
8795,8762
8608,8753
8741,8764
8677,8756
8550,8748
8787,8764
8603,8751
8633,8759
8797,8764
8589,8766
8799,8757
8654,8756
8830,8754
8673,8755
8618,8757
8725,8759
8610,8753
8725,8765
8723,8756
8671,8748
8751,8750
8612,8750
8677,8757
8591,8761
8559,8754
8858,8758
8556,8743
8726,8755
8705,8763
8665,8770
8722,8763
8588,8749
8607,8766
8606,8742
8663,8759
8712,8753
8627,8758
8830,8767
8696,8766
8555,8753
8698,8754
8564,8753
8803,8768
8771,8755
8701,8754
8764,8747
8626,8759
8652,8765
8672,8758
8539,8760
8768,8750
8558,8755
8747,8750
8733,8757
8579,8760
8770,8743
8621,8760
8655,8750
8675,8758
8649,8757
8726,8755
8725,8763
8742,8758
8694,8749
8600,8754
8699,8758
8608,8764
8651,8765
8749,8766
8668,8766
8803,8755
8589,8757
8829,8761
8660,8747
8605,8753
8762,8756
8655,8755
8769,8762
8769,8767
8680,8741
8718,8769
8575,8762
8582,8770
8578,8764
8578,8754
8806,8759
8528,8760
8770,8753
8796,8754
8498,8757
8794,8753
8558,8753
8660,8766
8656,8761
8581,8753
8708,8753
8740,8759
8691,8753
8699,8753
8567,8751
8683,8758
8594,8756
8613,8763
8654,8769
8669,8754
8729,8764
8580,8753
8785,8763
8659,8758
8578,8763
8752,8762
8557,8767
8765,8761
8746,8748
8692,8755
8799,8751
8644,8756
8672,8772
8596,8750
8645,8765
8806,8761
8620,8765
8721,8753
8661,8762
8582,8758
8685,8761
8586,8732
8719,8762
8616,8763
8713,8774
8780,8743
8632,8758
8800,8758
8636,8753
8582,8761
8689,8748
8579,8762
8686,8760
8769,8757
8622,8742
8753,8756
8607,8753
8795,8751
8666,8753
8618,8761
8801,8754
8658,8760
8855,8761
8739,8753
8812,8760
8770,8769
8633,8757
8681,8759
8629,8755
8612,8748
8840,8751
8570,8752
8718,8760
8734,8761
8604,8747
8684,8747
8609,8754
8760,8758
8625,8745
8746,8761
8759,8763
8584,8758
8770,8750
8655,8764
8596,8768
8671,8758
8569,8736
8714,8759
8725,8765
8686,8756
8819,8747
8629,8746
8840,8751
8643,8753
8639,8753
8820,8748
8641,8757
8762,8756
8691,8762
8662,8753
8726,8762
8639,8750
8721,8755
8559,8750
8623,8752
8738,8754
8616,8758
8808,8772
8607,8755
8567,8755
8656,8756
8531,8754
8767,8757
8547,8754
8708,8759
8799,8755
8650,8751
8823,8753
8658,8751
8608,8755
8751,8760
8671,8760
8822,8756
8712,8759
8764,8755
8759,8753
8584,8761
8771,8757
8559,8750
8594,8762
8801,8759
8601,8745
8717,8753
8732,8753
8718,8758
8753,8755
8581,8763
8713,8762
8584,8751
8667,8768
8674,8752
8711,8757
8809,8762
8647,8758
8596,8753
8610,8756
8596,8752
8748,8763
8612,8759
8721,8747
8779,8761
8608,8741
8888,8755
8624,8755
8663,8763
8676,8748
8636,8767
8757,8745
8695,8752
8657,8754
8767,8746
8694,8752
8742,8764
8592,8751
8659,8757
8805,8752
8593,8760
8763,8759
8694,8763
8789,8757
8644,8747
8558,8756
8783,8758
8577,8763
8693,8761
8717,8760
8707,8759
8775,8755
8586,8764
8583,8767
8682,8746
8636,8765
8707,8747
8664,8755
8706,8748
8732,8751
8632,8749
8785,8752
8617,8763
8678,8758
8604,8742
8661,8756
8825,8769
8762,8752
8712,8764
8762,8768
8613,8756
8733,8760
8542,8761
8678,8752
8827,8750
8593,8761
8773,8756
8624,8767
8772,8745
8705,8753
8574,8761
8710,8762
8636,8748
8653,8756
8710,8745
8683,8762
8793,8759
8657,8741
8647,8751
8697,8736
8646,8752
8726,8762
8604,8764
8696,8751
8753,8762
8666,8758
8741,8751
8649,8762
8655,8765
8636,8761
8654,8760
8841,8766
8724,8760
8741,8756
8616,8763
8617,8766
8687,8751
8599,8766
8684,8755
8757,8760
8714,8750
8743,8736
8528,8744
8704,8748
8649,8750
8548,8745
8681,8736
8325,8731
8602,8707
8563,8718
8531,8713
8518,8706
8352,8696
8402,8695
8261,8682
8518,8682
8464,8670
8337,8645
8336,8655
8387,8647
8375,8641
8383,8626
8338,8622
8343,8607
8296,8592
8340,8590
8295,8587
8343,8574
8224,8577
8318,8551
8271,8553
8311,8553
8292,8548
8345,8531
8181,8517
8201,8522
8285,8502
8296,8499
8328,8496
8257,8489
8292,8478
8305,8453
8296,8470
8369,8462
8274,8449
8330,8425
8340,8415
8232,8414
8237,8409
8289,8393
8246,8386
8282,8391
8279,8382
8200,8378
8152,8363
8312,8355
8176,8356
8208,8337
8396,8338
8425,8307
8310,8317
7972,8310
8304,8304
8114,8304
8014,8286
8135,8288
8191,8277
8143,8252
8049,8246
8044,8250
8076,8232
8185,8242
8105,8220
7980,8209
8049,8200
8090,8214
8167,8187
8117,8180
8043,8170
7992,8185
7978,8166
8091,8143
8194,8133
8127,8135
7992,8116
7965,8091
8034,8110
7965,8101
7982,8101
8049,8076
8070,8070
8115,8077
8091,8082
8060,8050
8001,8034
7996,8031
7928,8031
7966,8033
7936,8013
7925,7989
7929,7987
8006,7988
7895,7989
7957,7978
8022,7976
8035,7996
8012,7962
8030,7995
8061,7952
8038,7957
8126,7948
8053,7963
8095,7965
8086,7971
8093,7957
8108,7962
8108,7960
8189,7960
8151,7949
8142,7970
8128,7954
8151,7954
8147,7955
8142,7953
8155,7941
8136,7952
8191,7964
8169,7947
8162,7954
8159,7963
8193,7954
8155,7959
8166,7958
8156,7949
8200,7926
8180,7959
8184,7944
8165,7944
8175,7964
8132,7957
8154,7947
8127,7954
8141,7981
8191,7964
8137,7938
8125,7944
8138,7955
8125,7951
8156,7975
8144,7952
8150,7968
8115,7967
8081,7963
7980,7951
7864,7947
7826,7944
7695,7941
7522,7940
7640,7934
7504,7921
7390,7911
7469,7911
7430,7903
7389,7890
7409,7898
7420,7880
7426,7878
7422,7867
7416,7851
7454,7847
7494,7843
7473,7828
7458,7823
7388,7820
7340,7815
7355,7796
7340,7778
7347,7778
7427,7776
7369,7758
7422,7749
7327,7747
7317,7751
7349,7740
7316,7723
7421,7713
7421,7710
7378,7702
7331,7705
7317,7688
7365,7676
7421,7666
7299,7678
7294,7651
7284,7646
7380,7646
7349,7632
7286,7622
7342,7618
7299,7617
7496,7600
7110,7609
7259,7578
7228,7569
7108,7570
7225,7577
7222,7545
7265,7543
7107,7520
7235,7511
7213,7512
7129,7513
7181,7502
7186,7500
7108,7495
7217,7479
7113,7469
7133,7462
7221,7460
7153,7462
7184,7434
7281,7430
7114,7429
7148,7422
7171,7405
7097,7398
7215,7385
7078,7389
7164,7371
7064,7370
7210,7351
7182,7361
7015,7339
7191,7340
7108,7338
7113,7316
7033,7305
7073,7291
6968,7291
7160,7289
6989,7279
7035,7263
6991,7274
7033,7254
6956,7239
7099,7248
7084,7244
7040,7226
7032,7219
6939,7214
7004,7196
6939,7188
6994,7184
6963,7166
7068,7176
7056,7169
7171,7164
7166,7167
7078,7158
7220,7156
7132,7157
7137,7152
7226,7151
7181,7157
7350,7154
7153,7155
7352,7155
7212,7182
7111,7158
7256,7145
7070,7158
7285,7151
7297,7150
7202,7162
7321,7144
7269,7160
7209,7159
7299,7152
7147,7155
7336,7154
7176,7151
7299,7153
7312,7150
7165,7162
7364,7150
7177,7155
7231,7164
7203,7147
7138,7138
7283,7160
7272,7157
7308,7149
7388,7148
7186,7149
7289,7152
7159,7160
7278,7166
7308,7154
7237,7158
7187,7154
7106,7162
7215,7169
7180,7152
7080,7154
7281,7160
7152,7157
7220,7160
7336,7151
7116,7160
7295,7145
7154,7152
7171,7157
7143,7134
7080,7151
7268,7150
7112,7151
7256,7156
7179,7153
7119,7153
7264,7152
7105,7148
7215,7162
7179,7146
7172,7149
7308,7146
7200,7154
7378,7152
7247,7150
7136,7163
7232,7163
7127,7153
7271,7157
7277,7157
7181,7153
7233,7152
7300,7153
7241,7164
7276,7155
7192,7152
7248,7167
7181,7146
7341,7158
7257,7155
7240,7162
7296,7154
7158,7155
7225,7149
7178,7158
7172,7157
7321,7155
7167,7170
7317,7166
7284,7158
7165,7170
7281,7162
7068,7151
7281,7157
7167,7155
7230,7156
7226,7170
7094,7156
7299,7151
7218,7155
7086,7166
7220,7155
7167,7154
7302,7159
7282,7152
7262,7145
7277,7155
7189,7148
7339,7168
7106,7154
7076,7157
7271,7148
7116,7147
7218,7155
7271,7147
7214,7166
7256,7154
7132,7166
7238,7151
7169,7155
7162,7158
7367,7160
7182,7146
7331,7153
7167,7148
7144,7174
7175,7153
7168,7158
7208,7152
7127,7152
7227,7166
7277,7159
7195,7152
7299,7156
7315,7155
7162,7160
7249,7153
7130,7145
7313,7159
7274,7145
7236,7153
7245,7149
7211,7152
7284,7153
7182,7153
7168,7170
7298,7158
7150,7147
7254,7160
7283,7147
7217,7157
7313,7153
7143,7157
7216,7172
7149,7162
7220,7158
7252,7154
7174,7157
7283,7153
7144,7157
7162,7147
7210,7163
7202,7156
7209,7157
7267,7145
7256,7161
7189,7150
7119,7151
7322,7151
7095,7148
7152,7154
7173,7167
7140,7148
7180,7157
7346,7149
7149,7138
7292,7159
7216,7149
7283,7150
7214,7147
7182,7143
7281,7154
7155,7148
7338,7162
7151,7154
7380,7158
7174,7148
7082,7160
7225,7155
7118,7156
7199,7161
7258,7160
7219,7155
7266,7152
7242,7151
7217,7153
7196,7152
7136,7156
7363,7156
7144,7151
7266,7168
7269,7161
7210,7150
7294,7157
7252,7158
7162,7152
7316,7155
7181,7151
7280,7162
7235,7158
7360,7158
7297,7142
7083,7153
7312,7149
7088,7155
7315,7145
7321,7158
7137,7144
7339,7148
7161,7150
7116,7153
7254,7163
7163,7157
7198,7154
7255,7153
7265,7151
7188,7150
7122,7156
7304,7155
7184,7157
7200,7152
7182,7158
7187,7157
7260,7146
7282,7145
7236,7158
7271,7156
7197,7156
7327,7148
7191,7149
7191,7153
7289,7155
7159,7150
7286,7155
7143,7157
7297,7158
7135,7136
7061,7157
7227,7157
7076,7155
7243,7150
7283,7158
7170,7162
7225,7164
7150,7155
7191,7158
7207,7155
7105,7159
7333,7152
7184,7134
7254,7157
7309,7152
7184,7148
7370,7150
7255,7155
7116,7155
7239,7157
7166,7158
7250,7159
7254,7144
7292,7154
7286,7144
7162,7155
7246,7151
7176,7150
7248,7150
7244,7160
7161,7161
7251,7148
7195,7146
7301,7166
7204,7164
7110,7149
7202,7143
7208,7160
7187,7152
7218,7149
7177,7158
7275,7155
7227,7156
7189,7158
7176,7151
7177,7144
7254,7152
7121,7150
7306,7159
7262,7140
7045,7150
7342,7162
7114,7161
7069,7149
7165,7149
7122,7158
7378,7155
7220,7160
7336,7148
7216,7144
7135,7154
7192,7148
7065,7156
7197,7157
7156,7152
7184,7146
7181,7140
7188,7161
7202,7155
7165,7155
7188,7163
7301,7149
7215,7163
7201,7165
7261,7143
7258,7152
7407,7155
7205,7165
7128,7154
7188,7139
7182,7161
7311,7162
7142,7146
7262,7163
7251,7151
7179,7160
7277,7157
7162,7164
7294,7156
7122,7154
7180,7157
7322,7159
7191,7145
7321,7154
7230,7150
7185,7152
7247,7144
7183,7153
7270,7150
7259,7158
7121,7153
7292,7155
7286,7154
7268,7150
7222,7152
7158,7155
7144,7154
7249,7142
7252,7153
7231,7153
7217,7158
7313,7164
7187,7148
7223,7154
7197,7152
7177,7150
7376,7146
7144,7151
7359,7157
7222,7156
7104,7162
7206,7163
7125,7155
7222,7155
7143,7150
7115,7151
7213,7166
7263,7153
7248,7164
7289,7143
7163,7154
7283,7153
7151,7155
7157,7148
7325,7144
7190,7161
7363,7151
7209,7159
7340,7156
7231,7153
7140,7157
7280,7140
7110,7150
7272,7154
7305,7148
7266,7147
7381,7148
7260,7161
7358,7167
7260,7159
7361,7169
7404,7173
7388,7178
7507,7184
7447,7193
7432,7193
7454,7197
7490,7200
7523,7219
7437,7220
7506,7233
7483,7236
7550,7242
7510,7256
7598,7246
7508,7271
7598,7275
7582,7282
7589,7292
7559,7301
7618,7309
7594,7323
7610,7318
7520,7332
7647,7335
7633,7357
7611,7358
7572,7354
7601,7375
7598,7385
7583,7391
7701,7395
7640,7398
7668,7408
7588,7423
7665,7425
7653,7438
7683,7461
7706,7452
7700,7464
7735,7468
7787,7492
7722,7494
7697,7493
7737,7486
7699,7513
7763,7501
7707,7513
7681,7548
7707,7544
7781,7550
7738,7555
7647,7575
7794,7569
7650,7590
7721,7580
7885,7581
7790,7613
7754,7606
7767,7623
7879,7622
7805,7643
7741,7627
7759,7651
7841,7662
7876,7677
7879,7676
7739,7697
7889,7695
7853,7697
7868,7718
7834,7711
7779,7722
7871,7715
7926,7748
7921,7742
7939,7750
7817,7777
7795,7772
7844,7782
7857,7794
7914,7794
7916,7802
7933,7787
7922,7809
7930,7836
7924,7828
7849,7828
7890,7860
7926,7865
7963,7875
8011,7859
8019,7892
8006,7899
8044,7898
8027,7899
8031,7915
8021,7925
8016,7933
8027,7942
7977,7949
7877,7948
7931,7931
7908,7939
7875,7944
7858,7957
7862,7932
7842,7954
7856,7966
7859,7961
7856,7963
7788,7945
7808,7966
7827,7953
7810,7948
7818,7967
7802,7955
7802,7954
7832,7968
7778,7947
7812,7953
7796,7967
7816,7949
7780,7942
7834,7936
7800,7961
7788,7955
7812,7952
7781,7955
7851,7974
7814,7953
7795,7954
7790,7955
7780,7966
7784,7959
7782,7954
7789,7968
7790,7961
7793,7957
7772,7957
7803,7957
7813,7940
7800,7952
7815,7966
7793,7947
7819,7963
7825,7949
7826,7956
7863,7956
7972,7957
8053,7976
8153,7972
8260,7965
8348,7983
8407,7986
8409,7987
8444,8009
8446,7998
8462,8013
8484,8027
8464,8034
8491,8028
8482,8025
8454,8049
8417,8060
8417,8069
8387,8075
8408,8083
8422,8093
8480,8089
8525,8094
8523,8113
8585,8126
8554,8125
8457,8140
8435,8160
8440,8153
8575,8161
8629,8169
8652,8184
8508,8195
8546,8192
8569,8206
8614,8217
8645,8216
8641,8225
8582,8238
8615,8238
8638,8250
8665,8247
8631,8264
8564,8286
8664,8284
8716,8285
8656,8294
8563,8299
8632,8308
8711,8323
8547,8333
8496,8334
8660,8338
8725,8345
8544,8364
8637,8373
8766,8386
8613,8372
8704,8391
8710,8402
8666,8407
8657,8409
8725,8436
8642,8439
8680,8423
8762,8452
8652,8455
8768,8459
8784,8476
8679,8484
8740,8494
8747,8506
8703,8496
8788,8512
8768,8511
8880,8529
8776,8542
8860,8525
8677,8553
8775,8571
8801,8572
8805,8587
8876,8582
8774,8583
8862,8602
8797,8599
8913,8612
8868,8625
8866,8628
8905,8632
8904,8659
8827,8658
8899,8668
8847,8671
8946,8681
8890,8686
8922,8702
8975,8697
8959,8705
8967,8727
8829,8726
8842,8734
8833,8742
8831,8743
8830,8745
8592,8748
8719,8747
8583,8742
8745,8759
8833,8746
8616,8745
8757,8742
8710,8751
8646,8747
8715,8748
8618,8756
8796,8755
8629,8767
8802,8755
8792,8756
8688,8750
8704,8756
8596,8759
8639,8761
8624,8755
8645,8769
8647,8749
8648,8759
8692,8759
8688,8750
8637,8759
8725,8772
8580,8755
8669,8753
8737,8758
8686,8764
8765,8757
8549,8760
8764,8755
8668,8754
8634,8758
8703,8758
8478,8749
8640,8748
8783,8750
8678,8767
8755,8750
8649,8746
8666,8753
8681,8761
8580,8759
8795,8762
8619,8754
8758,8759
8716,8754
8581,8760
8743,8747
8658,8753
8590,8755
8637,8758
8616,8758
8765,8766
8684,8759
8778,8758
8684,8741
8561,8747
8678,8755
8583,8757
8772,8751
8751,8767
8710,8763
8758,8746
8661,8752
8781,8755
8653,8761
8593,8754
8789,8750
8523,8756
8785,8755
8907,8759
8661,8744
8827,8762
8642,8752
8655,8758
8615,8759
8557,8749
8702,8757
8589,8759
8645,8750
8713,8747
8599,8759
8752,8756
8612,8759
8673,8761
8579,8756
8668,8747
8804,8763
8574,8748
8863,8751
8658,8749
8515,8754
8733,8755
8502,8738
8686,8753
8806,8750
8690,8758
8773,8755
8666,8748
8802,8756
8699,8745
8668,8754
8772,8752
8660,8754
8769,8748
8729,8764
8775,8759
8673,8748
8495,8756
8672,8754
8541,8767
8615,8760
8819,8757
8596,8755
8809,8748
8642,8759
8594,8760
8721,8750
8528,8750
8717,8760
8617,8754
8664,8749
8812,8771
8706,8764
8761,8761
8717,8752
8615,8757
8688,8754
8600,8753
8751,8760
8738,8752
8740,8758
8808,8758
8636,8758
8628,8759
8669,8759
8605,8746
8731,8768
8624,8747
8709,8744
8799,8749
8695,8751
8746,8762
8606,8771
8699,8761
8607,8754
8730,8760
8745,8756
8553,8756
8786,8755
8628,8751
8574,8760
8723,8753
8569,8754
8799,8757
8777,8753
8654,8756
8779,8759
8608,8763
8833,8763
8680,8766
8599,8759
8779,8757
8614,8758
8709,8752
8764,8755
8705,8753
8735,8737
8595,8757
8688,8758
8631,8755
8660,8751
8774,8761
8592,8762
8706,8761
8687,8750
8610,8755
8666,8751
8544,8760
8744,8757
8551,8756
8609,8763
8757,8761
8596,8752
8778,8764
8672,8752
8577,8753
8627,8755
8604,8754
8693,8756
8659,8749
8777,8749
8736,8746
8539,8738
8836,8755
8599,8766
8625,8751
8768,8759
8550,8752
8794,8762
8782,8765
8721,8767
8740,8759
8598,8741
8697,8757
8554,8757
8672,8759
8734,8754
8658,8757
8736,8750
8665,8761
8618,8762
8699,8748
8568,8757
8752,8765
8488,8756
8696,8744
8791,8752
8560,8761
8852,8757
8622,8746
8624,8754
8687,8750
8599,8757
8793,8749
8756,8756
8719,8750
8816,8758
8671,8759
8750,8749
8653,8760
8650,8754
8755,8771
8598,8763
8775,8768
8719,8750
8709,8752
8701,8754
8579,8756
8747,8753
8558,8758
8637,8752
8776,8753
8642,8755
8814,8765
8702,8749
8536,8763
8744,8756
8529,8758
8701,8757
8643,8752
8687,8756
8788,8752
8675,8759
8809,8760
8654,8750
8651,8761
8640,8752
8633,8753
8800,8743
8723,8755
8795,8757
8811,8750
8624,8745
8778,8765
8586,8763
8667,8762
8834,8752
8610,8744
8771,8760
8705,8757
8786,8765
8683,8756
8566,8761
8717,8755
8563,8759
8672,8752
8760,8758
8670,8756
8838,8753
8619,8760
8620,8749
8717,8765
8625,8746
8774,8760
8610,8771
8693,8770
8733,8751
8644,8753
8834,8749
8695,8763
8630,8760
8674,8756
8607,8758
8828,8762
8801,8748
8733,8759
8735,8757
8604,8759
8739,8753
8593,8754
8668,8743
8695,8762
8706,8758
8770,8753
8639,8750
8833,8773
8608,8750
8532,8754
8746,8758
8579,8742
8703,8763
8808,8751
8674,8759
8804,8752
8631,8747
8594,8754
8660,8763
8607,8756
8736,8760
8680,8760
8751,8756
8753,8754
8642,8753
8763,8757
8634,8761
8709,8761
8581,8750
8629,8767
8813,8767
8721,8751
8764,8762
8718,8761
8532,8751
8752,8771
8616,8757
8658,8751
8737,8761
8681,8758
8778,8752
8647,8756
8792,8758
8633,8744
8628,8757
8764,8758
8580,8762
8734,8763
8692,8762
8650,8759
8794,8750
8643,8772
8599,8754
8680,8746
8604,8760
8827,8760
8579,8759
8883,8774
8799,8753
8544,8754
8764,8759
8571,8748
8709,8761
8609,8766
8615,8762
8753,8776
8688,8766
8745,8751
8678,8752
8588,8768
8685,8761
8543,8756
8666,8763
8689,8757
8667,8758
8793,8751
8683,8753
8758,8754
8715,8755
8648,8755
8640,8759
8723,8762
8686,8762
8698,8756
8703,8761
8723,8757
8628,8753
8690,8761
8592,8760
8683,8750
8789,8763
8620,8759
8774,8758
8695,8748
8632,8751
8666,8756
8578,8750
8639,8754
8563,8747
8511,8755
8519,8744
8449,8750
8641,8763
8447,8733
8434,8729
8422,8707
8371,8719
8528,8708
8405,8684
8478,8691
8410,8680
8341,8691
8415,8669
8362,8668
8394,8640
8344,8642
8357,8636
8320,8622
8359,8615
8296,8614
8293,8594
8259,8593
8342,8578
8306,8581
8268,8568
8262,8562
8269,8557
8324,8541
8157,8547
8369,8525
8177,8531
8195,8521
8282,8517
8256,8490
8349,8493
8171,8478
8339,8469
8332,8465
8324,8465
8323,8451
8286,8446
8238,8430
8283,8429
8265,8429
8241,8403
8273,8409
8244,8390
8276,8385
8304,8384
8304,8378
8179,8360
8317,8355
8121,8336
8242,8331
8420,8330
8425,8326
8152,8316
8136,8295
8303,8296
8206,8288
8132,8287
8048,8272
8144,8258
8129,8264
8062,8248
8060,8245
8114,8226
8117,8233
8081,8205
7948,8226
8039,8206
8088,8199
8162,8176
8058,8194
8075,8176
8054,8170
7983,8136
8169,8155
8161,8136
8110,8118
8075,8120
8012,8128
7977,8099
7997,8099
8001,8094
8074,8091
8100,8071
8088,8083
8039,8056
8041,8051
8044,8046
8011,8034
7955,8028
7945,8011
7938,8008
7891,8002
7875,8006
7977,7987
7932,7981
7957,7979
8004,7963
8014,7956
8086,7957
8028,7967
8042,7965
8104,7961
8089,7948
8068,7949
8106,7945
8137,7956
8120,7955
8121,7959
8133,7943
8125,7975
8158,7954
8135,7942
8151,7949
8166,7946
8145,7959
8144,7972
8126,7957
8156,7959
8146,7960
8152,7967
8167,7955
8184,7963
8147,7949
8147,7955
8152,7960
8180,7964
8177,7951
8162,7949
8138,7946
8140,7958
8180,7969
8144,7956
8177,7951
8144,7966
8148,7947
8147,7969
8151,7951
8153,7957
8131,7979
8140,7951
8130,7972
8129,7951
8131,7967
8141,7968
8054,7930
8020,7947
7886,7957
7729,7944
7642,7931
7582,7929
7520,7925
7541,7922
7453,7902
7476,7915
7442,7898
7427,7890
7441,7885
7410,7884
7447,7875
7419,7866
7446,7853
7435,7833
7489,7835
7436,7835
7426,7814
7377,7809
7364,7810
7340,7791
7373,7789
7397,7778
7408,7767
7392,7757
7432,7750
7380,7751
7331,7740
7349,7728
7366,7712
7403,7716
7440,7707
7308,7689
7306,7690
7310,7678
7439,7679
7363,7665
7299,7655
7262,7661
7357,7645
7338,7636
7358,7634
7250,7616
7306,7597
7283,7614
7300,7589
7073,7582
7193,7576
7266,7576
7052,7563
7285,7559
7213,7544
7230,7549
7174,7534
7221,7508
7187,7513
7124,7507
7203,7497
7175,7492
7147,7477
7236,7458
7211,7460
7130,7470
7244,7446
7157,7424
7109,7440
7171,7417
7079,7426
7166,7398
7028,7423
7287,7392
7196,7399
7082,7391
7189,7373
7064,7373
7148,7360
7088,7345
7117,7341
7117,7318
7118,7318
7131,7320
7153,7290
7084,7320
7034,7306
7080,7289
7045,7295
7100,7268
6992,7271
7040,7258
6947,7237
7006,7231
6909,7240
6963,7224
6989,7196
6910,7202
7014,7205
6920,7187
7006,7190
7098,7177
7053,7174
7072,7162
7062,7162
7216,7161
6999,7155
7072,7166
7173,7162
7155,7156
7183,7163
7099,7152
7188,7160
7079,7161
7102,7160
7346,7158
7091,7157
7272,7177
7093,7155
7081,7155
7223,7159
7112,7156
7228,7151
7303,7150
7246,7166
7389,7149
7175,7155
7413,7154
7234,7151
7154,7152
7292,7161
7123,7147
7247,7157
7410,7148
7171,7164
7303,7153
7274,7143
7211,7155
7190,7146
7165,7163
7345,7153
7169,7157
7213,7157
7202,7153
7125,7162
7290,7154
7069,7154
7156,7149
7124,7151
7211,7156
7247,7155
7158,7160
7251,7148
7287,7160
7116,7153
7325,7157
7142,7146
7161,7153
7240,7157
7165,7166
7274,7152
7111,7161
7282,7156
7149,7154
7160,7158
7335,7150
7134,7149
7299,7141
7318,7152
7270,7157
7424,7152
7152,7169
7178,7157
7127,7144
7158,7151
7344,7155
7143,7150
7234,7156
7175,7152
7122,7151
7314,7144
7177,7153
7182,7152
7237,7160
7305,7144
7298,7144
7215,7157
7343,7160
7242,7163
7178,7155
7249,7163
7110,7145
7353,7141
7335,7154
7252,7153
7339,7144
7177,7158
7320,7153
7169,7157
7118,7151
7336,7155
7184,7153
7348,7161
7207,7162
7344,7156
7223,7171
7077,7156
7228,7155
7045,7159
7161,7154
7288,7149
7099,7148
7258,7155
7235,7149
7138,7155
7253,7138
7104,7156
7128,7151
7145,7160
7217,7151
7314,7146
7205,7154
7288,7161
7226,7149
7215,7161
7159,7161
7189,7158
7279,7146
7265,7159
7200,7152
7226,7159
7115,7156
7240,7154
7133,7147
7229,7154
7329,7145
7139,7160
7272,7154
7150,7156
7309,7155
7270,7150
7115,7162
7130,7166
7230,7146
7250,7154
7215,7153
7212,7154
7221,7163
7237,7157
7135,7158
7204,7156
7109,7140
7289,7155
7144,7155
7267,7153
7357,7147
7132,7152
7284,7152
7230,7148
7112,7160
7242,7151
7158,7148
7239,7153
7234,7141
7200,7153
7216,7144
7123,7150
7189,7152
7077,7146
7170,7156
7290,7158
7175,7149
7221,7163
7181,7153
7295,7154
7225,7154
7169,7149
7226,7156
7089,7158
7286,7160
7310,7158
7197,7159
7280,7163
7220,7159
7111,7153
7310,7148
7096,7152
7226,7152
7145,7152
7254,7157
7270,7150
7139,7160
7320,7143
7149,7153
7227,7150
7161,7154
7188,7146
7291,7149
7197,7146
7224,7153
7235,7149
7135,7157
7200,7162
7160,7149
7131,7154
7245,7156
7207,7156
7184,7152
7208,7153
7175,7160
7163,7147
7206,7150
7306,7154
7189,7157
7299,7160
7334,7147
7090,7149
7318,7168
7217,7158
7164,7153
7248,7152
7129,7156
7276,7165
7287,7161
7314,7159
7299,7156
7104,7158
7253,7156
7065,7149
7203,7148
7310,7159
7196,7163
7236,7154
7203,7153
7266,7146
7213,7153
7207,7156
7192,7159
7173,7172
7239,7156
7268,7151
7215,7159
7296,7159
7242,7142
7087,7158
7316,7148
7142,7158
7209,7162
7156,7154
7220,7158
7288,7159
7118,7161
7253,7163
7083,7153
7258,7144
7099,7155
7155,7156
7301,7153
7132,7139
7294,7143
7206,7153
7097,7161
7276,7167
7132,7158
7199,7152
7270,7149
7223,7156
7276,7154
7223,7150
7354,7151
7311,7158
7125,7166
7209,7158
7172,7145
7156,7144
7298,7161
7170,7161
7378,7163
7163,7148
7100,7158
7244,7160
7058,7144
7288,7155
7107,7147
7285,7156
7315,7148
7131,7152
7220,7158
7115,7148
7244,7154
7109,7155
7176,7147
7247,7156
7216,7154
7177,7151
7206,7144
7238,7159
7157,7148
7174,7148
7256,7162
7276,7151
7149,7153
7327,7153
7165,7158
7325,7154
7189,7162
7095,7154
7247,7157
7065,7150
7254,7150
7353,7154
7215,7152
7342,7158
7150,7139
7150,7155
7130,7149
7197,7165
7303,7149
7140,7154
7276,7153
7220,7147
7125,7155
7223,7161
7216,7156
7253,7152
7181,7153
7254,7147
7295,7160
7248,7142
7365,7146
7288,7146
7151,7168
7329,7151
7123,7148
7154,7149
7278,7146
7171,7151
7279,7147
7196,7161
7308,7154
7231,7151
7176,7161
7351,7151
7125,7153
7406,7151
7296,7163
7365,7149
7282,7146
7082,7160
7209,7154
7140,7148
7193,7168
7289,7158
7138,7161
7272,7155
7369,7169
7230,7154
7283,7161
7214,7154
7199,7165
7261,7146
7105,7147
7300,7154
7259,7151
7270,7159
7215,7150
7137,7162
7201,7150
7113,7155
7219,7155
7351,7154
7228,7166
7288,7141
7136,7151
7367,7154
7158,7139
7193,7166
7290,7156
7147,7157
7350,7151
7233,7148
7264,7140
7272,7148
7220,7161
7291,7154
7187,7156
7251,7159
7222,7156
7154,7145
7323,7156
7303,7151
7080,7163
7297,7153
7113,7156
7243,7162
7159,7152
7152,7154
7347,7152
7261,7157
7326,7150
7330,7150
7217,7150
7242,7160
7186,7155
7326,7153
7314,7160
7412,7162
7352,7148
7299,7164
7405,7165
7347,7184
7416,7178
7479,7184
7453,7208
7437,7201
7498,7210
7502,7214
7439,7217
7469,7228
7579,7245
7562,7242
7525,7262
7546,7258
7473,7262
7573,7279
7551,7293
7586,7281
7588,7306
7578,7307
7626,7311
7633,7339
7561,7338
7626,7329
7620,7354
7657,7371
7630,7383
7709,7372
7586,7379
7701,7388
7697,7389
7683,7414
7722,7407
7666,7418
7677,7436
7631,7447
7731,7449
7702,7458
7639,7464
7736,7480
7718,7487
7748,7488
7730,7504
7694,7504
7683,7509
7745,7516
7727,7526
7638,7535
7807,7545
7776,7562
7766,7558
7674,7565
7749,7567
7675,7589
7702,7587
7827,7586
7790,7610
7710,7612
7764,7623
7831,7618
7831,7635
7704,7639
7779,7649
7825,7654
7847,7667
7837,7682
7789,7678
7819,7698
7886,7692
7893,7708
7887,7719
7808,7712
7864,7742
7906,7758
7967,7750
7976,7776
7779,7759
7788,7775
7845,7780
7860,7776
7952,7821
7931,7787
7961,7820
7927,7816
7946,7821
7897,7835
7847,7850
7888,7857
7949,7861
7994,7866
8022,7875
7983,7887
7997,7902
8025,7913
8024,7906
8013,7910
8046,7916
7965,7941
7987,7931
7964,7946
7933,7913
7895,7959
7870,7954
7904,7944
7845,7945
7866,7956
7841,7962
7853,7961
7848,7954
7822,7946
7831,7959
7834,7954
7828,7969
7805,7962
7851,7974
7812,7964
7796,7952
7864,7967
7846,7937
7814,7970
7800,7942
7788,7977
7808,7972
7811,7960
7816,7961
7808,7943
7791,7965
7798,7943
7795,7968
7772,7962
7773,7962
7774,7937
7763,7965
7781,7953
7789,7979
7811,7956
7763,7956
7797,7967
7789,7928
7781,7957
7803,7951
7798,7971
7827,7952
7809,7970
7802,7955
7803,7954
7842,7941
7939,7951
7950,7961
8086,7964
8235,7965
8225,7967
8323,7971
8392,7975
8397,7991
8443,7982
8478,8008
8481,8024
8485,8029
8482,8021
8449,8043
8492,8046
8419,8044
8410,8065
8420,8075
8386,8080
8399,8095
8484,8096
8519,8101
8530,8128
8542,8111
8531,8119
8576,8134
8434,8146
8456,8155
8532,8156
8629,8144
8648,8170
8572,8173
8579,8187
8492,8195
8605,8207
8683,8216
8662,8226
8582,8223
8586,8246
8572,8238
8642,8253
8717,8285
8586,8272
8559,8284
8649,8285
8653,8301
8655,8307
8589,8311
8679,8321
8624,8312
8576,8334
8518,8347
8680,8345
8806,8361
8569,8365
8579,8368
8657,8381
8642,8370
8686,8404
8712,8404
8658,8422
8621,8413
8758,8423
8657,8438
8697,8442
8815,8453
8638,8466
8678,8475
8818,8487
8704,8493
8742,8481
8706,8493
8808,8505
8693,8502
8694,8519
8826,8531
8693,8536
8884,8546
8699,8561
8884,8558
8794,8581
8782,8569
8819,8567
8832,8603
8797,8610
8828,8605
8924,8613
8893,8634
8954,8646
8864,8633
8855,8645
8967,8671
8895,8669
8898,8671
8868,8685
8857,8694
8859,8696
8973,8700
8930,8716
8992,8710
8900,8727
8864,8727
8796,8737
8757,8735
8925,8751
8733,8749
8825,8747
8780,8746
8599,8751
8829,8759
8619,8754
8620,8759
8775,8736
8648,8756
8781,8750
8614,8759
8766,8755
8715,8755
8601,8755
8670,8754
8643,8763
8687,8755
8723,8753
8738,8767
8745,8769
8654,8754
8597,8755
8641,8750
8694,8764
8751,8757
8624,8754
8705,8758
8724,8755
8586,8745
8664,8749
8497,8753
8661,8760
8515,8763
8647,8768
8734,8763
8672,8758
8708,8762
8691,8754
8582,8758
8806,8782
8594,8760
8757,8754
8779,8764
8797,8760
8864,8758
8578,8768
8785,8766
8681,8744
8616,8752
8778,8759
8544,8755
8688,8746
8780,8762
8611,8751
8735,8759
8703,8759
8639,8753
8641,8752
8586,8753
8797,8751
8651,8759
8770,8760
8635,8759
8604,8760
8720,8760
8549,8760
8649,8760
8562,8758
8632,8762
8830,8771
8593,8750
8772,8742
8738,8748
8610,8757
8785,8759
8616,8752
8691,8745
8740,8761
8741,8760
8693,8753
8595,8764
8688,8756
8669,8742
8674,8757
8800,8760
8571,8755
8736,8756
8762,8749
8720,8763
8755,8756
8569,8765
8683,8753
8528,8757
8642,8746
8807,8756
8602,8755
8756,8753
8723,8758
8542,8745
8761,8751
8571,8754
8682,8754
8650,8754
8708,8748
8763,8752
8589,8750
8809,8760
8652,8753
8598,8759
8793,8757
8555,8762
8748,8769
8796,8758
8680,8762
8813,8755
8647,8754
8609,8760
8593,8755
8623,8757
8817,8744
8650,8758
8813,8754
8675,8757
8642,8763
8732,8749
8597,8759
8637,8748
8624,8760
8679,8758
8860,8768
8631,8752
8758,8774
8768,8752
8568,8753
8840,8757
8598,8756
8714,8759
8741,8753
8676,8760
8746,8746
8698,8776
8724,8754
8661,8760
8682,8761
8760,8751
8628,8763
8711,8763
8758,8755
8704,8757
8766,8748
8600,8756
8708,8753
8552,8734
8758,8758
8804,8750
8573,8746
8811,8759
8670,8769
8549,8753
8741,8756
8532,8763
8659,8746
8606,8753
8626,8769
8770,8768
8686,8753
8812,8750
8648,8754
8603,8758
8722,8748
8604,8756
8709,8758
8733,8754
8759,8731
8834,8770
8628,8752
8761,8751
8602,8745
8605,8766
8799,8768
8612,8757
8714,8759
8661,8756
8713,8752
8727,8758
8585,8759
8653,8759
8631,8764
8692,8751
8808,8770
8618,8767
8779,8757
8684,8751
8582,8759
8753,8750
8578,8751
8769,8764
8595,8753
8689,8770
8780,8751
8602,8758
8760,8765
8723,8760
8612,8749
8747,8752
8639,8770
8786,8759
8792,8753
8756,8765
8815,8756
8633,8760
8731,8745
8556,8753
8686,8758
8772,8760
8592,8753
8725,8759
8688,8748
8795,8762
8696,8762
8556,8758
8657,8757
8567,8749
8629,8753
8836,8738
8662,8755
8812,8765
8695,8754
8621,8768
8748,8775
8621,8759
8693,8755
8614,8763
8784,8758
8698,8755
8601,8763
8779,8753
8658,8750
8712,8755
8589,8766
8680,8740
8850,8749
8662,8749
8775,8764
8762,8759
8615,8754
8779,8746
8582,8762
8643,8756
8753,8752
8553,8760
8637,8758
8697,8757
8769,8762
8642,8760
8609,8754
8746,8750
8607,8753
8724,8765
8782,8751
8703,8752
8781,8750
8657,8758
8568,8751
8736,8759
8624,8756
8789,8759
8582,8763
8757,8755
8751,8752
8535,8757
8783,8755
8581,8746
8673,8749
8628,8765
8625,8755
8716,8750
8677,8753
8775,8743
8759,8754
8572,8754
8714,8763
8568,8751
8720,8752
8864,8751
8705,8751
8783,8766
8659,8747
8884,8757
8692,8751
8616,8749
8656,8760
8652,8750
8634,8755
8697,8754
8637,8743
8755,8757
8676,8756
8634,8754
8667,8739
8676,8759
8777,8756
8573,8760
8781,8771
8716,8755
8586,8755
8766,8760
8575,8749
8659,8749
8657,8754
8590,8755
8666,8753
8692,8756
8757,8749
8734,8746
8614,8759
8723,8765
8580,8753
8777,8761
8767,8759
8652,8754
8761,8763
8639,8757
8603,8753
8677,8753
8558,8752
8763,8758
8615,8755
8750,8753
8724,8755
8553,8759
8813,8755
8584,8746
8624,8767
8650,8753
8666,8754
8762,8752
8696,8757
8778,8755
8756,8760
8656,8764
8662,8758
8617,8755
8714,8747
8742,8762
8720,8757
8765,8755
8628,8759
8812,8753
8675,8764
8564,8761
8716,8753
8558,8757
8667,8758
8784,8760
8640,8759
8789,8756
8667,8753
8603,8757
8634,8753
8595,8761
8798,8742
8593,8756
8759,8766
8687,8764
8518,8756
8773,8757
8505,8755
8650,8755
8601,8750
8574,8765
8771,8760
8718,8761
8753,8758
8829,8739
8619,8762
8755,8774
8601,8756
8702,8759
8757,8761
8637,8749
8709,8757
8686,8766
8712,8752
8685,8762
8587,8757
8756,8775
8636,8756
8674,8754
8711,8765
8751,8759
8767,8748
8578,8756
8648,8760
8610,8758
8642,8765
8822,8757
8591,8764
8742,8754
8692,8752
8534,8759
8654,8754
8486,8747
8600,8742
8415,8733
8543,8734
8651,8721
8364,8725
8678,8712
8453,8713
8354,8706
8396,8685
8321,8683
8538,8678
8357,8660
8514,8655
8456,8650
8377,8646
8370,8650
8379,8619
8346,8614
8303,8614
8292,8622
8355,8598
8269,8584
8306,8577
8268,8569
8305,8572
8290,8555
8286,8531
8239,8541
8271,8538
8349,8535
8174,8517
8318,8513
8341,8494
8214,8501
8300,8496
8233,8480
8364,8471
8265,8477
8292,8452
8258,8434
8258,8436
8327,8422
8245,8428
8235,8405
8290,8416
8270,8408
8257,8390
8277,8384
8287,8386
8206,8364
8148,8353
8225,8344
8173,8351
8383,8335
8387,8336
8344,8332
7978,8322
8094,8313
8181,8290
8070,8286
8027,8299
8159,8266
8215,8254
8095,8271
8041,8235
8107,8244
8163,8238
8117,8221
8053,8224
8005,8203
8076,8190
8120,8194
8090,8180
8074,8187
8010,8170
8046,8144
8062,8153
8149,8151
8173,8141
8005,8116
7974,8115
7971,8109
7980,8107
7992,8101
8035,8084
8029,8080
8117,8076
8089,8070
8061,8059
8043,8042
8008,8020
7974,8037
7952,8006
7945,8011
7924,8013
7924,7996
7898,8000
7908,7987
8035,7970
7937,7981
8000,7960
7996,7964
8022,7967
8026,7954
8038,7930
8071,7962
8078,7953
8091,7945
8071,7940
8086,7960
8128,7968
8139,7969
8108,7955
8128,7949
8149,7969
8150,7951
8154,7945
8107,7983
8124,7949
8151,7979
8162,7952
8155,7959
8155,7949
8149,7957
8157,7959
8183,7966
8167,7961
8143,7963
8156,7945
8175,7989
8166,7973
8174,7947
8140,7956
8151,7947
8171,7975
8159,7962
8162,7942
8130,7950
8132,7938
8138,7953
8156,7959
8153,7956
8113,7953
8167,7958
8159,7950
8126,7960
8141,7968
8138,7954
8012,7945
7924,7958
7833,7947
7722,7947
7640,7935
7617,7921
7497,7949
7493,7911
7470,7897
7398,7900
7430,7886
7467,7890
7436,7875
7432,7870
7431,7863
7435,7857
7471,7849
7495,7849
7512,7832
7479,7820
7400,7800
7328,7807
7307,7774
7359,7804
7310,7790
7382,7773
7392,7777
7438,7767
7366,7754
7304,7745
7316,7730
7342,7734
7380,7726
7385,7707
7392,7712
7339,7701
7297,7683
7328,7676
7421,7678
7371,7666
7281,7656
7284,7636
7347,7628
7332,7640
7225,7637
7185,7598
7350,7606
7468,7595
7174,7588
7173,7587
7314,7579
7153,7586
7193,7571
7302,7556
7207,7551
7118,7544
7163,7510
7251,7521
7159,7519
7140,7500
7201,7487
7144,7485
7160,7477
7182,7463
7120,7458
7133,7459
7189,7452
7085,7446
7243,7444
7132,7430
7206,7414
7211,7416
6981,7389
7203,7398
7184,7381
7060,7367
7167,7367
7090,7354
7187,7347
6978,7350
7203,7331
7084,7342
7140,7330
7065,7318
7081,7312
7007,7298
7137,7285
6988,7284
7046,7268
7009,7268
7055,7255
6926,7261
7088,7238
7053,7237
7006,7240
6995,7218
6972,7216
6958,7206
6929,7199
6900,7183
6979,7184
7050,7180
7060,7172
7092,7165
7033,7161
6976,7157
7119,7152
7102,7162
7225,7161
7125,7152
7258,7172
7256,7159
7015,7153
7360,7165
7177,7160
7241,7155
7049,7155
7172,7159
7369,7151
7175,7151
7316,7153
7265,7158
7105,7156
7291,7172
7105,7146
7255,7158
7418,7160
7192,7149
7315,7155
7206,7153
7332,7158
7306,7162
7162,7157
7247,7162
7226,7156
7296,7159
7238,7147
7267,7158
7327,7159
7239,7162
7169,7154
7221,7148
7171,7155
7281,7153
7128,7132
7332,7160
7211,7149
7114,7154
7170,7157
7178,7156
7244,7160
7148,7158
7155,7162
7252,7148
7235,7157
7244,7153
7129,7153
7158,7145
7170,7151
7080,7148
7267,7180
7275,7136
7222,7158
7378,7156
7111,7148
7359,7156
7234,7155
7082,7152
7298,7152
7105,7158
7275,7155
7300,7141
7283,7150
7304,7161
7196,7154
7256,7154
7139,7150
7218,7150
7326,7141
7174,7157
7349,7150
7246,7163
7182,7156
7264,7152
7179,7159
7274,7162
7170,7161
7204,7144
7384,7157
7215,7139
7327,7157
7252,7151
7177,7160
7231,7148
7172,7167
7245,7149
7310,7146
7241,7159
7311,7162
7198,7144
7207,7154
7154,7150
7160,7150
7348,7151
7104,7156
7369,7159
7173,7157
7059,7159
7154,7151
7115,7153
7188,7162
7208,7139
7153,7146
7240,7155
7297,7153
7208,7156
7236,7150
7147,7157
7270,7158
7120,7157
7217,7156
7258,7157
7182,7153
7274,7154
7155,7154
7340,7170
7167,7152
7085,7156
7278,7155
7117,7153
7306,7162
7262,7156
7300,7153
7307,7164
7172,7151
7249,7162
7093,7148
7188,7154
7308,7155
7111,7157
7292,7153
7219,7161
7237,7158
7228,7156
7244,7141
7245,7151
7183,7161
7134,7157
7400,7153
7144,7156
7337,7160
7273,7146
7125,7164
7278,7155
7121,7153
7216,7155
7300,7150
7209,7158
7298,7160
7190,7152
7292,7150
7164,7160
7157,7156
7326,7151
7192,7158
7349,7161
7139,7151
7243,7148
7159,7156
7206,7159
7224,7164
7129,7163
7147,7145
7276,7155
7153,7147
7241,7146
7180,7156
7100,7167
7240,7156
7077,7155
7235,7160
7108,7165
7212,7153
7235,7161
7211,7151
7308,7150
7163,7158
7097,7154
7250,7150
7191,7162
7248,7161
7297,7151
7211,7165
7312,7152
7146,7152
7332,7165
7173,7154
7175,7153
7249,7157
7140,7166
7280,7156
7229,7161
7213,7168
7216,7161
7299,7154
7244,7151
7148,7155
7176,7160
7348,7155
7210,7140
7289,7163
7176,7148
7206,7158
7212,7161
7093,7157
7277,7151
7111,7145
7244,7163
7325,7148
7179,7146
7341,7159
7188,7150
7172,7160
7258,7167
7193,7146
7374,7154
7199,7150
7274,7167
7285,7144
7133,7155
7300,7152
7147,7157
7186,7154
7260,7158
7217,7150
7328,7141
7178,7155
7291,7156
7267,7158
7146,7149
7232,7155
7191,7149
7125,7148
7285,7158
7133,7156
7243,7161
7201,7163
7172,7155
7225,7150
7160,7155
7318,7159
7111,7152
7298,7147
7261,7151
7079,7163
7281,7153
7058,7144
7154,7162
7083,7159
7145,7155
7309,7159
7216,7166
7212,7157
7322,7155
7283,7154
7247,7152
7253,7141
7178,7154
7313,7173
7270,7155
7283,7153
7227,7145
7267,7151
7264,7155
7140,7144
7239,7150
7102,7154
7185,7164
7265,7154
7182,7154
7366,7149
7231,7150
7206,7154
7216,7148
7179,7160
7305,7149
7126,7160
7244,7162
7214,7164
7124,7153
7288,7148
7133,7155
7179,7156
7215,7159
7297,7161
7240,7142
7160,7159
7256,7160
7301,7142
7225,7155
7255,7156
7157,7162
7220,7150
7390,7149
7090,7152
7301,7155
7214,7153
7286,7160
7225,7161
7158,7165
7178,7150
7187,7137
7238,7146
7273,7157
7296,7152
7357,7155
7112,7148
7153,7153
7115,7151
7090,7152
7287,7156
7134,7154
7217,7158
7261,7169
7197,7148
7250,7150
7167,7160
7131,7153
7242,7153
7302,7162
7283,7157
7259,7153
7253,7148
7282,7153
7179,7154
7199,7158
7140,7162
7225,7157
7393,7146
7220,7153
7377,7148
7238,7157
7348,7160
7170,7151
7147,7156
7360,7154
7113,7152
7274,7147
7212,7155
7273,7158
7321,7156
7160,7148
7150,7168
7263,7156
7200,7139
7249,7146
7213,7155
7213,7154
7234,7137
7248,7152
7294,7148
7157,7159
7176,7147
7308,7153
7169,7154
7341,7154
7213,7163
7171,7152
7257,7151
7120,7154
7293,7143
7198,7148
7296,7156
7305,7150
7286,7160
7269,7149
7093,7150
7199,7129
7080,7148
7139,7158
7284,7157
7118,7154
7297,7166
7241,7146
7176,7156
7254,7149
7207,7144
7190,7149
7217,7151
7209,7160
7311,7144
7273,7139
7281,7155
7370,7141
7140,7146
7333,7149
7192,7151
7222,7154
7330,7146
7152,7143
7375,7157
7219,7162
7353,7153
7217,7152
7212,7139
7426,7159
7232,7150
7359,7162
7343,7160
7471,7181
7414,7176
7317,7194
7454,7193
7380,7206
7445,7191
7506,7208
7450,7221
7529,7218
7499,7251
7579,7239
7532,7239
7573,7261
7488,7267
7573,7278
7462,7287
7594,7278
7586,7297
7585,7294
7566,7315
7613,7324
7563,7326
7629,7331
7576,7347
7639,7354
7556,7361
7621,7362
7582,7377
7543,7385
7728,7389
7621,7405
7697,7428
7645,7414
7676,7429
7697,7429
7636,7432
7712,7457
7729,7456
7709,7464
7729,7480
7697,7485
7668,7492
7750,7486
7687,7503
7717,7507
7742,7529
7766,7523
7750,7530
7840,7544
7679,7561
7673,7565
7749,7567
7683,7582
7695,7596
7821,7592
7778,7600
7790,7609
7734,7620
7806,7619
7818,7636
7773,7635
7728,7644
7803,7659
7856,7667
7819,7660
7730,7671
7847,7688
7862,7706
7900,7716
7877,7718
7799,7754
7835,7714
7898,7731
7940,7728
7935,7747
7887,7750
7769,7774
7792,7785
7837,7786
7934,7781
7924,7809
7946,7792
7971,7817
7935,7818
7897,7836
7902,7807
7859,7853
7923,7851
7949,7858
7977,7884
7998,7872
8009,7871
8019,7895
8080,7908
8059,7930
8021,7925
8022,7940
7943,7948
7989,7922
7942,7946
7934,7947
7920,7948
7874,7970
7871,7956
7851,7959
7860,7962
7848,7948
7853,7941
7822,7945
7842,7953
7788,7951
7793,7942
7853,7951
7834,7947
7824,7975
7839,7956
7782,7941
7808,7950
7811,7953
7788,7956
7798,7929
7795,7954
7818,7946
7798,7941
7792,7956
7815,7968
7810,7936
7822,7959
7775,7954
7778,7961
7770,7968
7773,7939
7780,7951
7780,7964
7788,7951
7778,7937
7779,7974
7781,7939
7818,7963
7789,7965
7793,7956
7799,7952
7806,7959
7826,7966
7815,7944
7833,7960
7845,7940
7878,7952
8029,7965
8128,7967
8225,7977
8304,7965
8338,7983
8413,7993
8403,7987
8453,7997
8468,8014
8488,8014
8482,8021
8478,8045
8464,8031
8463,8048
8460,8066
8441,8066
8399,8086
8399,8087
8438,8085
8471,8096
8492,8101
8494,8106
8575,8125
8540,8131
8489,8144
8459,8136
8397,8151
8524,8155
8593,8165
8646,8171
8559,8183
8535,8182
8567,8198
8667,8198
8654,8214
8631,8226
8601,8235
8568,8245
8636,8243
8669,8251
8640,8255
8625,8279
8576,8268
8674,8282
8676,8307
8613,8301
8582,8309
8723,8319
8666,8337
8497,8340
8619,8344
8771,8346
8676,8369
8684,8362
8799,8374
8630,8379
8629,8392
8744,8393
8703,8403
8576,8408
8686,8420
8666,8433
8629,8436
8729,8455
8678,8454
8752,8457
8792,8447
8718,8486
8737,8491
8802,8498
8708,8502
8905,8498
8705,8525
8742,8537
8783,8527
8859,8549
8826,8555
8708,8561
8859,8561
8748,8571
8831,8574
8768,8599
8890,8601
8784,8593
8879,8619
8848,8622
8935,8613
8878,8652
8904,8641
8839,8653
8914,8662
8898,8668
8972,8677
8823,8686
9011,8699
8887,8705
8894,8713
9004,8710
8817,8728
8920,8741
8816,8733
8842,8738
8707,8739
8693,8750
8862,8756
8614,8752
8764,8749
8700,8752
8743,8756
8756,8753
8578,8751
8729,8746
8540,8759
8673,8767
8723,8761
8674,8762
8780,8762
8730,8761
8627,8755
8585,8756
8558,8761
8801,8747
8602,8747
8719,8749
8755,8747
8570,8754
8796,8746
8646,8752
8620,8755
8763,8751
8617,8760
8711,8757
8658,8752
8773,8752
8612,8753
8534,8758
8616,8749
8654,8757
8659,8752
8701,8749
8571,8758
8738,8760
8685,8753
8791,8772
8669,8755
8506,8753
8763,8754
8581,8760
8708,8752
8728,8765
8631,8744
8776,8757
8646,8753
8634,8759
8645,8758
8669,8759
8711,8753
8699,8765
8763,8765
8748,8754
8614,8760
8750,8762
8671,8767
8733,8750
8600,8758
8607,8752
8838,8761
8685,8754
8791,8759
8676,8755
8524,8761
8775,8764
8571,8761
8678,8757
8744,8750
8587,8759
8787,8757
8696,8758
8810,8762
8629,8760
8598,8759
8801,8754
8604,8759
8670,8751
8716,8766
8684,8757
8671,8759
8541,8754
8607,8761
8650,8750
8556,8767
8769,8754
8561,8762
8812,8776
8769,8762
8587,8755
8750,8758
8646,8757
8660,8758
8577,8760
8599,8754
8774,8760
8712,8756
8783,8758
8680,8757
8573,8753
8746,8755
8638,8750
8743,8762
8769,8754
8677,8750
8759,8759
8664,8765
8742,8754
8712,8757
8623,8755
8704,8758
8602,8747
8710,8756
8754,8758
8713,8756
8766,8754
8572,8762
8715,8753
8601,8763
8617,8752
8741,8762
8633,8755
8829,8758
8738,8759
8529,8758
8739,8753
8605,8754
8702,8752
8550,8759
8569,8753
8849,8757
8743,8751
8776,8762
8747,8737
8625,8757
8717,8755
8647,8751
8643,8757
8752,8741
8693,8764
8671,8762
8650,8756
8800,8757
8689,8756
8625,8768
8775,8755
8618,8756
8817,8746
8708,8749
8662,8763
8719,8753
8578,8758
8634,8783
8572,8754
8579,8754
8795,8755
8662,8758
8778,8768
8666,8755
8569,8762
8709,8753
8578,8752
8702,8753
8633,8752
8638,8761
8752,8749
8676,8757
8751,8758
8657,8758
8535,8763
8709,8751
8588,8757
8628,8749
8737,8762
8673,8756
8779,8758
8589,8764
8802,8771
8583,8751
8617,8754
8744,8750
8643,8746
8686,8755
8691,8755
8665,8747
8704,8757
8574,8754
8684,8762
8572,8753
8610,8758
8813,8752
8567,8763
8775,8760
8717,8753
8609,8757
8777,8755
8724,8756
8703,8757
8626,8770
8656,8760
8747,8753
8644,8760
8713,8767
8638,8753
8628,8757
8682,8759
8585,8761
8779,8762
8704,8753
8753,8762
8714,8750
8537,8755
8799,8760
8624,8752
8541,8755
8751,8756
8581,8755
8814,8750
8753,8757
8662,8758
8743,8761
8675,8758
8774,8756
8631,8746
8705,8762
8797,8750
8679,8758
8812,8754
8638,8757
8575,8760
8716,8754
8581,8756
8680,8745
8591,8757
8697,8761
8770,8758
8593,8751
8770,8755
8615,8764
8636,8762
8786,8760
8633,8755
8736,8757
8725,8756
8719,8765
8744,8745
8591,8759
8711,8763
8622,8769
8680,8756
8864,8756
8612,8750
8886,8742
8666,8748
8579,8764
8728,8758
8597,8764
8702,8759
8571,8744
8609,8756
8816,8764
8728,8759
8747,8769
8667,8749
8631,8770
8694,8749
8576,8760
8741,8750
8663,8748
8779,8758
8719,8761
8563,8761
8781,8754
8603,8748
8655,8743
8800,8755
8595,8762
8759,8763
8722,8746
8749,8747
8824,8757
8625,8746
8704,8750
8639,8759
8698,8755
8776,8759
8642,8769
8762,8770
8656,8755
8614,8757
8675,8753
8614,8760
8736,8763
8560,8762
8668,8751
8784,8756
8613,8748
8741,8765
8602,8754
8659,8751
8613,8758
8560,8753
8774,8773
8663,8751
8740,8759
8691,8755
8590,8759
8784,8755
8563,8754
8621,8755
8779,8748
8737,8755
8855,8765
8691,8761
8753,8758
8680,8763
8623,8762
8745,8762
8538,8766
8660,8773
8854,8758
8608,8751
8805,8762
8693,8755
8553,8771
8698,8758
8562,8759
8781,8760
8574,8751
8728,8754
8732,8751
8659,8755
8743,8747
8640,8750
8651,8762
8557,8763
8582,8768
8750,8753
8640,8757
8719,8758
8722,8740
8599,8756
8817,8757
8619,8763
8653,8756
8773,8760
8708,8762
8788,8747
8647,8769
8667,8753
8694,8760
8678,8753
8756,8759
8626,8764
8767,8766
8791,8761
8632,8753
8768,8744
8601,8755
8602,8767
8639,8761
8567,8748
8788,8757
8548,8758
8763,8759
8734,8760
8614,8752
8793,8763
8573,8761
8558,8768
8668,8760
8618,8771
8732,8773
8688,8754
8725,8766
8728,8760
8703,8759
8705,8747
8605,8762
8725,8763
8767,8767
8712,8761
8764,8752
8655,8758
8784,8765
8687,8753
8633,8766
8824,8754
8564,8757
8715,8756
8722,8755
8688,8760
8759,8752
8529,8749
8648,8744
8618,8753
8632,8768
8771,8751
8588,8765
8681,8750
8630,8744
8422,8747
8569,8748
8324,8733
8563,8724
8328,8705
8493,8719
8546,8703
8351,8692
8466,8691
8278,8684
8458,8681
8263,8663
8276,8664
8324,8647
8340,8639
8326,8648
8320,8620
8355,8626
8309,8613
8294,8594
8253,8586
8279,8597
8357,8566
8276,8574
8296,8563
8227,8546
8266,8559
8231,8543
8373,8533
8227,8533
8150,8528
8256,8523
8316,8494
8342,8503
8194,8481
8290,8474
8325,8465
8242,8456
8298,8440
8333,8450
8227,8438
8293,8434
8223,8421
8237,8410
8283,8398
8233,8401
8249,8382
8248,8386
8211,8368
8169,8373
8256,8349
8087,8345
8177,8341
8343,8343
8411,8317
8229,8324
8062,8308
8214,8300
8151,8293
8054,8285
8035,8270
8112,8275
8151,8258
8038,8242
8053,8249
8126,8248
8147,8231
8073,8223
8014,8220
8025,8213
8125,8201
8125,8181
8083,8180
7993,8178
8046,8174
7958,8165
8139,8156
8152,8146
8138,8124
8045,8115
8011,8090
7960,8093
7989,8107
7983,8097
8083,8079
8060,8106
8085,8055
8068,8080
8030,8037
8057,8032
7949,8032
7975,8021
7914,8024
7911,8006
7979,7999
7896,7990
7921,7993
7893,7965
7919,7988
7974,7975
8040,7969
8007,7973
8026,7962
8047,7970
8062,7970
8074,7985
8096,7962
8090,7961
8102,7957
8135,7956
8156,7966
8119,7963
8152,7961
8117,7926
8147,7947
8152,7972
8161,7946
8166,7950
8171,7935
8151,7958
8168,7978
8175,7961
8130,7956
8167,7950
8144,7933
8160,7932
8154,7943
8136,7982
8182,7960
8184,7954
8144,7935
8174,7963
8147,7945
8191,7958
8148,7954
8174,7949
8156,7948
8167,7949
8147,7956
8192,7954
8131,7966
8145,7948
8135,7940
8158,7941
8152,7953
8128,7936
8108,7969
8094,7958
8038,7955
7895,7945
7762,7946
7688,7946
7581,7941
7592,7925
7513,7910
7512,7907
7504,7941
7409,7896
7426,7898
7430,7883
7427,7875
7434,7871
7433,7860
7419,7840
7455,7851
7464,7847
7467,7835
7466,7824
7373,7816
7357,7813
7291,7791
7367,7782
7361,7787
7400,7775
7400,7769
7431,7748
7425,7744
7340,7739
7323,7743
7349,7725
7396,7727
7440,7711
7338,7704
7308,7685
7318,7686
7381,7682
7398,7671
7313,7670
7232,7649
7302,7641
7324,7641
7349,7628
7313,7616
7353,7612
7254,7610
7442,7599
7052,7580
7177,7580
7271,7571
7085,7565
7271,7553
7228,7548
7269,7547
7123,7536
7175,7529
7224,7519
7151,7506
7194,7502
7242,7496
7075,7499
7211,7476
7172,7463
7116,7460
7241,7445
7125,7452
7115,7439
7254,7435
7068,7428
7180,7408
7185,7410
7109,7402
7195,7389
7123,7389
7194,7383
7019,7362
7108,7355
7149,7345
7091,7337
7154,7336
7070,7323
7163,7308
7073,7306
7102,7297
6962,7291
7124,7290
7006,7286
7084,7272
6966,7272
7036,7263
6980,7236
7092,7234
7028,7238
7081,7210
6957,7223
6922,7201
7025,7199
6962,7189
7017,7178
7013,7175
7063,7193
7099,7173
7184,7168
7241,7166
7013,7167
7118,7166
7125,7159
7115,7160
7214,7164
7147,7160
7284,7151
7095,7152
7273,7159
7186,7157
7039,7167
7168,7158
7061,7154
7179,7159
7149,7152
7168,7160
7369,7160
7285,7156
7304,7153
7349,7146
7129,7151
7368,7161
7145,7157
7249,7149
7318,7152
7196,7149
7333,7147
7271,7148
7328,7148
7208,7154
7192,7157
7279,7156
7149,7153
7210,7157
7357,7141
7199,7148
7347,7141
7174,7166
7180,7171
7249,7156
7165,7142
7151,7152
7139,7155
7282,7153
7190,7145
7111,7160
7267,7158
7192,7144
7237,7146
7169,7158
7158,7156
7232,7157
7137,7161
7239,7144
7149,7157
7048,7159
7201,7151
7082,7146
7194,7162
7330,7146
7172,7147
7293,7139
7141,7145
7132,7152
7298,7152
7144,7161
7340,7148
7113,7156
7312,7160
7281,7159
7112,7153
7222,7153
7088,7153
7214,7143
7187,7149
7172,7148
7287,7155
7233,7142
7280,7153
7346,7144
7177,7148
7348,7164
7183,7155
7290,7166
7287,7147
7166,7145
7326,7145
7241,7149
7252,7160
7221,7155
7211,7151
7305,7150
7121,7159
7281,7148
7307,7168
7286,7157
7376,7160
7123,7153
7167,7162
7195,7150
7169,7154
7224,7149
7098,7150
7265,7154
7233,7148
7114,7159
7221,7149
7263,7157
7244,7157
7248,7162
7232,7151
7234,7149
7207,7143
7290,7157
7177,7153
7103,7154
7249,7158
7132,7148
7240,7161
7341,7155
7157,7161
7275,7158
7191,7148
7317,7148
7189,7159
7177,7150
7346,7149
7127,7149
7324,7147
7200,7162
7337,7151
7238,7149
7074,7159
7165,7154
7152,7158
7189,7160
7239,7164
7215,7148
7297,7163
7283,7151
7135,7148
7245,7150
7139,7156
7204,7160
7095,7158
7175,7147
7299,7147
7319,7158
7260,7175
7263,7142
7208,7152
7219,7157
7195,7158
7246,7148
7268,7150
7262,7149
7348,7154
7125,7147
7292,7160
7134,7138
7185,7159
7294,7155
7090,7142
7243,7151
7213,7157
7224,7158
7250,7160
7207,7160
7179,7148
7246,7157
7155,7154
7229,7161
7121,7165
7315,7154
7184,7140
7141,7157
7166,7151
7123,7164
7234,7157
7157,7151
7167,7162
7332,7159
7247,7142
7328,7159
7255,7150
7132,7153
7232,7156
7128,7150
7251,7153
7230,7154
7268,7158
7215,7149
7090,7158
7245,7159
7152,7150
7175,7156
7225,7162
7202,7159
7255,7146
7180,7163
7255,7153
7217,7142
7108,7143
7299,7140
7115,7151
7260,7151
7296,7148
7183,7156
7314,7152
7308,7150
7091,7154
7248,7147
7156,7155
7246,7150
7182,7148
7277,7155
7320,7157
7138,7148
7320,7154
7126,7147
7262,7146
7088,7153
7099,7160
7329,7161
7268,7152
7232,7153
7296,7155
7161,7146
7298,7153
7252,7150
7168,7151
7224,7157
7140,7164
7307,7152
7244,7149
7270,7156
7232,7146
7212,7156
7194,7161
7227,7169
7283,7164
7279,7161
7167,7156
7263,7152
7174,7151
7113,7158
7235,7166
7182,7158
7346,7161
7097,7147
7244,7158
7193,7158
7063,7160
7238,7144
7082,7147
7154,7153
7179,7175
7142,7150
7202,7152
7184,7150
7267,7155
7186,7133
7146,7165
7308,7159
7200,7152
7184,7169
7292,7141
7160,7165
7337,7160
7255,7149
7306,7148
7310,7149
7141,7157
7211,7162
7149,7158
7196,7153
7313,7146
7176,7150
7280,7159
7152,7152
7221,7158
7126,7157
7147,7164
7248,7160
7103,7153
7258,7144
7196,7137
7158,7151
7186,7155
7183,7151
7198,7166
7170,7161
7144,7147
7295,7164
7175,7150
7248,7157
7224,7160
7103,7165
7326,7145
7149,7152
7265,7154
7307,7149
7107,7160
7342,7160
7218,7156
7382,7154
7257,7157
7079,7165
7370,7155
7065,7151
7281,7152
7274,7161
7214,7151
7249,7166
7139,7157
7164,7157
7190,7166
7120,7156
7207,7157
7219,7150
7200,7162
7240,7159
7219,7153
7320,7152
7256,7156
7188,7158
7284,7155
7221,7155
7307,7173
7183,7157
7330,7153
7278,7151
7061,7159
7265,7157
7145,7160
7151,7160
7345,7150
7155,7169
7402,7155
7206,7164
7163,7154
7140,7155
7129,7162
7303,7154
7105,7165
7284,7161
7268,7161
7210,7155
7226,7151
7170,7153
7299,7144
7183,7148
7187,7158
7304,7157
7300,7158
7196,7143
7277,7148
7136,7153
7390,7155
7224,7142
7171,7157
7233,7159
7183,7146
7290,7155
7207,7153
7357,7158
7233,7168
7088,7161
7402,7152
7155,7156
7336,7163
7254,7154
7211,7157
7287,7153
7158,7154
7149,7156
7154,7154
7162,7156
7297,7140
7193,7150
7255,7164
7273,7151
7177,7148
7287,7160
7213,7149
7129,7168
7236,7150
7151,7152
7309,7155
7275,7159
7315,7160
7191,7153
7139,7151
7348,7157
7173,7149
7215,7165
7342,7155
7205,7156
7397,7156
7253,7157
7390,7166
7284,7166
7321,7157
7425,7178
7346,7173
7412,7177
7456,7179
7540,7187
7445,7204
7478,7202
7521,7216
7412,7209
7483,7227
7496,7238
7556,7247
7489,7254
7580,7263
7550,7269
7573,7277
7557,7277
7582,7290
7587,7303
7617,7319
7574,7308
7582,7332
7594,7321
7651,7341
7599,7359
7649,7346
7584,7363
7597,7375
7566,7375
7605,7379
7699,7399
7614,7404
7684,7426
7662,7428
7680,7412
7584,7438
7676,7440
7725,7461
7670,7450
7730,7457
7748,7479
7701,7487
7762,7496
7776,7496
7699,7505
7745,7502
7806,7525
7616,7536
7687,7534
7674,7541
7819,7554
7684,7551
7789,7574
7762,7600
7737,7592
7839,7593
7756,7603
7765,7619
7838,7615
7886,7631
7818,7635
7775,7642
7796,7631
7863,7653
7797,7675
7819,7691
7788,7682
7857,7683
7915,7707
7941,7695
7831,7711
7831,7733
7855,7733
7896,7747
7941,7735
7975,7738
7831,7760
7826,7790
7833,7790
7802,7775
7953,7800
7889,7779
7973,7805
7877,7845
7926,7811
7910,7830
7881,7825
7875,7821
7916,7861
7957,7867
7993,7877
8018,7872
7993,7895
8029,7907
8080,7924
8060,7910
8027,7947
7994,7931
7998,7947
7916,7938
7886,7931
7922,7940
7903,7934
7897,7933
7839,7938
7872,7953
7850,7969
7910,7948
7851,7959
7836,7942
7826,7937
7833,7933
7805,7961
7837,7962
7833,7958
7805,7967
7809,7951
7831,7945
7814,7948
7787,7943
7807,7956
7813,7953
7814,7948
7821,7967
7778,7935
7781,7950
7803,7945
7801,7965
7819,7964
7787,7959
7793,7940
7780,7963
7757,7963
7779,7970
7797,7952
7774,7959
7781,7962
7779,7947
7781,7950
7804,7958
7782,7966
7791,7965
7785,7963
7810,7947
7803,7947
7809,7956
7816,7948
7894,7961
7943,7932
8079,7937
8152,7964
8224,7982
8354,7971
8421,7971
8390,7993
8427,7991
8445,7993
8441,8025
8497,8023
8508,8031
8472,8040
8454,8042
8486,8057
8454,8059
8426,8071
8399,8074
8436,8079
8473,8073
8504,8095
8505,8106
8558,8119
8505,8131
8523,8126
8425,8137
8445,8144
8468,8151
8631,8161
8642,8168
8632,8178
8612,8181
8518,8194
8574,8195
8651,8209
8674,8233
8619,8216
8590,8224
8562,8249
8636,8253
8686,8261
8636,8275
8554,8267
8643,8282
8700,8290
8652,8303
8570,8319
8638,8312
8636,8324
8655,8324
8467,8320
8676,8339
8699,8351
8490,8365
8582,8373
8692,8378
8722,8388
8640,8404
8759,8401
8665,8409
8647,8418
8715,8432
8666,8446
8681,8442
8799,8449
8653,8464
8698,8458
8784,8473
8687,8484
8764,8500
8671,8503
8705,8512
8793,8518
8731,8520
8857,8526
8656,8537
8799,8557
8794,8562
8816,8561
8802,8572
8840,8571
8902,8581
8784,8600
8878,8600
8805,8618
8917,8624
8879,8622
8859,8633
8869,8646
8904,8639
8850,8653
8939,8664
8900,8680
8931,8674
8927,8690
8916,8702
8963,8703
8872,8715
8929,8736
8816,8727
8785,8733
8824,8750
8824,8745
8853,8746
8611,8746
8845,8747
8663,8745
8743,8754
8822,8751
8621,8766
8753,8758
8716,8762
8730,8752
8709,8758
8593,8766
8768,8762
8592,8754
8753,8752
8805,8757
8624,8756
8745,8757
8612,8764
8643,8757
8635,8753
8577,8757
8658,8756
8597,8757
8641,8752
8694,8759
8646,8752
8736,8756
8601,8744
8593,8759
8604,8764
8595,8754
8744,8737
8574,8755
8720,8752
8652,8758
8554,8755
8688,8762
8525,8755
8590,8754
8787,8755
8622,8770
8807,8766
8710,8757
8803,8755
8759,8745
8580,8760
8770,8749
8573,8761
8716,8750
8744,8760
8647,8756
8738,8763
8668,8763
8631,8750
8643,8752
8644,8754
8771,8757
8606,8757
8727,8758
8650,8759
8540,8756
8722,8764
8551,8753
8661,8758
8648,8758
8662,8777
8751,8759
8739,8760
8697,8750
8695,8754
8556,8753
8675,8763
8575,8750
8767,8755
8844,8755
8654,8753
8844,8753
8618,8745
8821,8750
8616,8761
8525,8757
8617,8767
8579,8749
8655,8759
8754,8749
8672,8758
8790,8752
8594,8762
8625,8754
8659,8741
8620,8747
8770,8757
8571,8752
8736,8753
8734,8762
8594,8754
8765,8763
8603,8757
8635,8750
8650,8751
8649,8761
8784,8753
8698,8767
8840,8763
8803,8765
8629,8757
8720,8763
8582,8749
8719,8757
8780,8760
8630,8762
8717,8748
8657,8751
8716,8761
8630,8748
8651,8747
8766,8754
8611,8762
8729,8759
8707,8741
8831,8773
8741,8756
8579,8757
8683,8751
8615,8754
8626,8761
8778,8751
8522,8748
8773,8753
8783,8756
8550,8755
8741,8746
8622,8753
8706,8772
8630,8755
8684,8754
8815,8757
8648,8758
8776,8765
8738,8749
8628,8740
8702,8744
8595,8755
8675,8750
8782,8748
8664,8753
8723,8768
8572,8751
8668,8752
8609,8758
8631,8756
8764,8748
8591,8760
8781,8750
8717,8756
8765,8761
8764,8753
8595,8748
8697,8767
8582,8754
8629,8755
8747,8757
8602,8745
8803,8762
8729,8754
8545,8754
8774,8750
8576,8759
8654,8750
8616,8759
8597,8749
8737,8755
8670,8756
8750,8770
8781,8749
8643,8741
8751,8761
8613,8738
8685,8757
8714,8755
8674,8745
8707,8748
8534,8766
8696,8758
8565,8758
8590,8765
8790,8770
8598,8759
8802,8755
8711,8768
8800,8761
8748,8763
8598,8752
8599,8754
8701,8763
8685,8760
8775,8752
8634,8758
8755,8752
8670,8761
8633,8754
8653,8749
8602,8755
8737,8744
8544,8752
8705,8759
8814,8747
8639,8755
8782,8761
8647,8759
8649,8763
8646,8757
8583,8752
8789,8764
8762,8751
8695,8754
8741,8753
8557,8761
8768,8762
8587,8754
8608,8758
8744,8759
8632,8748
8777,8754
8665,8749
8854,8766
8744,8761
8600,8767
8766,8750
8650,8766
8670,8756
8768,8759
8603,8758
8815,8762
8754,8757
8609,8747
8715,8767
8559,8763
8713,8765
8589,8750
8682,8750
8753,8761
8594,8755
8737,8754
8586,8748
8625,8756
8667,8746
8596,8749
8791,8758
8720,8748
8711,8751
8690,8749
8540,8752
8843,8763
8649,8763
8602,8751
8750,8766
8617,8755
8773,8748
8693,8747
8720,8756
8703,8770
8628,8758
8713,8767
8639,8762
8753,8770
8813,8759
8646,8758
8777,8758
8640,8757
8654,8761
8652,8750
8622,8756
8809,8766
8586,8756
8807,8763
8768,8755
8561,8766
8817,8751
8616,8757
8586,8764
8658,8751
8626,8755
8768,8756
8727,8756
8824,8766
8763,8754
8637,8752
8796,8760
8624,8755
8649,8760
8734,8749
8614,8752
8842,8754
8722,8758
8590,8758
8738,8757
8609,8745
8761,8757
8575,8756
8732,8758
8784,8749
8606,8752
8737,8754
8648,8757
8699,8752
8687,8759
8577,8752
8740,8755
8736,8756
8739,8758
8670,8752
8594,8761
8776,8757
8548,8742
8629,8761
8773,8759
8653,8755
8746,8750
8728,8754
8757,8750
8683,8757
8603,8761
8674,8757
8690,8761
8659,8752
8773,8760
8642,8763
8798,8751
8665,8751
8630,8761
8667,8753
8622,8751
8759,8754
8593,8756
8751,8755
8711,8751
8548,8761
8732,8758
8659,8766
8677,8743
8622,8753
8561,8757
8757,8756
8815,8759
8657,8763
8672,8756
8650,8751
8705,8753
8651,8758
8666,8757
8670,8760
8663,8756
8732,8749
8635,8752
8806,8761
8695,8756
8561,8751
8761,8748
8601,8756
8770,8753
8792,8763
8666,8757
8796,8770
8625,8750
8629,8747
8662,8755
8528,8765
8704,8749
8588,8765
8699,8758
8710,8764
8583,8755
8765,8754
8616,8747
8655,8754
8581,8755
8638,8751
8784,8767
8745,8751
8745,8752
8733,8756
8600,8761
8787,8765
8656,8765
8645,8759
8718,8761
8649,8753
8740,8760
8646,8754
8813,8764
8641,8756
8623,8762
8776,8762
8639,8743
8805,8752
8711,8761
8732,8759
8743,8772
8623,8751
8642,8756
8532,8750
8423,8747
8602,8745
8526,8737
8701,8741
8514,8729
8315,8714
8539,8720
8395,8718
8539,8711
8294,8686
8430,8696
8459,8677
8284,8672
8498,8655
8388,8658
8393,8648
8345,8637
8357,8613
8290,8627
8308,8616
8334,8616
8312,8603
8232,8587
8265,8592
8286,8577
8264,8569
8293,8562
8246,8548
8295,8548
8147,8540
8284,8528
8161,8518
8210,8517
8321,8501
8285,8485
8257,8478
8222,8467
8344,8484
8308,8463
8262,8462
8289,8451
8267,8443
8283,8428
8285,8430
8230,8421
8263,8406
8239,8399
8253,8391
8256,8386
8306,8383
8286,8371
8144,8360
8269,8359
8149,8350
8320,8334
8380,8336
8390,8318
8045,8325
7996,8305
8278,8310
8202,8284
8074,8286
8111,8269
8204,8252
8108,8251
8071,8263
8070,8240
8164,8234
8110,8228
8067,8210
8012,8224
8100,8202
8118,8197
8186,8188
8081,8160
8018,8161
7987,8167
8006,8148
8130,8124
8190,8143
8045,8125
8038,8125
7984,8149
8022,8099
7987,8115
8002,8088
8019,8072
8110,8072
8090,8073
8048,8066
8030,8042
8025,8027
7957,8029
7962,8016
7933,8012
7933,8027
7883,8003
7952,7981
7982,8002
8003,7978
7979,7966
7998,7967
7997,7968
8063,7955
8007,7969
8057,7952
8100,7956
8064,7957
8089,7973
8122,7935
8134,7969
8131,7975
8112,7968
8119,7955
8171,7953
8141,7938
8166,7965
8151,7969
8162,7951
8143,7947
8140,7948
8166,7964
8145,7959
8149,7950
8184,7949
8160,7962
8139,7958
8166,7942
8175,7978
8173,7954
8144,7973
8166,7971
8160,7962
8170,7962
8167,7946
8135,7965
8172,7960
8151,7955
8133,7948
8179,7962
8187,7957
8146,7958
8139,7956
8165,7948
8156,7969
8126,7961
8120,7938
8119,7967
8107,7969
8070,7973
8011,7953
7843,7937
7700,7948
7632,7946
7530,7930
7493,7930
7478,7933
7399,7917
7416,7909
7418,7894
7393,7903
7434,7894
7417,7865
7426,7876
7444,7859
7436,7851
7445,7852
7514,7840
7476,7818
7413,7817
7372,7815
7320,7805
7337,7801
7380,7783
7380,7764
7425,7763
7385,7775
7437,7750
7340,7745
7286,7740
7314,7745
7345,7725
7399,7723
7388,7711
7349,7692
7296,7698
7297,7679
7435,7668
7410,7676
7248,7668
7274,7651
7277,7653
7395,7636
7285,7619
7190,7612
7313,7605
7327,7621
7268,7594
7053,7588
7267,7573
7241,7570
7049,7564
7217,7561
7195,7542
7215,7541
7104,7530
7197,7527
7198,7516
7132,7515
7135,7494
7172,7493
7142,7495
7180,7478
7139,7446
7170,7468
7247,7452
7138,7444
7208,7438
7169,7430
7155,7409
7190,7398
7047,7417
7216,7389
7209,7395
7070,7375
7175,7375
7062,7351
7167,7360
7071,7343
7151,7348
7131,7322
7091,7328
7121,7314
7028,7310
7054,7303
7073,7300
7062,7283
7071,7277
7041,7256
7015,7256
7027,7255
6996,7252
7019,7224
6958,7226
7044,7212
6998,7215
6905,7209
7024,7197
6945,7185
7006,7183
7039,7181
7024,7182
7009,7172
7007,7161
7176,7168
7072,7165
7066,7153
7185,7163
7177,7159
7189,7161
7121,7153
7151,7163
7153,7163
7139,7147
7350,7150
7107,7156
7320,7166
7173,7166
7085,7156
7284,7155
7140,7152
7154,7158
7203,7150
7207,7158
7290,7157
7264,7151
7357,7174
7300,7148
7162,7157
7307,7150
7127,7145
7257,7158
7430,7157
7228,7150
7399,7153
7285,7148
7293,7163
7281,7143
7173,7180
7275,7149
7215,7162
7308,7165
7260,7141
7304,7151
7338,7164
7121,7159
7143,7158
7158,7147
7169,7154
7148,7161
7180,7146
7263,7151
7260,7162
7111,7159
7310,7156
7085,7163
7179,7161
7112,7163
7152,7150
7325,7146
7188,7154
7280,7147
7278,7147
7143,7152
7251,7149
7159,7160
7222,7157
7349,7150
7165,7146
7377,7159
7161,7147
7361,7156
7222,7148
7101,7154
7308,7151
7086,7153
7210,7148
7229,7140
7297,7151
7343,7150
7170,7164
7129,7158
7262,7141
7261,7155
7264,7154
7276,7161
7239,7157
7268,7146
7117,7152
7224,7151
7088,7154
7222,7159
7190,7164
7204,7157
7316,7142
7184,7149
7351,7157
7247,7156
7100,7157
7280,7157
7148,7158
7319,7163
7258,7150
7258,7158
7299,7149
7085,7157
7262,7147
7024,7155
7120,7157
7280,7156
7118,7162
7194,7155
7179,7157
7329,7151
7273,7145
7099,7151
7150,7156
7156,7151
7174,7154
7308,7155
7073,7162
7292,7150
7262,7150
7130,7167
7307,7151
7160,7152
7214,7170
7113,7161
7201,7148
7295,7159
7154,7147
7333,7160
7162,7150
7198,7162
7152,7158
7163,7158
7313,7153
7279,7158
7260,7163
7273,7148
7153,7150
7287,7154
7191,7152
7186,7148
7241,7155
7180,7163
7170,7153
7241,7152
7333,7155
7270,7155
7144,7143
7222,7156
7193,7157
7213,7153
7320,7148
7156,7162
7343,7152
7296,7160
7145,7155
7268,7157
7114,7155
7283,7150
7100,7148
7253,7161
7297,7147
7153,7160
7159,7155
7095,7146
7156,7151
7132,7162
7161,7146
7205,7148
7168,7152
7198,7156
7148,7162
7195,7157
7221,7138
7106,7155
7223,7153
7284,7152
7153,7152
7290,7148
7203,7156
7283,7151
7353,7152
7101,7154
7193,7149
7160,7149
7194,7159
7277,7154
7172,7152
7329,7148
7253,7146
7241,7149
7139,7148
7131,7166
7305,7156
7092,7130
7236,7158
7269,7157
7124,7162
7247,7165
7182,7152
7228,7151
7243,7147
7183,7148
7212,7152
7281,7164
7308,7158
7254,7160
7201,7155
7264,7140
7243,7157
7178,7161
7304,7157
7159,7150
7315,7162
7230,7153
7264,7156
7272,7153
7059,7170
7250,7151
7116,7156
7202,7159
7319,7150
7229,7158
7272,7154
7209,7143
7160,7149
7211,7150
7160,7148
7215,7164
7131,7147
7167,7146
7209,7163
7236,7150
7202,7159
7200,7150
7228,7173
7233,7144
7142,7158
7250,7158
7224,7159
7273,7159
7299,7150
7120,7151
7265,7154
7191,7127
7194,7158
7284,7155
7232,7159
7289,7140
7224,7164
7310,7157
7175,7154
7151,7158
7294,7154
7078,7150
7245,7149
7238,7146
7242,7154
7209,7153
7175,7150
7284,7146
7193,7138
7188,7164
7285,7147
7086,7149
7334,7136
7287,7155
7158,7165
7371,7144
7212,7167
7107,7150
7252,7143
7131,7153
7257,7161
7182,7161
7214,7148
7279,7150
7141,7136
7259,7149
7177,7143
7295,7150
7325,7159
7221,7155
7287,7160
7157,7150
7219,7159
7191,7166
7120,7142
7222,7155
7145,7152
7198,7144
7276,7159
7176,7161
7224,7149
7165,7153
7221,7155
7185,7147
7141,7155
7283,7145
7204,7153
7231,7157
7219,7154
7097,7146
7253,7162
7114,7154
7171,7158
7146,7153
7144,7149
7348,7148
7183,7145
7378,7154
7225,7153
7131,7154
7227,7157
7108,7162
7239,7152
7294,7153
7193,7160
7220,7147
7196,7164
7175,7147
7182,7160
7256,7146
7237,7150
7133,7149
7307,7141
7248,7153
7219,7163
7315,7155
7165,7152
7153,7157
7199,7157
7162,7157
7288,7161
7162,7145
7364,7155
7308,7145
7225,7154
7347,7150
7187,7152
7274,7148
7125,7161
7258,7159
7316,7149
7129,7156
7364,7160
7229,7150
7142,7152
7228,7138
7134,7149
7261,7144
7299,7150
7287,7164
7283,7159
7218,7151
7286,7160
7303,7148
7133,7154
7210,7159
7142,7155
7211,7143
7295,7143
7230,7167
7225,7148
7132,7146
7241,7151
7135,7153
7200,7148
7318,7149
7161,7156
7393,7160
7224,7157
7163,7147
7175,7144
7085,7148
7283,7148
7103,7151
7219,7158
7267,7158
7283,7159
7216,7133
7257,7150
7231,7156
7238,7157
7181,7151
7278,7149
7338,7160
7205,7160
7320,7157
7106,7147
7178,7149
7152,7145
7113,7150
7282,7162
7111,7146
7256,7155
7381,7145
7207,7160
7279,7169
7172,7156
7241,7160
7214,7145
7373,7159
7381,7161
7317,7170
7483,7171
7328,7178
7348,7176
7442,7189
7399,7194
7476,7199
7484,7204
7539,7215
7499,7231
7505,7233
7466,7245
7537,7246
7561,7258
7476,7265
7533,7268
7567,7279
7582,7299
7589,7287
7621,7294
7570,7318
7622,7310
7575,7332
7618,7331
7601,7341
7623,7348
7639,7358
7622,7362
7632,7370
7552,7386
7728,7391
7649,7399
7649,7413
7673,7403
7622,7426
7704,7433
7686,7451
7678,7450
7718,7449
7663,7455
7692,7472
7737,7498
7721,7488
7728,7496
7689,7514
7700,7510
7773,7519
7717,7529
7695,7530
7867,7540
7710,7560
7756,7556
7715,7576
7808,7576
7676,7579
7725,7589
7823,7589
7823,7600
7716,7611
7782,7638
7871,7618
7788,7623
7745,7655
7798,7657
7828,7645
7795,7642
7795,7696
7761,7693
7855,7686
7923,7700
7910,7704
7807,7727
7787,7713
7896,7744
7901,7723
7963,7750
7934,7763
7796,7747
7797,7791
7864,7784
7942,7779
7886,7783
7997,7821
7970,7810
7902,7846
7914,7821
7874,7819
7876,7853
7878,7870
7922,7856
7961,7897
8020,7887
7961,7887
8028,7906
8052,7871
8062,7902
8018,7915
8031,7945
7954,7912
7973,7929
7963,7939
7935,7926
7920,7964
7881,7938
7888,7949
7877,7961
7814,7945
7873,7960
7876,7951
7829,7931
7824,7946
7836,7943
7841,7967
7842,7955
7843,7942
7814,7948
7785,7933
7857,7956
7833,7946
7807,7960
7783,7940
7797,7966
7791,7954
7815,7945
7795,7949
7809,7958
7785,7949
7800,7988
7815,7963
7787,7944
7786,7939
7780,7955
7772,7936
7775,7967
7775,7981
7805,7943
7748,7964
7777,7934
7789,7970
7771,7956
7768,7936
7792,7942
7796,7959
7806,7931
7805,7962
7793,7972
7809,7968
7858,7954
7915,7967
7970,7965
8114,7968
8129,7964
8274,7979
8299,7974
8406,7982
8445,7995
8437,7994
8475,8003
8469,8017
8450,8022
8489,8039
8425,8038
8467,8038
8444,8055
8439,8071
8413,8060
8409,8078
8430,8080
8488,8094
8490,8100
8549,8107
8520,8104
8547,8120
8529,8133
8451,8144
8427,8142
8418,8150
8624,8157
8639,8170
8613,8170
8552,8182
8558,8178
8585,8208
8668,8202
8656,8218
8573,8228
8589,8235
8620,8238
8666,8249
8662,8254
8590,8264
8563,8268
8655,8282
8717,8297
8652,8293
8608,8297
8724,8312
8679,8323
8532,8324
8558,8337
8667,8346
8792,8353
8659,8349
8610,8376
8753,8379
8621,8390
8711,8387
8763,8403
8629,8413
8642,8422
8740,8423
8605,8452
8684,8449
8721,8444
8620,8449
8729,8468
8761,8492
8706,8477
8779,8479
8723,8499
8868,8489
8833,8516
8747,8526
8867,8543
8745,8525
8858,8536
8730,8552
8862,8556
8808,8571
8796,8575
8872,8584
8860,8593
8875,8597
8780,8608
8865,8618
8823,8625
8925,8646
8857,8650
8851,8646
8871,8662
8892,8659
8923,8688
8776,8678
8883,8692
8854,8700
8956,8710
8903,8714
8941,8726
8948,8718
8817,8720
8852,8738
8690,8744
8812,8751
8602,8743
8740,8752
8753,8754
8646,8750
8808,8755
8653,8750
8598,8755
8682,8747
8653,8740
8765,8754
8632,8760
8730,8753
8670,8756
8562,8754
8795,8761
8555,8761
8619,8758
8813,8756
8647,8754
8737,8746
8729,8749
8672,8756
8676,8756
8708,8760
8776,8763
8608,8756
8650,8759
8735,8746
8663,8759
8728,8775
8504,8759
8596,8762
8512,8752
8611,8742
8790,8753
8502,8747
8714,8752
8766,8749
8586,8759
8781,8764
8559,8752
8667,8748
8661,8748
8729,8758
8827,8747
8650,8757
8826,8766
8648,8742
8605,8751
8738,8756
8543,8753
8652,8757
8807,8755
8579,8764
8795,8754
8743,8757
8755,8760
8692,8753
8634,8746
8826,8751
8637,8770
8740,8769
8675,8747
8674,8760
8736,8761
8606,8756
8610,8759
8638,8749
8623,8761
8805,8761
8622,8750
8735,8749
8765,8759
8562,8757
8815,8757
8541,8750
8718,8752
8634,8767
8704,8757
8740,8762
8637,8756
8715,8752
8706,8758
8631,8751
8724,8759
8599,8754
8682,8752
8767,8757
8621,8745
8803,8751
8587,8764
8753,8757
8603,8747
8652,8760
8782,8759
8532,8754
8733,8759
8770,8764
8654,8766
8810,8743
8530,8769
8587,8762
8671,8761
8638,8764
8754,8733
8644,8758
8765,8749
8689,8759
8598,8762
8704,8752
8577,8755
8730,8765
8584,8756
8701,8757
8837,8761
8664,8752
8803,8765
8662,8757
8589,8748
8645,8756
8642,8767
8754,8749
8759,8755
8693,8759
8771,8754
8618,8754
8816,8758
8676,8759
8651,8761
8829,8750
8603,8750
8689,8759
8717,8747
8777,8760
8783,8769
8567,8752
8730,8757
8644,8762
8665,8755
8749,8765
8629,8764
8680,8761
8714,8749
8650,8762
8762,8757
8675,8759
8709,8772
8574,8755
8661,8765
8809,8761
8582,8765
8749,8758
8587,8752
8691,8756
8604,8749
8562,8753
8740,8756
8724,8743
8730,8754
8762,8756
8546,8761
8788,8756
8640,8746
8578,8751
8825,8747
8594,8747
8736,8758
8694,8752
8682,8761
8728,8754
8595,8763
8711,8746
8604,8754
8661,8757
8751,8755
8626,8752
8759,8763
8677,8755
8541,8754
8702,8762
8567,8752
8681,8764
8537,8752
8694,8770
8849,8762
8633,8756
8791,8758
8635,8738
8620,8766
8650,8761
8549,8756
8703,8766
8722,8756
8753,8752
8743,8762
8545,8753
8771,8767
8632,8753
8665,8754
8798,8754
8652,8753
8754,8762
8679,8764
8791,8759
8793,8766
8594,8760
8745,8756
8580,8745
8720,8753
8819,8754
8681,8749
8772,8764
8619,8761
8648,8759
8665,8756
8587,8764
8638,8753
8651,8754
8739,8761
8795,8751
8569,8749
8764,8755
8555,8752
8640,8757
8674,8748
8589,8758
8824,8764
8732,8760
8758,8751
8759,8752
8647,8755
8787,8757
8650,8755
8663,8753
8716,8750
8676,8755
8782,8752
8672,8759
8608,8758
8710,8760
8611,8754
8789,8763
8519,8762
8757,8753
8814,8767
8612,8751
8770,8760
8615,8750
8574,8763
8714,8751
8568,8766
8652,8763
8748,8753
8740,8757
8816,8761
8626,8754
8794,8756
8663,8754
8639,8760
8783,8746
8636,8755
8740,8746
8667,8757
8788,8756
8741,8757
8637,8763
8739,8752
8657,8758
8740,8764
8777,8758
8737,8760
8797,8770
8630,8760
8580,8752
8698,8757
8618,8753
8774,8767
8545,8758
8686,8752
8789,8759
8597,8754
8722,8754
8618,8754
8687,8748
8639,8751
8625,8750
8827,8763
8747,8762
8767,8759
8740,8765
8589,8758
8746,8769
8635,8744
8595,8759
8745,8759
8632,8762
8748,8753
8706,8757
8777,8755
8699,8759
8631,8777
8752,8765
8575,8760
8717,8759
8728,8768
8723,8762
8735,8756
8529,8751
8616,8765
8656,8757
8611,8761
8772,8754
8511,8761
8718,8764
8812,8748
8582,8747
8797,8768
8612,8753
8699,8755
8608,8751
8619,8751
8727,8756
8688,8750
8738,8759
8691,8755
8581,8752
8770,8763
8632,8756
8661,8767
8744,8750
8710,8756
8804,8752
8610,8757
8828,8767
8709,8748
8629,8756
8747,8758
8521,8759
8680,8753
8818,8753
8635,8755
8737,8768
8662,8753
8711,8746
8671,8763
8648,8766
8772,8761
8619,8766
8790,8770
8737,8750
8558,8770
8711,8767
8554,8759
8675,8768
8603,8753
8562,8749
8785,8765
8663,8763
8754,8760
8646,8763
8571,8756
8752,8763
8545,8755
8657,8765
8720,8754
8729,8763
8813,8751
8662,8753
8787,8761
8717,8760
8647,8757
8692,8754
8566,8760
8760,8757
8897,8749
8634,8756
8739,8757
8646,8759
8645,8752
8685,8769
8593,8765
8712,8756
8654,8753
8676,8758
8719,8753
8614,8760
8681,8754
8652,8768
8664,8754
8661,8758
8694,8763
8777,8760
8566,8770
8775,8762
8623,8747
8528,8757
8651,8751
8559,8763
8720,8751
8754,8742
8665,8747
8755,8754
8555,8746
8614,8747
8526,8721
8401,8724
8625,8733
8415,8703
8626,8700
8429,8704
8491,8699
8380,8685
8241,8684
8599,8678
8236,8663
8442,8672
8443,8655
8367,8631
8360,8631
8384,8632
8326,8633
8358,8624
8279,8612
8299,8598
8224,8596
8383,8598
8327,8575
8330,8566
8304,8557
8253,8565
8265,8537
8291,8528
8296,8533
8168,8519
8261,8513
8277,8502
8249,8496
8290,8471
8233,8473
8357,8479
8212,8461
8304,8449
8357,8450
8283,8426
8325,8423
8210,8435
8246,8417
8284,8405
8207,8394
8248,8389
8292,8391
8243,8367
8178,8355
8223,8343
8221,8352
8232,8332
8238,8350
8418,8323
8280,8299
7976,8321
8145,8303
8118,8308
8053,8288
8091,8280
8151,8270
8160,8258
8077,8253
8058,8258
8091,8250
8171,8233
8079,8218
8041,8212
8004,8202
8112,8190
8128,8188
8109,8185
8079,8178
8021,8171
8013,8175
8070,8149
8187,8136
8148,8140
7993,8135
7926,8139
8014,8116
7992,8109
7965,8102
8070,8092
8042,8088
8098,8068
8064,8066
8060,8044
8028,8048
7965,8044
7969,8017
7925,8027
7916,8027
7922,8013
7891,8005
7889,7972
7906,7981
8019,7987
7890,7947
8070,7968
8002,7966
8059,7963
8028,7975
8067,7980
8086,7964
8059,7959
8071,7949
8093,7966
8112,7942
8129,7943
8127,7946
8151,7956
8156,7967
8143,7952
8161,7958
8146,7954
8144,7956
8118,7966
8152,7958
8148,7951
8151,7944
8143,7941
8147,7941
8156,7959
8144,7962
8134,7945
8140,7943
8140,7954
8153,7938
8178,7949
8119,7946
8153,7934
8153,7957
8161,7972
8154,7968
8163,7958
8172,7964
8171,7936
8139,7947
8145,7970
8144,7954
8114,7942
8131,7955
8140,7942
8118,7949
8131,7958
8110,7958
8026,7952
7944,7949
7795,7942
7756,7954
7658,7936
7645,7930
7472,7927
7526,7908
7510,7906
7418,7904
7408,7891
7418,7897
7385,7882
7424,7877
7441,7851
7432,7838
7460,7837
7454,7849
7452,7837
7469,7824
7376,7829
7355,7804
7317,7799
7303,7788
7383,7789
7429,7775
7401,7766
7427,7759
7414,7749
7306,7751
7304,7734
7339,7722
7378,7716
7376,7730
7366,7721
7340,7696
7292,7696
7352,7680
7418,7675
7376,7666
7258,7659
7292,7660
7347,7644
7315,7625
7234,7625
7235,7617
7333,7604
7465,7609
7142,7601
7088,7593
7282,7575
7146,7566
7103,7567
7304,7541
7206,7536
7071,7532
7198,7521
7251,7534
7138,7524
7144,7501
7198,7491
7114,7500
7164,7461
7195,7461
7088,7475
7213,7458
7235,7445
7121,7447
7254,7435
7151,7416
7111,7412
7215,7410
7052,7406
7262,7393
7146,7399
7144,7374
7080,7365
7014,7373
7175,7352
7018,7351
7150,7336
7102,7329
7188,7327
7033,7314
7107,7311
7006,7295
7127,7281
7001,7276
7099,7269
7033,7270
7017,7249
7082,7252
7130,7247
7049,7231
7047,7237
6988,7234
6952,7210
7001,7202
6998,7195
6933,7194
6996,7183
7021,7171
7092,7165
7137,7157
7097,7161
7246,7164
7215,7149
7111,7161
7190,7158
7165,7161
7215,7151
7315,7152
7226,7163
7299,7155
7124,7157
7179,7145
7090,7155
7115,7157
7359,7152
7084,7152
7248,7161
7274,7160
7184,7138
7282,7158
7192,7157
7203,7158
7194,7153
7156,7161
7333,7149
7262,7158
7307,7152
7377,7158
7150,7153
7411,7143
7212,7151
7234,7154
7328,7155
7241,7150
7296,7149
7248,7158
7274,7153
7277,7158
7194,7152
7328,7155
7166,7154
7317,7162
7190,7145
7158,7153
7238,7161
7127,7144
7169,7140
7197,7143
7171,7162
7181,7150
7125,7157
7169,7155
7251,7156
7107,7171
7244,7158
7091,7155
7155,7159
7060,7157
7189,7150
7337,7154
7145,7155
7354,7161
7214,7151
7046,7157
7368,7148
7131,7154
7240,7151
7386,7144
7163,7164
7358,7150
7205,7156
7298,7163
7203,7150
7138,7147
7341,7169
7126,7162
7271,7152
7276,7157
7180,7153
7243,7151
7254,7145
7174,7157
7256,7136
7168,7144
7330,7141
7187,7160
7332,7166
7223,7165
7112,7151
7323,7155
7138,7150
7177,7157
7177,7164
7177,7161
7280,7157
7264,7159
7334,7152
7240,7156
7124,7154
7246,7141
7140,7154
7303,7153
7238,7157
7191,7162
7281,7171
7174,7159
7276,7150
7199,7150
7145,7147
7291,7153
7096,7146
7243,7152
7262,7146
7094,7160
7323,7149
7130,7161
7180,7154
7181,7158
7193,7152
7210,7154
7209,7165
7266,7149
7167,7163
7097,7163
7312,7158
7146,7158
7266,7160
7083,7156
7281,7158
7379,7155
7176,7151
7370,7158
7146,7163
7154,7151
7185,7153
7166,7152
7277,7154
7266,7152
7172,7159
7225,7150
7272,7157
7211,7139
7229,7149
7172,7156
7349,7150
7142,7152
7269,7152
7209,7149
7247,7153
7339,7146
7142,7157
7214,7153
7154,7142
7116,7145
7263,7140
7158,7153
7295,7152
7221,7157
7148,7169
7254,7147
7147,7162
7283,7158
7110,7159
7215,7155
7256,7164
7131,7149
7270,7159
7159,7153
7214,7160
7129,7157
7221,7153
7245,7155
7234,7155
7150,7151
7276,7157
7082,7155
7208,7160
7193,7152
7141,7152
7263,7153
7115,7148
7270,7152
7215,7160
7144,7168
7309,7150
7198,7143
7215,7146
7072,7149
7182,7153
7339,7157
7142,7159
7341,7156
7113,7152
7126,7157
7192,7157
7137,7146
7215,7156
7258,7151
7205,7152
7288,7143
7278,7158
7246,7157
7255,7160
7182,7144
7401,7168
7206,7159
7278,7164
7153,7159
7211,7143
7234,7148
7160,7151
7243,7151
7111,7149
7180,7160
7283,7158
7136,7151
7344,7140
7226,7147
7123,7153
7260,7145
7160,7149
7326,7162
7140,7152
7245,7154
7273,7161
7110,7158
7311,7159
7207,7138
7175,7160
7233,7158
7308,7155
7273,7159
7224,7152
7186,7156
7272,7148
7193,7158
7287,7164
7177,7138
7164,7154
7337,7146
7103,7156
7242,7165
7257,7147
7198,7151
7252,7159
7148,7151
7274,7157
7136,7147
7220,7163
7263,7140
7301,7144
7329,7156
7033,7142
7105,7147
7126,7165
7121,7160
7290,7155
7138,7157
7212,7150
7266,7152
7215,7151
7254,7154
7185,7140
7143,7161
7215,7155
7183,7152
7235,7166
7283,7132
7234,7145
7341,7154
7210,7148
7316,7159
7184,7151
7138,7151
7299,7154
7142,7155
7314,7167
7269,7153
7300,7154
7245,7158
7122,7153
7301,7155
7097,7141
7195,7160
7228,7153
7230,7164
7277,7163
7199,7152
7156,7152
7176,7157
7281,7160
7197,7148
7245,7154
7213,7164
7227,7154
7181,7145
7262,7149
7132,7145
7152,7157
7161,7140
7083,7152
7358,7155
7273,7147
7248,7149
7288,7150
7097,7137
7347,7152
7152,7150
7193,7169
7314,7159
7200,7161
7365,7165
7185,7151
7284,7153
7184,7148
7067,7149
7243,7148
7133,7144
7176,7142
7186,7162
7266,7150
7279,7148
7204,7162
7170,7154
7256,7140
7223,7151
7336,7154
7063,7152
7234,7157
7389,7159
7189,7166
7294,7155
7191,7155
7145,7158
7201,7142
7094,7147
7306,7158
7273,7146
7355,7167
7243,7153
7150,7154
7309,7150
7104,7164
7254,7156
7258,7147
7199,7147
7314,7148
7186,7158
7286,7153
7247,7157
7238,7153
7243,7150
7251,7155
7170,7146
7244,7142
7286,7157
7349,7155
7202,7157
7196,7164
7221,7155
7201,7157
7361,7147
7129,7154
7279,7162
7276,7163
7118,7160
7374,7154
7193,7151
7190,7160
7113,7153
7192,7159
7359,7156
7154,7156
7273,7150
7133,7151
7088,7145
7248,7160
7126,7165
7195,7158
7254,7153
7308,7151
7239,7151
7225,7159
7265,7144
7248,7155
7197,7150
7291,7153
7114,7137
7254,7151
7377,7147
7117,7155
7361,7164
7196,7149
7175,7163
7162,7152
7057,7150
7273,7158
7273,7147
7278,7153
7301,7155
7222,7152
7291,7162
7229,7156
7393,7172
7376,7165
7410,7172
7487,7180
7372,7192
7467,7192
7366,7205
7515,7206
7500,7213
7447,7210
7528,7234
7491,7236
7599,7242
7523,7244
7569,7255
7486,7268
7603,7277
7560,7287
7577,7288
7547,7283
7558,7310
7507,7324
7643,7332
7574,7328
7659,7336
7597,7343
7638,7357
7611,7371
7627,7348
7588,7375
7607,7373
7706,7387
7596,7401
7609,7402
7616,7397
7670,7420
7629,7428
7629,7448
7751,7444
7730,7455
7702,7464
7756,7478
7685,7481
7672,7490
7765,7499
7752,7487
7773,7510
7724,7532
7743,7529
7722,7526
7813,7545
7683,7543
7666,7564
7772,7563
7767,7587
7684,7575
7820,7594
7760,7598
7793,7612
7788,7598
7855,7622
7833,7635
7744,7631
7742,7651
7846,7642
7889,7679
7851,7677
7764,7682
7798,7689
7913,7697
7950,7717
7841,7715
7839,7709
7845,7728
7883,7730
7895,7744
7945,7736
7903,7750
7811,7782
7834,7765
7853,7789
7916,7777
7969,7787
7915,7801
7933,7810
7926,7842
7880,7820
7869,7839
7888,7840
7862,7867
7974,7868
7982,7875
7994,7885
7983,7902
8031,7918
8066,7889
8060,7901
8032,7919
8041,7928
7979,7938
7950,7950
7900,7934
7939,7952
7880,7941
7868,7942
7827,7947
7828,7954
7867,7963
7860,7936
7857,7979
7850,7968
7841,7941
7812,7951
7870,7946
7818,7957
7799,7942
7808,7954
7820,7946
7838,7962
7803,7955
7821,7956
7803,7960
7813,7928
7798,7942
7803,7965
7790,7956
7789,7939
7819,7941
7777,7953
7823,7951
7803,7959
7775,7971
7772,7962
7740,7973
7761,7950
7789,7947
7786,7967
7765,7973
7812,7969
7804,7945
7789,7936
7802,7962
7789,7977
7798,7976
7815,7962
7796,7953
7825,7952
7823,7956
7837,7968
7904,7967
8033,7967
8114,7970
8196,7976
8309,7986
8383,7980
8430,8004
8395,8007
8437,8005
8467,8012
8464,8014
8492,8023
8475,8027
8467,8056
8454,8040
8444,8050
8389,8046
8436,8078
8387,8077
8425,8089
8476,8090
8502,8121
8514,8112
8566,8115
8461,8142
8488,8141
8430,8141
8417,8158
8546,8163
8614,8156
8634,8170
8614,8198
8548,8191
8537,8192
8600,8200
8681,8216
8645,8227
8576,8235
8529,8245
8632,8253
8640,8255
8680,8268
8609,8276
8554,8275
8685,8295
8652,8286
8611,8304
8603,8311
8679,8321
8650,8334
8497,8337
8652,8345
8713,8340
8689,8359
8636,8357
8781,8376
8652,8377
8716,8388
8720,8403
8770,8405
8605,8423
8705,8422
8646,8431
8612,8437
8781,8445
8667,8453
8638,8459
8753,8476
8644,8466
8687,8469
8721,8502
8684,8504
8847,8500
8729,8515
8848,8516
8805,8533
8901,8552
8856,8529
8743,8557
8792,8571
8775,8578
8885,8577
8769,8592
8873,8594
8764,8602
8874,8616
8870,8625
8880,8633
8855,8637
8868,8645
8839,8649
8906,8664
8869,8671
8939,8688
8905,8700
9001,8692
8907,8699
8934,8713
8896,8724
8794,8732
8864,8732
8789,8730
8877,8747
8753,8751
8612,8757
8745,8742
8588,8753
8789,8762
8596,8751
8680,8753
8801,8749
8654,8757
8749,8752
8631,8750
8675,8752
8609,8761
8566,8757
8793,8749
8765,8751
8660,8765
8682,8760
8573,8757
8674,8757
8622,8746
8669,8757
8734,8758
8592,8759
8757,8755
8651,8751
8765,8765
8762,8756
8546,8771
8678,8754
8542,8760
8727,8763
8738,8747
8518,8748
8712,8749
8587,8762
8568,8761
8590,8766
8493,8751
8702,8750
8775,8754
8740,8751
8729,8755
8549,8758
8760,8761
8556,8749
8671,8755
8820,8754
8611,8750
8825,8759
8695,8764
8769,8754
8727,8748
8624,8757
8629,8759
8654,8756
8659,8746
8790,8755
8620,8754
8802,8758
8665,8755
8623,8748
8621,8766
8595,8756
8774,8765
8678,8746
8799,8761
8721,8755
8579,8761
8849,8754
8625,8752
8654,8768
8630,8752
8562,8758
8823,8767
8804,8752
8717,8763
8735,8764
8606,8746
8754,8758
8581,8753
8597,8758
8664,8748
8638,8745
8747,8746
8650,8757
8794,8749
8710,8749
8586,8761
8723,8749
8601,8766
8754,8761
8794,8753
8613,8756
8735,8753
8662,8739
8661,8759
8584,8752
8546,8759
8735,8742
8636,8744
8799,8763
8706,8753
8617,8766
8751,8761
8614,8748
8694,8753
8568,8750
8665,8759
8770,8757
8662,8759
8758,8753
8663,8749
8552,8751
8767,8759
8545,8762
8646,8755
8818,8756
8669,8764
8813,8749
8551,8752
8879,8758
8679,8750
8547,8760
8756,8741
8633,8759
8798,8764
8715,8756
8614,8769
8784,8752
8633,8757
8651,8750
8609,8763
8531,8747
8808,8752
8534,8752
8716,8751
8834,8754
8631,8759
8783,8762
8660,8753
8655,8758
8701,8750
8666,8760
8663,8743
8700,8757
8764,8761
8693,8747
8566,8741
8650,8755
8606,8752
8762,8756
8711,8750
8719,8750
8787,8755
8592,8757
8799,8762
8639,8772
8590,8759
8763,8757
8574,8749
8769,8762
8759,8753
8650,8754
8782,8759
8682,8745
8672,8753
8631,8757
8641,8757
8778,8762
8577,8752
8757,8748
8666,8759
8551,8758
8740,8758
8591,8757
8654,8756
8663,8756
8643,8749
8734,8754
8658,8748
8794,8765
8611,8765
8539,8754
8641,8748
8608,8757
8635,8754
8728,8753
8615,8765
8736,8756
8601,8764
8776,8749
8597,8763
8617,8756
8801,8768
8593,8766
8799,8754
8730,8755
8780,8746
8776,8742
8581,8753
8666,8753
8625,8752
8549,8765
8737,8746
8568,8758
8690,8758
8666,8754
8579,8746
8723,8750
8566,8752
8693,8756
8586,8762
8707,8765
8741,8748
8588,8748
8814,8749
8655,8758
8582,8766
8677,8753
8523,8763
8696,8757
8729,8751
8705,8760
8786,8755
8671,8758
8785,8753
8650,8749
8669,8746
8793,8752
8659,8761
8784,8759
8669,8748
8701,8752
8711,8753
8625,8756
8694,8775
8632,8759
8675,8761
8787,8753
8670,8747
8774,8741
8661,8756
8550,8757
8670,8748
8544,8756
8683,8760
8589,8754
8595,8745
8788,8769
8663,8755
8774,8765
8632,8759
8651,8748
8681,8756
8716,8758
8820,8764
8730,8769
8702,8743
8748,8753
8601,8761
8697,8760
8619,8753
8585,8759
8799,8753
8607,8752
8745,8768
8745,8758
8625,8758
8730,8755
8579,8762
8743,8755
8607,8758
8712,8763
8762,8760
8618,8767
8753,8751
8611,8755
8616,8761
8587,8751
8564,8763
8723,8752
8732,8763
8722,8754
8813,8745
8598,8768
8888,8747
8664,8745
8617,8760
8827,8762
8630,8763
8695,8756
8736,8757
8697,8754
8763,8763
8702,8769
8690,8758
8590,8759
8651,8759
8794,8752
8594,8764
8785,8761
8640,8758
8598,8761
8625,8760
8523,8758
8747,8757
8604,8753
8756,8747
8772,8763
8640,8762
8793,8754
8597,8750
8593,8752
8691,8755
8665,8761
8769,8757
8725,8756
8752,8759
8725,8764
8613,8743
8763,8762
8620,8759
8624,8750
8812,8743
8643,8760
8796,8761
8709,8757
8852,8756
8708,8763
8583,8759
8803,8755
8515,8742
8698,8756
8815,8752
8622,8753
8720,8751
8658,8752
8529,8758
8676,8759
8587,8755
8739,8757
8635,8755
8674,8755
8662,8758
8589,8749
8832,8755
8645,8756
8655,8761
8660,8760
8660,8751
8765,8754
8688,8747
8675,8745
8779,8750
8661,8756
8758,8754
8576,8757
8634,8756
8818,8759
8585,8755
8840,8754
8717,8754
8810,8755
8677,8749
8547,8751
8774,8754
8584,8755
8716,8749
8772,8745
8648,8761
8743,8747
8624,8750
8553,8761
8711,8754
8560,8781
8707,8764
8600,8749
8661,8768
8724,8745
8609,8760
8834,8750
8701,8755
8670,8755
8700,8761
8743,8754
8746,8759
8688,8740
8742,8765
8686,8761
8633,8752
8723,8772
8541,8760
8691,8754
8785,8749
8646,8760
8833,8756
8583,8765
8791,8765
8706,8742
8612,8751
8710,8765
8530,8750
8581,8742
8608,8748
8576,8738
8629,8733
8353,8743
8445,8726
8355,8715
8420,8719
8549,8709
8380,8693
8489,8695
8349,8684
8374,8680
8284,8673
8355,8652
8380,8641
8341,8633
8338,8627
8379,8648
8346,8617
8321,8603
8301,8605
8292,8607
8232,8580
8333,8577
8282,8585
8236,8568
8254,8556
8328,8545
8198,8520
8311,8528
8177,8530
8181,8527
8310,8516
8338,8492
8357,8484
8220,8481
8261,8477
8337,8475
8303,8456
8393,8452
8292,8445
8264,8424
8296,8420
8260,8418
8260,8407
8260,8419
8145,8406
8315,8381
8280,8380
8168,8381
8279,8368
8301,8355
8077,8349
8192,8330
8325,8315
8403,8313
8157,8336
8109,8308
8313,8285
8210,8302
8119,8286
8045,8270
8170,8279
8110,8267
8033,8245
8030,8240
8128,8235
8158,8221
8126,8200
8021,8206
8062,8203
8140,8198
8130,8183
8079,8169
8068,8164
7981,8161
7958,8141
8101,8144
8190,8130
8122,8131
8036,8134
7985,8119
7977,8106
7997,8093
8021,8075
8068,8073
8096,8095
8087,8054
8058,8061
8044,8052
8056,8034
8023,8034
7944,8023
7938,8040
7956,7993
7911,7997
7871,7994
7911,7985
7897,7988
7910,8001
7977,7967
8055,7973
8042,7964
8004,7949
8075,7957
8087,7954
8088,7951
8057,7971
8073,7976
8114,7961
8129,7949
8136,7965
8104,7978
8137,7966
8142,7962
8157,7950
8176,7961
8157,7967
8170,7953
8137,7957
8157,7936
8157,7950
8162,7968
8156,7949
8162,7948
8168,7972
8148,7932
8154,7958
8164,7949
8187,7963
8168,7968
8151,7956
8153,7959
8208,7945
8158,7956
8169,7950
8172,7964
8158,7973
8168,7963
8141,7948
8178,7940
8132,7977
8135,7946
8121,7946
8153,7968
8145,7939
8128,7958
8140,7951
8106,7959
8007,7960
7917,7943
7763,7943
7687,7951
7556,7924
7553,7912
7512,7908
7483,7915
7481,7908
7408,7910
7438,7902
7447,7884
7453,7862
7445,7875
7425,7873
7416,7845
7457,7841
7471,7828
7470,7833
7438,7827
7376,7819
7347,7793
7304,7809
7381,7794
7311,7775
7428,7777
7386,7767
7447,7763
7398,7754
7336,7744
7318,7734
7332,7741
7416,7719
7398,7715
7350,7714
7311,7690
7289,7681
7405,7680
7393,7677
7311,7667
7273,7655
7331,7649
7342,7623
7353,7640
7295,7636
7216,7618
7246,7586
7381,7598
7108,7579
7205,7591
7305,7569
7114,7576
7169,7550
7207,7545
7226,7547
7205,7544
7176,7529
7222,7527
7134,7514
7141,7509
7150,7493
7077,7492
7200,7480
7191,7477
7087,7465
7226,7448
7222,7460
7120,7436
7228,7433
7099,7408
7196,7415
7108,7403
7163,7395
7275,7389
7115,7387
7170,7383
7006,7364
7120,7360
7151,7355
7127,7332
7189,7333
7068,7337
7152,7325
7072,7306
7078,7305
7040,7281
7163,7278
7013,7282
7090,7262
6988,7259
7042,7247
6956,7248
6973,7230
6928,7232
6975,7223
6949,7215
6877,7215
7003,7200
6966,7185
7028,7185
7054,7179
7074,7173
7075,7176
7114,7168
7234,7162
7051,7163
7221,7160
7172,7167
7102,7156
7179,7155
7064,7160
7236,7156
7092,7152
7250,7156
7255,7150
7087,7161
7240,7163
7000,7153
7175,7149
7170,7154
7094,7144
7277,7170
7296,7154
7286,7152
7412,7155
7126,7165
7406,7159
7211,7163
7188,7157
7306,7154
7186,7153
7314,7146
7336,7150
7287,7160
7271,7161
7258,7158
7210,7144
7237,7160
7234,7162
7364,7156
7194,7151
7295,7156
7125,7162
7113,7157
7296,7159
7122,7139
7198,7155
7105,7153
7314,7159
7264,7145
7153,7153
7237,7156
7271,7156
7224,7158
7192,7142
7075,7138
7270,7170
7211,7152
7262,7153
7235,7155
7065,7157
7314,7154
7056,7158
7150,7146
7358,7155
7134,7151
7327,7157
7257,7147
7323,7146
7358,7155
7149,7150
7269,7149
7122,7140
7229,7165
7327,7154
7262,7158
7258,7147
7182,7154
7178,7148
7283,7147
7165,7159
7227,7163
7196,7156
7330,7150
7341,7143
7122,7153
7403,7156
7219,7160
7190,7175
7155,7153
7120,7145
7332,7164
7321,7161
7256,7168
7280,7148
7150,7156
7259,7147
7074,7160
7241,7160
7266,7151
7243,7184
7414,7157
7114,7157
7387,7154
7170,7151
7078,7154
7180,7159
7096,7143
7204,7159
7258,7147
7178,7152
7176,7150
7210,7138
7184,7155
7300,7159
7148,7150
7170,7149
7099,7156
7317,7149
7288,7149
7095,7161
7282,7148
7168,7148
7237,7148
7135,7160
7159,7145
7276,7165
7286,7153
7287,7159
7256,7157
7136,7157
7289,7156
7130,7161
7212,7150
7297,7150
7282,7168
7230,7152
7118,7157
7319,7155
7185,7158
7160,7155
7228,7156
7211,7158
7280,7157
7293,7157
7275,7161
7303,7161
7168,7146
7188,7146
7124,7159
7120,7153
7311,7156
7120,7158
7247,7160
7346,7155
7150,7157
7290,7157
7202,7139
7156,7150
7242,7148
7217,7151
7320,7162
7161,7159
7333,7153
7204,7155
7146,7158
7236,7154
7024,7158
7180,7160
7275,7167
7192,7153
7227,7153
7187,7158
7272,7154
7236,7150
7157,7154
7215,7150
7107,7166
7299,7150
7219,7157
7250,7162
7237,7152
7181,7151
7210,7155
7198,7158
7165,7161
7364,7155
7124,7148
7305,7165
7233,7151
7108,7154
7349,7153
7071,7155
7267,7159
7106,7147
7257,7151
7292,7156
7125,7166
7301,7157
7195,7151
7149,7149
7232,7150
7191,7152
7166,7145
7197,7157
7280,7138
7207,7154
7143,7153
7281,7153
7130,7162
7256,7154
7326,7153
7190,7159
7402,7156
7371,7154
7045,7150
7332,7157
7194,7144
7216,7157
7181,7147
7172,7155
7325,7157
7236,7154
7343,7150
7171,7146
7139,7167
7233,7160
7056,7150
7249,7158
7324,7145
7210,7145
7274,7151
7186,7158
7260,7153
7217,7172
7193,7154
7215,7156
7152,7154
7332,7150
7242,7162
7217,7142
7269,7153
7221,7148
7158,7163
7251,7158
7153,7144
7239,7147
7161,7155
7289,7155
7223,7147
7118,7154
7284,7152
7121,7146
7224,7155
7094,7154
7257,7165
7281,7155
7123,7152
7278,7157
7208,7144
7094,7159
7212,7160
7140,7151
7123,7162
7240,7149
7240,7155
7240,7156
7190,7165
7278,7158
7254,7154
7165,7165
7297,7155
7174,7150
7275,7158
7269,7156
7306,7157
7307,7140
7151,7153
7157,7155
7143,7148
7121,7157
7302,7147
7167,7148
7314,7146
7232,7139
7201,7164
7176,7146
7097,7156
7236,7151
7109,7150
7226,7150
7251,7152
7181,7156
7169,7153
7166,7151
7255,7153
7168,7147
7153,7150
7283,7155
7266,7152
7205,7160
7303,7130
7111,7156
7411,7157
7182,7159
7113,7156
7270,7163
7101,7155
7325,7153
7326,7150
7341,7162
7317,7154
7137,7158
7280,7152
7084,7153
7268,7156
7287,7160
7158,7157
7297,7157
7222,7156
7137,7157
7230,7165
7174,7157
7275,7151
7209,7153
7231,7153
7308,7155
7224,7164
7335,7154
7271,7157
7178,7154
7286,7151
7133,7142
7267,7156
7258,7167
7268,7159
7277,7155
7109,7168
7290,7145
7160,7153
7157,7146
7375,7150
7148,7161
7411,7151
7225,7154
7356,7152
7230,7150
7121,7163
7295,7155
7107,7151
7241,7142
7292,7158
7173,7139
7201,7150
7251,7160
7255,7147
7273,7162
7208,7157
7202,7153
7252,7157
7143,7155
7280,7159
7190,7163
7313,7165
7198,7155
7151,7159
7157,7157
7127,7180
7313,7160
7306,7151
7276,7152
7292,7161
7115,7153
7324,7156
7138,7150
7267,7157
7228,7146
7239,7156
7383,7156
7172,7149
7313,7163
7230,7147
7148,7147
7324,7158
7186,7160
7318,7159
7292,7156
7177,7157
7371,7163
7239,7156
7094,7158
7264,7160
7086,7158
7265,7159
7086,7146
7221,7152
7303,7158
7178,7157
7316,7155
7266,7153
7239,7162
7201,7146
7198,7163
7381,7158
7279,7163
7411,7167
7325,7166
7322,7160
7373,7172
7382,7184
7543,7182
7457,7189
7481,7187
7474,7208
7514,7206
7481,7221
7440,7216
7512,7233
7535,7236
7585,7246
7528,7258
7538,7259
7536,7259
7546,7276
7496,7295
7598,7289
7599,7299
7622,7312
7600,7328
7511,7329
7584,7324
7649,7342
7639,7346
7687,7357
7559,7357
7643,7366
7585,7382
7606,7391
7696,7398
7638,7398
7681,7410
7648,7417
7663,7426
7623,7433
7711,7441
7775,7453
7648,7464
7704,7460
7730,7475
7733,7491
7735,7491
7789,7502
7722,7515
7712,7510
7780,7526
7648,7539
7758,7546
7625,7539
7783,7566
7671,7562
7789,7570
7679,7568
7700,7593
7814,7588
7807,7607
7728,7607
7785,7621
7859,7636
7795,7640
7727,7651
7778,7644
7857,7680
7826,7670
7819,7679
7816,7684
7809,7684
7956,7689
7903,7716
7812,7716
7793,7720
7915,7742
7877,7740
7978,7734
7932,7773
7793,7738
7850,7768
7858,7779
7818,7787
7929,7821
7901,7817
7945,7807
7925,7817
7934,7840
7905,7834
7859,7860
7888,7853
7923,7865
7991,7861
8018,7872
7969,7851
8019,7879
8041,7869
8049,7913
8030,7912
8000,7923
7987,7915
7978,7923
7929,7942
7899,7947
7906,7925
7871,7946
7928,7953
7893,7966
7904,7952
7853,7953
7822,7952
7852,7941
7832,7910
7828,7959
7855,7956
7840,7950
7812,7923
7828,7959
7841,7968
7803,7943
7832,7952
7809,7953
7788,7966
7821,7958
7811,7959
7814,7964
7801,7950
7788,7958
7807,7973
7825,7934
7803,7952
7791,7949
7764,7940
7765,7958
7793,7948
7775,7939
7756,7954
7776,7949
7792,7931
7775,7962
7792,7968
7788,7962
7768,7961
7791,7958
7786,7955
7823,7971
7810,7959
7810,7962
7818,7938
7828,7952
7908,7944
7990,7952
8077,7963
8189,7960
8189,7973
8344,7961
8403,7976
8384,7991
8423,8001
8464,7994
8494,8007
8510,8030
8455,8018
8451,8034
8436,8050
8462,8057
8367,8068
8427,8059
8410,8088
8394,8091
8473,8085
8499,8105
8512,8113
8570,8116
8487,8116
8585,8133
8439,8128
8442,8153
8528,8156
8661,8172
8680,8175
8606,8180
8525,8180
8540,8197
8549,8216
8635,8213
8696,8215
8644,8218
8539,8218
8593,8242
8628,8250
8645,8263
8608,8271
8523,8274
8672,8288
8668,8292
8604,8287
8560,8305
8723,8316
8655,8327
8630,8328
8505,8336
8687,8344
8691,8354
8508,8377
8534,8373
8587,8373
8738,8396
8611,8392
8761,8393
8627,8407
8620,8411
8758,8417
8668,8441
8653,8435
8722,8451
8618,8444
8743,8476
8781,8472
8687,8476
8793,8485
8703,8483
8806,8514
8742,8514
8788,8521
8823,8530
8696,8534
8821,8552
8779,8556
8898,8559
8799,8567
8873,8585
8895,8587
8879,8597
8834,8599
8773,8606
8915,8631
8893,8618
8848,8644
8874,8650
8899,8658
8850,8655
8949,8674
8892,8684
8873,8677
9011,8690
8861,8693
8970,8708
8900,8715
8990,8720
8889,8732
8759,8731
8870,8740
8726,8749
8842,8764
8724,8748
8842,8743
8733,8750
8649,8758
8734,8776
8617,8752
8691,8750
8722,8747
8735,8754
8801,8759
8545,8754
8654,8758
8654,8757
8663,8742
8736,8749
8612,8762
8762,8752
8667,8752
8597,8764
8708,8764
8600,8763
8615,8754
8608,8766
8624,8766
8730,8744
8651,8760
8742,8763
8618,8747
8582,8753
8660,8763
8516,8766
8688,8759
8628,8756
8680,8764
8676,8747
8620,8764
8691,8757
8523,8748
8609,8758
8849,8754
8643,8751
8830,8746
8755,8754
8799,8758
8869,8757
8604,8762
8683,8763
8608,8751
8676,8750
8784,8742
8597,8766
8662,8766
8666,8752
8667,8768
8661,8766
8638,8763
8665,8752
8631,8754
8657,8752
8786,8765
8604,8761
8795,8736
8594,8755
8633,8751
8683,8746
8630,8761
8712,8760
8791,8751
8649,8763
8766,8750
8595,8762
8748,8751
8665,8756
8706,8755
8798,8765
8634,8756
8898,8758
8646,8744
8772,8766
8707,8761
8597,8752
8672,8759
8553,8751
8646,8751
8789,8755
8620,8751
8825,8748
8656,8751
8614,8755
8715,8755
8539,8749
8713,8747
8539,8753
8694,8749
8776,8752
8624,8759
8748,8756
8673,8758
8596,8756
8695,8762
8613,8758
8738,8756
8655,8760
8785,8743
8794,8758
8561,8744
8750,8754
8597,8763
8718,8755
8772,8751
8578,8748
8685,8759
8764,8756
8622,8761
8674,8762
8667,8756
8696,8750
8584,8755
8663,8758
8800,8744
8715,8759
8735,8757
8565,8757
8654,8768
8627,8759
8569,8753
8756,8769
8500,8748
8714,8761
8790,8757
8600,8753
8799,8761
8675,8753
8581,8773
8781,8763
8647,8760
8754,8758
8680,8760
8719,8757
8812,8757
8693,8765
8743,8755
8638,8765
8672,8762
8731,8753
8691,8745
8725,8762
8628,8759
8638,8757
8657,8757
8581,8762
8714,8763
8524,8742
8760,8761
8752,8746
8507,8755
8823,8755
8614,8766
8601,8761
8657,8754
8549,8753
8689,8751
8720,8743
8721,8758
8769,8745
8567,8766
8833,8758
8605,8747
8643,8756
8774,8762
8573,8745
8701,8755
8687,8757
8708,8750
8780,8758
8659,8754
8637,8758
8578,8756
8675,8756
8812,8765
8595,8762
8678,8764
8535,8758
8631,8757
8635,8762
8532,8754
8674,8756
8586,8753
8745,8759
8817,8762
8548,8752
8756,8754
8632,8755
8580,8758
8731,8759
8552,8758
8758,8763
8739,8753
8758,8760
8754,8757
8610,8770
8716,8759
8629,8752
8668,8754
8767,8750
8651,8759
8803,8750
8650,8752
8797,8765
8638,8752
8600,8759
8791,8750
8561,8762
8770,8757
8791,8752
8651,8753
8741,8740
8618,8749
8593,8759
8594,8754
8546,8753
8686,8757
8515,8752
8672,8753
8737,8754
8650,8753
8799,8762
8618,8757
8655,8762
8665,8762
8642,8766
8803,8757
8696,8764
8819,8764
8799,8749
8556,8766
8784,8760
8587,8755
8702,8755
8804,8756
8644,8767
8825,8760
8585,8751
8770,8751
8684,8753
8644,8749
8703,8753
8572,8762
8721,8755
8721,8742
8642,8750
8708,8757
8593,8748
8621,8754
8603,8743
8584,8755
8748,8756
8594,8755
8742,8765
8743,8757
8681,8752
8677,8765
8580,8751
8605,8753
8679,8751
8684,8749
8804,8759
8694,8749
8786,8764
8743,8751
8596,8753
8688,8747
8618,8753
8768,8757
8753,8745
8714,8752
8754,8767
8536,8767
8792,8754
8692,8761
8577,8754
8742,8755
8504,8755
8771,8769
8830,8754
8722,8766
8762,8751
8627,8766
8655,8755
8660,8750
8622,8756
8697,8750
8635,8757
8737,8751
8655,8754
8526,8761
8777,8754
8668,8759
8682,8751
8606,8753
8700,8750
8778,8751
8581,8756
8753,8767
8702,8767
8637,8755
8654,8744
8503,8752
8686,8777
8759,8752
8702,8760
8709,8767
8694,8761
8763,8758
8573,8755
8556,8765
8857,8763
8584,8758
8797,8756
8742,8766
8696,8747
8737,8758
8597,8754
8646,8758
8688,8757
8623,8753
8770,8754
8594,8757
8779,8771
8693,8766
8565,8757
8779,8761
8599,8764
8770,8774
8559,8756
8670,8754
8740,8756
8625,8751
8808,8751
8707,8767
8714,8753
8652,8757
8559,8756
8781,8754
8800,8756
8760,8755
8800,8755
8607,8745
8746,8756
8658,8745
8661,8767
8701,8759
8628,8751
8706,8755
8680,8763
8724,8765
8755,8759
8607,8765
8683,8762
8605,8761
8696,8755
8843,8741
8642,8767
8850,8769
8642,8761
8523,8756
8722,8745
8517,8747
8675,8755
8592,8751
8663,8751
8684,8753
8671,8759
8737,8755
8731,8753
8632,8763
8682,8747
8619,8752
8759,8761
8714,8760
8671,8763
8723,8757
8653,8754
8776,8740
8646,8757
8634,8763
8711,8762
8689,8749
8737,8755
8691,8762
8851,8760
8723,8756
8595,8756
8676,8760
8593,8752
8705,8747
8772,8758
8628,8753
8791,8754
8641,8756
8582,8757
8564,8756
8424,8752
8626,8748
8473,8730
8660,8739
8603,8725
8310,8727
8590,8725
8343,8726
8468,8707
8313,8695
8337,8694
8506,8670
8277,8660
8525,8664
8427,8659
8372,8635
8375,8645
8355,8640
8314,8621
8335,8618
8296,8607
8347,8612
8270,8597
8293,8576
8280,8575
8294,8553
8256,8555
8289,8544
8228,8542
8150,8529
8271,8534
8119,8529
8173,8514
8304,8500
8256,8490
8301,8487
8219,8491
8371,8460
8235,8455
8306,8437
8325,8446
8242,8427
8336,8428
8274,8416
8243,8412
8285,8404
8243,8410
8236,8393
8258,8386
8248,8377
8236,8370
8263,8367
8274,8352
8184,8338
8358,8342
8391,8328
8383,8311
8042,8311
8219,8307
8202,8294
8146,8279
8043,8277
8138,8270
8165,8264
8106,8252
8035,8244
8045,8253
8134,8226
8132,8243
8034,8200
7998,8205
8080,8192
8115,8203
8098,8183
8064,8186
8031,8172
7994,8154
8039,8155
8139,8144
8153,8137
8047,8138
8052,8125
7939,8124
7999,8113
7962,8094
8087,8074
8076,8091
8099,8082
8090,8062
8048,8058
8076,8047
7990,8017
7952,8038
7947,8016
7944,8023
7936,8002
7884,7988
7915,7971
7984,8013
8023,7990
7995,7965
8044,7976
8013,7967
8017,7978
8001,7952
8054,7964
8119,7974
8071,7940
8087,7974
8093,7948
8111,7951
8137,7950
8125,7951
8109,7957
8150,7948
8141,7951
8160,7959
8167,7937
8189,7944
8154,7940
8151,7948
8149,7950
8143,7977
8156,7966
8176,7959
8141,7955
8153,7955
8146,7975
8159,7966
8170,7949
8165,7972
8212,7963
8156,7963
8146,7960
8164,7954
8171,7937
8161,7940
8167,7955
8172,7961
8170,7957
8145,7964
8156,7961
8116,7969
8154,7985
8146,7956
8143,7954
8147,7956
8152,7947
8104,7971
8017,7938
7968,7948
7844,7942
7678,7957
7675,7945
7611,7932
7484,7918
7538,7913
7412,7914
7391,7919
7444,7909
7415,7875
7405,7883
7417,7862
7433,7869
7402,7857
7455,7852
7475,7847
7476,7826
7476,7824
7405,7804
7348,7798
7328,7793
7327,7799
7329,7784
7375,7785
7393,7772
7424,7751
7424,7756
7301,7747
7301,7736
7340,7731
7382,7715
7401,7715
7407,7705
7323,7699
7345,7700
7356,7684
7417,7666
7387,7665
7271,7664
7292,7648
7308,7643
7371,7635
7235,7627
7190,7612
7357,7618
7369,7601
7175,7582
7170,7591
7279,7577
7205,7560
7099,7575
7259,7560
7185,7547
7141,7545
7166,7523
7265,7529
7200,7515
7173,7500
7188,7484
7188,7491
7111,7469
7251,7470
7145,7483
7138,7464
7204,7453
7094,7444
7208,7430
7150,7416
7188,7418
7182,7406
7029,7405
7234,7395
7237,7390
7093,7383
7152,7377
7116,7365
7207,7356
7020,7346
7171,7334
7062,7340
7162,7312
7058,7303
7163,7319
7015,7313
7071,7275
7061,7276
7097,7274
7065,7258
7061,7268
7007,7260
7032,7256
7017,7232
6951,7221
6957,7216
6995,7202
6920,7205
6952,7194
6912,7195
6989,7186
7038,7179
7108,7172
7054,7182
7011,7160
7067,7159
7123,7159
7107,7166
7204,7156
7175,7169
7275,7165
7170,7163
7033,7161
7237,7164
7124,7157
7268,7166
7254,7157
7214,7156
7282,7154
7117,7160
7303,7158
7184,7165
7094,7153
7303,7158
7179,7153
7263,7152
7352,7147
7274,7163
7306,7166
7191,7153
7218,7154
7189,7153
7220,7159
7363,7155
7234,7140
7323,7159
7364,7151
7213,7157
7313,7158
7215,7146
7199,7149
7209,7151
7177,7152
7315,7150
7281,7156
7305,7163
7170,7153
7140,7138
7149,7156
7074,7145
7231,7153
7253,7159
7234,7156
7237,7158
7126,7155
7319,7157
7115,7158
7094,7151
7310,7147
7118,7154
7278,7162
7258,7150
7270,7148
7333,7155
7143,7159
7219,7168
7179,7157
7154,7157
7285,7153
7129,7160
7367,7152
7266,7154
7124,7143
7261,7144
7092,7150
7334,7148
7105,7151
7182,7163
7309,7145
7189,7150
7263,7157
7204,7147
7165,7155
7249,7153
7229,7165
7274,7148
7304,7142
7224,7156
7325,7153
7095,7154
7331,7149
7159,7148
7236,7162
7262,7157
7198,7160
7333,7164
7236,7145
7337,7167
7282,7147
7099,7149
7264,7148
7160,7155
7255,7163
7344,7142
7173,7156
7362,7146
7133,7154
7117,7154
7143,7150
7075,7151
7231,7155
7122,7149
7151,7156
7154,7146
7229,7156
7256,7158
7189,7155
7111,7157
7234,7152
7160,7157
7270,7153
7183,7157
7303,7156
7302,7148
7134,7143
7360,7160
7137,7152
7228,7156
7351,7143
7143,7153
7263,7150
7198,7157
7319,7152
7233,7143
7156,7153
7341,7153
7123,7156
7285,7157
7309,7144
7168,7155
7316,7150
7181,7161
7185,7167
7225,7146
7183,7156
7239,7155
7160,7163
7180,7149
7368,7157
7091,7160
7348,7166
7212,7153
7148,7149
7277,7150
7176,7153
7246,7139
7259,7151
7269,7148
7266,7153
7155,7150
7285,7156
7083,7154
7228,7152
7326,7156
7183,7149
7330,7161
7133,7159
7104,7153
7141,7148
7118,7157
7261,7153
7154,7146
7172,7153
7231,7147
7260,7158
7194,7161
7198,7151
7159,7153
7171,7161
7123,7155
7245,7152
7180,7161
7250,7164
7212,7149
7101,7149
7321,7171
7149,7163
7183,7155
7340,7145
7175,7152
7333,7159
7279,7142
7274,7155
7270,7155
7129,7154
7256,7166
7121,7150
7260,7150
7270,7154
7209,7167
7265,7152
7198,7154
7232,7153
7184,7145
7266,7147
7302,7159
7178,7162
7254,7170
7327,7144
7150,7166
7243,7153
7144,7140
7192,7145
7197,7162
7108,7153
7299,7162
7257,7150
7281,7160
7275,7150
7114,7153
7329,7159
7109,7160
7222,7152
7384,7151
7242,7167
7363,7156
7178,7158
7314,7159
7247,7166
7134,7162
7298,7152
7119,7163
7179,7163
7296,7159
7159,7149
7268,7161
7239,7158
7191,7166
7210,7153
7178,7154
7235,7151
7187,7144
7173,7152
7245,7160
7200,7140
7243,7158
7139,7155
7177,7158
7209,7155
7172,7161
7316,7156
7245,7149
7294,7147
7221,7157
7091,7145
7227,7145
7139,7159
7231,7149
7251,7158
7219,7161
7289,7161
7175,7143
7250,7159
7211,7147
7287,7159
7265,7162
7230,7168
7251,7154
7324,7156
7269,7155
7270,7147
7148,7148
7146,7155
7221,7157
7090,7141
7292,7155
7094,7146
7243,7159
7295,7149
7126,7153
7339,7164
7205,7157
7235,7143
7175,7152
7216,7165
7284,7155
7125,7141
7296,7147
7160,7158
7116,7146
7228,7157
7162,7148
7256,7156
7234,7158
7281,7158
7335,7149
7197,7156
7272,7154
7227,7151
7162,7145
7270,7153
7142,7151
7218,7158
7341,7157
7145,7145
7288,7146
7154,7148
7164,7154
7155,7158
7113,7143
7313,7163
7118,7160
7317,7154
7209,7153
7057,7154
7310,7158
7064,7157
7153,7159
7118,7149
7199,7153
7309,7151
7217,7154
7238,7152
7255,7159
7239,7157
7222,7161
7249,7150
7268,7147
7283,7156
7294,7141
7266,7159
7227,7158
7354,7154
7251,7142
7179,7144
7309,7166
7124,7152
7319,7149
7300,7150
7268,7157
7370,7157
7201,7160
7196,7153
7210,7159
7183,7160
7370,7150
7166,7155
7347,7153
7151,7151
7081,7151
7257,7149
7143,7157
7237,7152
7245,7167
7298,7151
7261,7162
7177,7162
7253,7175
7199,7151
7212,7151
7326,7162
7090,7158
7225,7149
7360,7146
7145,7151
7346,7154
7153,7161
7277,7158
7200,7160
7117,7161
7299,7152
7188,7151
7310,7149
7189,7156
7428,7147
7215,7147
7069,7167
7241,7147
7091,7172
7211,7165
7319,7156
7149,7165
7294,7162
7257,7154
7201,7163
7306,7154
7216,7160
7235,7140
7169,7145
7242,7155
7336,7156
7211,7151
7338,7162
7282,7148
7198,7159
7306,7167
7120,7153
7227,7156
7346,7162
7190,7156
7338,7157
7184,7163
7203,7158
7185,7152
7226,7153
7383,7148
7317,7174
7380,7164
7323,7168
7352,7173
7379,7184
7319,7179
7483,7195
7407,7203
7436,7202
7490,7221
7465,7209
7513,7225
7531,7228
7607,7248
7509,7238
7549,7253
7538,7270
7552,7267
7547,7281
7609,7294
7580,7293
7636,7317
7557,7304
7626,7311
7552,7338
7652,7338
7605,7348
7637,7349
7596,7360
7646,7358
7672,7393
7662,7385
7721,7398
7624,7403
7677,7400
7658,7423
7656,7429
7678,7425
7695,7436
7725,7453
7713,7450
7701,7474
7746,7473
7698,7483
7706,7490
7726,7492
7693,7491
7675,7519
7813,7520
7678,7525
7752,7543
7903,7540
7806,7561
7669,7566
7722,7560
7722,7568
7694,7584
7774,7591
7771,7598
7744,7613
7722,7607
7787,7641
7830,7624
7775,7643
7765,7673
7829,7649
7797,7659
7817,7668
7747,7685
7813,7707
7864,7685
7907,7705
7857,7675
7841,7708
7828,7714
7840,7724
7934,7760
7913,7748
7925,7759
7779,7789
7857,7781
7833,7759
7950,7810
7912,7807
7931,7810
7922,7798
7912,7854
7933,7834
7917,7833
7905,7839
7915,7852
7943,7833
7958,7862
7980,7872
8019,7893
8004,7889
8087,7906
8081,7901
8068,7931
8000,7942
7966,7945
7907,7938
7954,7935
7963,7946
7873,7944
7920,7952
7862,7956
7866,7967
7849,7959
7867,7950
7827,7977
7837,7951
7843,7951
7815,7959
7827,7965
7832,7956
7800,7945
7815,7952
7826,7961
7816,7948
7842,7948
7815,7920
7798,7958
7813,7942
7807,7956
7805,7949
7800,7963
7828,7949
7782,7956
7791,7943
7794,7944
7803,7960
7796,7962
7782,7958
7763,7951
7762,7953
7769,7955
7781,7941
7789,7946
7767,7951
7787,7961
7768,7962
7782,7942
7794,7944
7796,7977
7822,7959
7821,7929
7817,7965
7824,7947
7855,7957
7949,7949
7979,7961
8129,7974
8208,7960
8274,7989
8320,7986
8386,7986
8428,7987
8437,8002
8472,8022
8485,8025
8489,8031
8481,8024
8479,8034
8458,8047
8462,8070
8432,8067
8413,8075
8376,8077
8412,8082
8484,8087
8509,8105
8546,8109
8555,8113
8538,8122
8511,8134
8416,8141
8438,8145
8607,8168
8580,8169
8617,8166
8628,8174
8544,8187
8541,8200
8645,8209
8664,8205
8652,8218
8595,8236
8575,8241
8630,8245
8668,8244
8665,8260
8535,8270
8562,8268
8684,8286
8670,8305
8558,8298
8609,8303
8740,8326
8632,8323
8530,8338
8581,8333
8742,8344
8506,8355
8689,8375
8723,8368
8699,8387
8580,8381
8750,8386
8705,8395
8610,8409
8688,8417
8728,8422
8652,8433
8719,8436
8696,8458
8710,8455
8777,8481
8739,8480
8720,8496
8661,8489
8706,8509
8876,8517
8691,8524
8850,8524
8848,8518
8849,8554
8774,8561
8722,8552
8850,8572
8746,8574
8900,8579
8781,8593
8857,8603
8745,8606
8855,8613
8823,8627
8960,8625
8856,8627
8850,8654
8837,8653
8946,8656
8867,8673
8948,8675
8753,8689
8889,8703
8844,8701
8916,8718
8999,8728
8840,8732
8986,8733
8817,8739
8832,8749
8714,8760
8760,8750
8857,8741
8651,8742
8762,8753
8665,8750
8633,8753
8693,8755
8538,8756
8740,8752
8562,8756
8708,8757
8761,8748
8644,8761
8680,8752
8591,8747
8657,8758
8589,8747
8558,8751
8745,8755
8655,8748
8718,8761
8721,8748
8573,8775
8708,8748
8705,8759
8681,8756
8708,8759
8631,8758
8738,8753
8603,8758
8756,8748
8610,8740
8582,8755
8769,8753
8568,8752
8690,8766
8733,8756
8646,8759
8806,8752
8655,8755
8615,8767
8637,8754
8574,8757
8719,8742
8624,8744
8727,8759
8696,8757
8605,8747
8697,8757
8598,8760
8662,8763
8591,8751
8681,8759
8736,8754
8646,8758
8820,8762
8735,8748
8602,8766
8751,8750
8561,8754
8723,8754
8804,8760
8583,8759
8728,8736
8663,8740
8771,8757
8660,8753
8538,8760
8762,8761
8584,8757
8706,8769
8694,8757
8650,8754
8751,8757
8614,8761
8656,8756
8577,8763
8686,8744
8787,8761
8586,8747
8727,8770
8704,8750
8530,8765
8743,8752
8535,8751
8580,8758
8649,8750
8590,8755
8793,8750
8687,8751
8829,8759
8690,8759
8597,8762
8633,8767
8609,8758
8710,8757
8741,8764
8671,8780
8778,8756
8648,8741
8836,8762
8621,8749
8581,8763
8751,8756
8580,8758
8717,8764
8762,8761
8736,8760
8688,8743
8629,8746
8674,8762
8655,8745
8664,8765
8717,8770
8653,8748
8787,8756
8719,8762
8591,8757
8735,8745
8545,8763
8809,8763
8579,8753
8692,8761
8779,8754
8628,8766
8859,8754
8640,8735
8466,8752
8678,8755
8539,8758
8744,8752
8771,8750
8589,8756
8804,8758
8642,8750
8758,8764
8672,8758
8667,8752
8744,8761
8598,8759
8699,8757
8676,8752
8683,8758
8698,8760
8621,8749
8672,8755
8623,8754
8647,8762
8742,8756
8624,8762
8835,8749
8622,8747
8593,8768
8711,8753
8659,8757
8751,8757
8747,8759
8654,8759
8748,8743
8574,8755
8769,8766
8602,8754
8568,8761
8839,8759
8527,8749
8857,8760
8784,8754
8794,8758
8775,8763
8609,8748
8618,8768
8603,8752
8568,8756
8703,8756
8612,8758
8721,8762
8754,8763
8562,8753
8702,8750
8551,8757
8668,8758
8597,8762
8646,8756
8690,8755
8578,8753
8782,8761
8623,8757
8573,8756
8648,8757
8641,8769
8786,8766
8648,8744
8685,8764
8819,8755
8581,8755
8807,8757
8601,8762
8657,8772
8738,8747
8572,8752
8762,8769
8639,8762
8726,8764
8656,8754
8586,8755
8710,8757
8563,8743
8664,8764
8782,8746
8668,8766
8818,8761
8672,8743
8563,8760
8705,8764
8579,8753
8662,8750
8601,8769
8636,8756
8756,8754
8591,8754
8789,8756
8668,8758
8643,8751
8631,8759
8607,8757
8859,8758
8761,8744
8739,8750
8738,8757
8589,8758
8802,8759
8588,8765
8599,8754
8887,8752
8555,8758
8779,8747
8725,8756
8727,8759
8686,8754
8530,8754
8726,8759
8573,8757
8735,8763
8735,8773
8691,8761
8830,8743
8668,8741
8576,8776
8667,8736
8548,8750
8668,8755
8548,8753
8652,8761
8809,8755
8607,8765
8852,8752
8627,8761
8614,8752
8675,8747
8602,8756
8751,8745
8740,8755
8670,8755
8746,8748
8618,8745
8809,8759
8611,8748
8669,8757
8878,8744
8566,8757
8797,8754
8652,8753
8817,8763
8660,8746
8544,8766
8743,8751
8606,8743
8667,8765
8740,8756
8641,8760
8799,8751
8667,8762
8601,8762
8738,8755
8670,8759
8837,8758
8607,8753
8770,8754
8796,8756
8645,8767
8788,8749
8582,8756
8581,8757
8645,8747
8585,8748
8779,8753
8722,8751
8796,8755
8754,8761
8557,8756
8744,8758
8573,8764
8666,8746
8731,8755
8655,8746
8758,8764
8618,8743
8717,8764
8656,8757
8598,8750
8732,8746
8609,8759
8716,8757
8764,8758
8759,8763
8865,8747
8636,8763
8617,8751
8623,8754
8597,8755
8757,8760
8555,8757
8680,8762
8783,8759
8661,8751
8749,8763
8594,8754
8641,8747
8676,8754
8722,8759
8786,8756
8626,8737
8825,8762
8635,8748
8611,8755
8706,8752
8574,8755
8708,8749
8751,8759
8609,8760
8801,8759
8652,8768
8747,8757
8709,8757
8643,8768
8700,8762
8705,8768
8734,8754
8713,8741
8768,8752
8745,8751
8562,8745
8694,8765
8610,8762
8665,8757
8795,8753
8585,8762
8770,8760
8747,8757
8603,8763
8721,8763
8579,8761
8673,8767
8535,8765
8634,8768
8810,8768
8655,8754
8793,8759
8744,8753
8556,8760
8772,8757
8582,8761
8663,8761
8752,8756
8720,8753
8824,8760
8609,8757
8780,8754
8672,8750
8642,8763
8759,8753
8605,8754
8651,8758
8824,8753
8623,8756
8759,8757
8651,8749
8645,8757
8692,8757
8627,8762
8774,8756
8601,8765
8748,8761
8654,8752
8613,8748
8665,8761
8527,8759
8681,8757
8548,8759
8645,8759
8760,8764
8563,8751
8694,8752
8601,8744
8541,8744
8494,8737
8324,8735
8612,8731
8554,8712
8588,8725
8518,8698
8301,8695
8451,8693
8300,8672
8472,8680
8475,8675
8381,8656
8349,8652
8401,8640
8367,8632
8365,8628
8348,8620
8286,8603
8289,8598
8264,8602
8245,8579
8305,8584
8279,8569
8337,8561
8225,8559
8242,8557
8288,8549
8373,8518
8163,8519
8200,8522
8315,8510
8252,8508
8317,8496
8221,8489
8234,8476
8277,8464
8297,8455
8375,8445
8294,8449
8257,8435
8359,8431
8271,8420
8214,8407
8309,8407
8225,8405
8237,8389
8280,8371
8202,8376
8173,8358
8267,8352
8110,8350
8154,8355
8398,8333
8410,8330
8269,8302
8023,8304
8289,8306
8141,8300
8048,8292
8101,8271
8130,8244
8160,8258
8054,8251
8056,8244
8112,8235
8160,8228
8075,8231
8050,8216
8019,8217
8083,8216
8131,8187
8086,8176
8038,8166
7965,8158
8003,8153
8131,8144
8164,8130
8037,8123
8024,8104
7959,8129
8009,8115
7987,8092
7994,8092
8042,8075
8095,8085
8123,8047
8067,8058
8045,8048
8025,8035
8020,8067
7950,8038
7954,8020
7924,8027
7921,8011
7925,7989
7891,7999
7935,7976
8000,7981
8021,7973
8066,7982
8035,7950
8018,7973
8066,7956
8067,7955
8078,7950
8122,7971
8112,7969
8106,7957
8094,7962
8111,7957
8137,7940
8151,7961
8148,7977
8138,7954
8174,7965
8187,7960
8129,7962
8143,7962
8160,7969
8168,7960
8161,7981
8170,7953
8144,7957
8167,7953
8141,7967
8181,7959
8152,7968
8156,7956
8147,7947
8135,7966
8184,7961
8166,7962
8170,7961
8142,7943
8176,7951
8166,7947
8152,7959
8158,7949
8134,7977
8142,7954
8154,7936
8151,7954
8138,7967
8161,7946
8146,7937
8125,7944
8111,7953
7974,7958
7919,7941
7777,7942
7680,7942
7614,7958
7614,7927
7511,7922
7432,7906
7488,7912
7430,7903
7395,7891
7419,7887
7438,7883
7438,7888
7444,7855
7440,7839
7484,7848
7487,7849
7456,7826
7461,7833
7378,7814
7376,7805
7331,7799
7326,7795
7356,7780
7442,7769
7383,7757
7453,7760
7317,7755
7326,7746
7305,7745
7382,7734
7375,7723
7429,7708
7341,7702
7328,7693
7299,7680
7360,7685
7397,7668
7349,7652
7267,7663
7320,7642
7423,7633
7360,7629
7295,7620
7371,7606
7252,7611
7469,7606
7086,7591
7248,7585
7332,7572
7126,7573
7211,7566
7304,7553
7207,7551
7139,7527
7222,7512
7238,7526
7127,7500
7189,7498
7221,7501
7131,7482
7171,7473
7175,7459
7158,7476
7205,7458
7187,7449
7071,7425
7242,7435
7111,7425
7139,7427
7173,7405
7159,7398
7289,7397
7156,7377
7158,7379
7043,7367
7188,7360
7212,7350
7055,7337
7159,7321
7069,7329
7174,7325
7066,7315
7073,7303
6977,7290
7147,7295
7019,7273
7111,7274
6973,7262
7041,7264
6951,7243
7111,7230
7060,7238
7068,7223
6955,7221
6927,7197
7001,7194
6912,7196
6985,7178
7023,7160
7039,7175
7114,7171
7170,7172
7152,7183
7030,7159
7201,7164
7138,7164
7157,7155
7160,7163
7191,7157
7308,7147
7111,7131
7322,7134
7217,7152
7093,7151
7146,7148
7037,7157
7289,7157
7302,7153
7248,7157
7365,7151
7248,7149
7297,7152
7317,7154
7118,7160
7339,7155
7162,7161
7309,7159
7320,7147
7267,7159
7345,7153
7144,7157
7183,7161
7209,7150
7180,7148
7307,7162
7163,7149
7267,7161
7343,7156
7204,7153
7290,7158
7214,7151
7255,7160
7096,7160
7236,7154
7268,7152
7134,7157
7240,7155
7176,7146
7123,7142
7182,7150
7125,7150
7220,7152
7377,7146
7156,7154
7293,7155
7116,7148
7263,7149
7122,7159
7100,7157
7284,7162
7113,7146
7248,7170
7220,7155
7284,7151
7277,7151
7113,7156
7139,7166
7205,7151
7159,7162
7347,7147
7134,7158
7366,7166
7223,7150
7129,7164
7192,7158
7120,7154
7298,7159
7145,7154
7244,7162
7274,7155
7275,7157
7243,7137
7367,7151
7176,7161
7321,7153
7187,7151
7272,7159
7221,7152
7242,7159
7288,7169
7156,7156
7228,7151
7152,7142
7155,7156
7355,7168
7108,7162
7333,7149
7326,7147
7156,7163
7310,7144
7131,7149
7270,7163
7163,7157
7241,7163
7253,7155
7102,7164
7305,7166
7232,7148
7132,7149
7202,7154
7195,7154
7283,7157
7302,7158
7252,7168
7276,7158
7167,7145
7300,7148
7180,7150
7113,7164
7245,7170
7093,7151
7247,7153
7271,7156
7178,7164
7245,7160
7137,7142
7214,7150
7178,7146
7242,7160
7365,7162
7171,7154
7315,7146
7220,7147
7202,7156
7162,7154
7143,7162
7203,7147
7162,7151
7223,7160
7200,7152
7247,7134
7297,7158
7248,7158
7151,7159
7279,7148
7104,7149
7297,7159
7284,7154
7213,7153
7276,7159
7234,7148
7265,7150
7178,7147
7182,7149
7282,7161
7107,7152
7303,7141
7246,7151
7291,7161
7302,7152
7089,7148
7215,7146
7122,7156
7237,7153
7231,7148
7142,7158
7304,7159
7165,7155
7153,7160
7227,7158
7190,7153
7241,7158
7223,7155
7258,7162
7231,7159
7146,7170
7328,7150
7121,7147
7152,7161
7199,7146
7112,7157
7303,7154
7353,7150
7210,7160
7307,7141
7183,7149
7321,7166
7199,7149
7167,7157
7349,7175
7128,7160
7316,7156
7185,7140
7354,7141
7189,7149
7118,7155
7208,7152
7167,7155
7177,7156
7260,7153
7226,7160
7299,7154
7234,7157
7165,7157
7251,7156
7087,7151
7351,7158
7115,7151
7253,7149
7305,7159
7246,7156
7286,7168
7248,7157
7183,7152
7205,7163
7192,7177
7297,7150
7232,7153
7381,7149
7289,7152
7108,7151
7276,7158
7035,7150
7271,7152
7316,7162
7115,7152
7257,7151
7209,7151
7283,7166
7244,7150
7191,7148
7193,7155
7300,7149
7196,7156
7178,7148
7230,7162
7303,7169
7219,7156
7198,7159
7197,7163
7221,7159
7263,7161
7114,7152
7229,7156
7305,7152
7216,7154
7270,7142
7175,7157
7199,7162
7235,7145
7200,7153
7298,7166
7142,7156
7312,7159
7152,7155
7020,7155
7229,7142
7081,7162
7221,7160
7217,7149
7215,7158
7229,7151
7128,7149
7283,7154
7205,7155
7116,7160
7319,7150
7194,7154
7265,7157
7316,7145
7204,7155
7403,7169
7248,7157
7098,7152
7284,7166
7149,7151
7271,7159
7165,7138
7258,7157
7302,7156
7186,7135
7259,7155
7074,7160
7237,7156
7104,7157
7120,7155
7234,7164
7160,7154
7293,7151
7231,7155
7095,7169
7256,7156
7235,7159
7211,7163
7235,7157
7176,7172
7270,7151
7204,7151
7258,7158
7191,7150
7169,7160
7263,7164
7138,7152
7320,7151
7335,7160
7213,7160
7297,7152
7090,7159
7119,7149
7225,7163
7067,7162
7384,7155
7074,7148
7316,7152
7242,7157
7110,7164
7245,7161
7090,7160
7205,7156
7153,7157
7184,7157
7203,7150
7197,7157
7195,7150
7184,7159
7179,7160
7271,7154
7243,7151
7228,7156
7339,7153
7230,7152
7329,7159
7153,7163
7363,7159
7239,7158
7103,7148
7320,7159
7103,7158
7213,7159
7302,7148
7286,7147
7329,7149
7138,7154
7291,7149
7118,7164
7268,7160
7305,7155
7121,7163
7351,7160
7257,7147
7180,7152
7240,7154
7149,7151
7271,7156
7228,7155
7170,7155
7300,7146
7299,7149
7284,7160
7267,7148
7176,7155
7285,7155
7178,7152
7253,7159
7265,7159
7230,7154
7311,7158
7164,7142
7391,7144
7215,7148
7187,7161
7412,7161
7134,7154
7390,7152
7221,7158
7304,7159
7198,7150
7088,7161
7211,7151
7190,7151
7155,7147
7221,7148
7237,7149
7235,7155
7290,7151
7183,7158
7280,7149
7182,7152
7210,7159
7179,7147
7214,7161
7365,7149
7102,7153
7357,7152
7247,7175
7131,7158
7349,7148
7123,7158
7240,7158
7325,7149
7241,7154
7391,7163
7259,7148
7337,7162
7252,7158
7353,7169
7445,7163
7411,7159
7530,7180
7444,7180
7379,7199
7457,7215
7434,7213
7485,7213
7489,7223
7499,7236
7449,7229
7539,7242
7489,7258
7583,7265
7534,7265
7566,7278
7548,7279
7583,7288
7569,7302
7599,7310
7590,7318
7594,7328
7542,7317
7667,7338
7618,7349
7634,7366
7542,7360
7607,7378
7566,7374
7556,7387
7694,7402
7673,7400
7729,7416
7647,7419
7666,7438
7652,7429
7681,7450
7744,7457
7676,7446
7692,7462
7763,7484
7668,7480
7717,7504
7739,7499
7703,7511
7745,7513
7693,7524
7660,7549
7637,7544
7724,7544
7716,7554
7631,7571
7774,7571
7666,7579
7709,7579
7855,7592
7773,7606
7759,7612
7754,7622
7872,7642
7793,7628
7781,7640
7763,7656
7827,7643
7826,7669
7880,7677
7778,7689
7873,7696
7855,7690
7889,7705
7865,7703
7830,7700
7860,7728
7887,7734
7946,7737
7975,7775
7839,7775
7775,7771
7816,7781
7838,7785
7917,7788
7944,7805
7944,7825
7926,7845
7936,7826
7906,7844
7843,7823
7888,7825
7949,7867
7984,7853
8020,7876
8006,7881
8014,7876
8016,7898
8064,7903
8061,7923
8028,7925
8014,7918
8013,7932
7934,7929
7933,7938
7933,7930
7925,7932
7905,7951
7893,7954
7882,7945
7889,7949
7879,7978
7851,7960
7823,7953
7852,7944
7846,7940
7816,7932
7842,7953
7818,7947
7815,7971
7814,7961
7838,7966
7841,7955
7824,7953
7821,7969
7830,7966
7803,7941
7829,7941
7798,7954
7809,7957
7796,7960
7788,7955
7799,7954
7803,7943
7796,7952
7801,7968
7797,7958
7828,7959
7773,7950
7752,7967
7797,7963
7806,7963
7832,7966
7759,7924
7802,7973
7796,7942
7792,7963
7816,7947
7804,7973
7820,7957
7791,7965
7906,7991
7967,7949
8047,7941
8189,7951
8261,7958
8352,7952
8417,7979
8397,8001
8388,8007
8440,8014
8470,8014
8498,8027
8516,8011
8473,8032
8480,8044
8469,8049
8413,8052
8401,8081
8426,8081
8432,8083
8404,8094
8510,8098
8522,8108
8542,8120
8550,8113
8554,8124
8436,8143
8409,8147
8448,8157
8579,8159
8627,8171
8604,8163
8496,8185
8519,8205
8531,8199
8647,8205
8625,8208
8656,8220
8558,8236
8609,8235
8661,8239
8667,8248
8627,8259
8531,8264
8594,8280
8710,8283
8663,8299
8554,8298
8632,8321
8672,8325
8668,8323
8504,8339
8678,8345
8737,8348
8555,8365
8623,8367
8781,8376
8722,8364
8692,8398
8738,8399
8687,8413
8595,8409
8756,8434
8679,8434
8649,8437
8726,8441
8645,8443
8725,8463
8758,8477
8680,8465
8769,8489
8713,8495
8694,8500
8831,8510
8764,8521
8797,8525
8733,8537
8826,8554
8832,8551
8737,8553
8814,8575
8838,8587
8882,8583
8740,8595
8849,8596
8751,8613
8947,8615
8877,8645
8906,8634
8850,8628
8942,8650
8856,8658
8957,8667
8922,8662
8892,8681
8814,8688
8982,8703
8967,8705
8802,8703
8953,8719
8768,8727
8800,8730
8850,8735
8832,8748
8840,8731
8590,8749
8806,8755
8615,8747
8746,8753
8850,8749
8606,8749
8784,8761
8629,8750
8782,8755
8739,8750
8637,8762
8747,8756
8630,8756
8746,8755
8776,8740
8638,8762
8780,8756
8613,8749
8657,8755
8614,8746
8638,8754
8660,8767
8612,8755
8675,8766
8649,8752
8596,8761
8737,8756
8558,8758
8636,8762
8603,8754
8689,8766
8726,8754
8545,8759
8757,8753
8667,8751
8541,8769
8693,8755
8536,8757
8649,8760
8777,8746
8656,8773
8780,8752
8642,8749
8772,8754
8675,8766
8585,8757
8765,8749
8614,8766
8781,8751
8737,8743
8714,8763
8725,8754
8634,8756
8629,8755
8650,8751
8626,8750
8758,8751
8589,8760
8750,8764
8698,8757
8562,8763
8734,8749
8564,8759
8726,8758
8575,8752
8689,8747
8728,8758
8617,8747
8770,8760
8651,8766
8600,8763
8634,8761
8512,8753
8820,8762
8852,8759
8687,8770
8875,8756
8548,8752
8807,8749
8653,8762
8581,8756
8715,8765
8618,8748
8647,8755
8676,8758
8702,8751
8740,8727
8577,8764
8691,8761
8597,8752
8687,8756
8783,8757
8610,8749
8739,8748
8645,8756
8555,8746
8756,8749
8549,8759
8599,8759
8645,8765
8713,8761
8755,8750
8640,8761
8763,8752
8751,8759
8665,8763
8619,8754
8649,8754
8781,8763
8709,8753
8739,8751
8734,8761
8602,8763
8740,8764
8604,8754
8644,8763
8810,8755
8623,8756
8767,8756
8653,8763
8885,8758
8764,8747
8531,8769
8657,8759
8569,8751
8726,8763
8812,8752
8552,8748
8779,8767
8688,8754
8598,8760
8682,8761
8579,8745
8804,8763
8581,8758
8728,8754
8820,8757
8619,8760
8772,8774
8677,8757
8633,8761
8742,8760
8595,8753
8661,8751
8773,8762
8699,8752
8720,8756
8570,8756
8735,8755
8563,8768
8687,8752
8728,8755
8679,8763
8803,8768
8612,8739
8826,8754
8715,8760
8557,8757
8704,8755
8568,8754
8704,8757
8784,8754
8571,8753
8838,8764
8696,8749
8559,8759
8753,8754
8605,8756
8727,8758
8537,8751
8732,8753
8746,8752
8640,8759
8759,8754
8660,8761
8746,8756
8620,8753
8607,8759
8697,8768
8698,8758
8782,8758
8662,8750
8501,8749
8694,8757
8569,8755
8654,8755
8759,8757
8574,8752
8782,8761
8692,8759
8573,8761
8680,8755
8626,8772
8752,8752
8664,8764
8836,8769
8768,8754
8645,8742
8786,8760
8618,8746
8724,8759
8590,8759
8526,8754
8761,8751
8798,8758
8689,8756
8789,8751
8568,8749
8867,8762
8608,8748
8659,8758
8788,8764
8653,8754
8760,8764
8654,8755
8748,8769
8704,8747
8562,8770
8690,8749
8558,8762
8672,8761
8742,8758
8643,8760
8802,8757
8676,8738
8659,8755
8727,8750
8630,8765
8783,8745
8640,8763
8708,8760
8768,8751
8633,8759
8773,8757
8728,8752
8644,8763
8733,8756
8627,8756
8744,8755
8640,8749
8811,8754
8726,8736
8509,8771
8704,8740
8499,8752
8676,8751
8747,8755
8670,8760
8817,8759
8631,8763
8761,8771
8693,8755
8584,8764
8708,8763
8651,8744
8706,8756
8693,8753
8673,8762
8753,8757
8647,8751
8653,8764
8656,8755
8628,8760
8780,8756
8606,8748
8768,8760
8793,8768
8614,8758
8765,8758
8576,8759
8696,8748
8609,8751
8657,8754
8787,8749
8734,8739
8745,8747
8691,8755
8551,8755
8699,8762
8601,8764
8684,8756
8764,8760
8685,8771
8839,8761
8649,8766
8931,8760
8751,8750
8643,8760
8731,8756
8592,8750
8691,8756
8775,8757
8606,8757
8813,8754
8724,8758
8632,8752
8666,8748
8639,8759
8720,8759
8604,8757
8709,8761
8738,8757
8627,8763
8684,8757
8606,8755
8759,8755
8609,8762
8665,8754
8808,8758
8623,8752
8796,8757
8632,8756
8525,8764
8808,8754
8642,8750
8690,8758
8812,8751
8701,8755
8804,8753
8671,8758
8762,8765
8620,8754
8610,8761
8732,8752
8661,8754
8748,8762
8778,8768
8714,8756
8809,8757
8634,8739
8642,8763
8648,8752
8685,8773
8870,8754
8541,8749
8833,8762
8723,8754
8552,8750
8762,8756
8620,8738
8679,8764
8612,8743
8658,8754
8704,8754
8679,8752
8785,8752
8641,8765
8637,8762
8668,8752
8639,8760
8755,8756
8690,8766
8686,8755
8794,8759
8604,8754
8820,8766
8651,8752
8585,8747
8788,8758
8565,8750
8820,8753
8767,8753
8703,8759
8759,8751
8549,8750
8716,8760
8537,8752
8573,8769
8765,8766
8570,8750
8834,8748
8658,8760
8503,8763
8733,8750
8620,8762
8621,8761
8579,8746
8629,8756
8788,8754
8681,8754
8737,8764
8710,8765
8645,8749
8731,8763
8676,8761
8657,8748
8716,8764
8683,8755
8745,8755
8626,8750
8777,8757
8625,8763
8643,8762
8793,8762
8626,8765
8821,8750
8669,8754
8753,8750
8740,8762
8553,8752
8689,8757
8520,8746
8486,8758
8612,8749
8561,8750
8727,8738
8408,8729
8349,8734
8448,8711
8341,8702
8505,8710
8312,8691
8433,8696
8379,8679
8345,8675
8380,8665
8329,8666
8373,8651
8375,8636
8315,8634
8297,8638
8338,8613
8280,8601
8299,8605
8223,8586
8237,8601
8333,8578
8299,8580
8277,8569
8257,8555
8318,8542
8188,8536
8310,8527
8171,8525
8204,8518
8321,8520
8275,8496
8301,8506
8208,8470
8283,8469
8342,8474
8295,8463
8334,8447
8301,8431
8248,8433
8319,8429
8229,8426
8195,8406
8237,8396
8221,8404
8256,8373
8268,8392
8251,8377
8167,8362
8257,8353
8094,8355
8260,8344
8379,8337
8435,8325
8150,8313
8007,8318
8291,8310
8223,8288
8117,8290
8063,8275
8174,8252
8077,8258
8095,8260
8039,8235
8128,8240
8099,8231
8061,8230
7957,8207
8071,8194
8078,8179
8138,8181
8077,8184
8077,8169
7966,8174
7962,8151
8112,8134
8186,8148
8092,8116
8049,8106
8043,8117
8025,8105
7985,8084
8060,8104
8051,8104
8091,8080
8080,8067
8054,8039
8001,8043
8053,8061
7991,8042
7942,8050
7935,8031
7968,7999
7926,8007
7903,8004
7940,7972
7973,7997
7987,7959
7994,7990
8057,7959
8054,7963
8001,7970
8035,7957
8102,7941
8072,7961
8085,7983
8084,7973
8138,7949
8110,7963
8128,7936
8160,7955
8120,7965
8140,7950
8176,7954
8139,7951
8149,7944
8141,7958
8152,7961
8149,7952
8188,7966
8153,7950
8168,7962
8184,7956
8149,7957
8157,7975
8130,7942
8160,7953
8149,7953
8170,7954
8164,7947
8161,7955
8174,7956
8168,7949
8177,7937
8162,7947
8164,7977
8159,7987
8117,7960
8134,7950
8159,7982
8146,7946
8167,7941
8151,7944
8121,7964
8144,7928
8145,7969
8064,7951
7966,7969
7878,7958
7760,7952
7680,7938
7594,7938
7530,7927
7541,7912
7452,7912
7460,7901
7435,7895
7418,7885
7436,7890
7404,7864
7434,7852
7420,7851
7462,7858
7483,7833
7466,7831
7491,7826
7449,7814
7380,7804
7317,7800
7328,7788
7397,7795
7302,7788
7420,7776
7389,7767
7424,7750
7342,7755
7313,7741
7335,7737
7336,7713
7399,7726
7411,7711
7329,7708
7300,7691
7324,7684
7426,7666
7431,7673
7290,7656
7253,7637
7315,7646
7362,7641
7291,7646
7216,7619
7278,7614
7258,7589
7232,7586
7146,7595
7221,7588
7257,7571
7128,7580
7214,7564
7208,7541
7243,7540
7168,7536
7181,7526
7198,7511
7128,7512
7181,7497
7208,7504
7113,7488
7221,7482
7224,7468
7099,7470
7211,7449
7155,7449
7161,7439
7203,7428
7125,7411
7167,7418
7085,7416
7258,7393
7269,7394
7043,7392
7242,7370
7000,7374
7159,7351
7092,7359
7125,7331
7175,7336
7069,7315
7119,7319
7082,7321
7063,7301
7010,7279
7070,7286
7016,7273
7094,7270
7001,7276
7067,7253
6932,7245
7024,7229
6920,7232
7038,7218
6987,7223
6901,7213
6999,7184
6915,7185
7043,7182
7121,7168
7009,7172
7050,7166
7065,7167
7179,7163
7036,7162
7027,7153
7158,7167
7180,7164
7200,7157
7064,7153
7215,7163
7098,7151
7143,7154
7361,7150
7184,7158
7240,7161
7054,7161
7087,7144
7213,7154
7139,7158
7236,7163
7167,7151
7321,7157
7398,7156
7185,7149
7413,7161
7264,7149
7178,7151
7275,7153
7156,7134
7285,7155
7423,7157
7253,7148
7327,7149
7252,7152
7286,7157
7234,7156
7248,7160
7345,7137
7204,7158
7261,7149
7188,7154
7315,7150
7268,7154
7130,7154
7220,7167
7105,7159
7195,7156
7273,7152
7168,7151
7274,7150
7306,7158
7109,7160
7298,7153
7072,7157
7216,7167
7049,7155
7233,7156
7289,7148
7116,7146
7280,7154
7174,7139
7160,7154
7111,7152
7112,7156
7299,7159
7307,7155
7284,7146
7398,7146
7165,7150
7382,7168
7145,7159
7111,7141
7349,7150
7205,7150
7251,7157
7177,7154
7336,7154
7221,7162
7140,7146
7153,7147
7261,7149
7281,7156
7248,7150
7242,7156
7373,7164
7254,7147
7155,7155
7160,7140
7086,7160
7279,7160
7106,7156
7236,7158
7328,7156
7160,7156
7293,7158
7129,7143
7144,7159
7242,7151
7184,7163
7373,7154
7197,7152
7319,7151
7256,7155
7072,7159
7230,7152
7034,7159
7160,7157
7287,7156
7158,7149
7211,7163
7184,7163
7293,7154
7255,7143
7106,7155
7132,7156
7156,7153
7237,7147
7281,7158
7150,7151
7261,7152
7246,7148
7212,7153
7214,7144
7163,7155
7274,7162
7071,7158
7260,7158
7303,7149
7090,7152
7342,7157
7046,7147
7187,7151
7127,7153
7153,7155
7324,7161
7193,7153
7299,7152
7238,7145
7161,7156
7257,7156
7248,7157
7213,7161
7273,7159
7187,7167
7243,7152
7194,7159
7104,7154
7206,7154
7124,7165
7267,7162
7149,7162
7277,7162
7364,7153
7076,7159
7370,7170
7255,7157
7131,7165
7257,7150
7176,7153
7264,7154
7211,7150
7286,7160
7216,7154
7129,7146
7217,7165
7042,7153
7142,7162
7296,7154
7174,7157
7176,7153
7124,7153
7243,7153
7201,7155
7225,7161
7201,7164
7127,7159
7283,7153
7275,7154
7172,7154
7277,7159
7223,7145
7086,7157
7297,7145
7131,7151
7232,7155
7110,7152
7261,7156
7287,7148
7148,7154
7332,7161
7132,7156
7230,7148
7130,7155
7207,7143
7274,7166
7188,7148
7266,7156
7201,7155
7145,7157
7196,7157
7177,7143
7223,7157
7234,7157
7208,7160
7202,7155
7176,7171
7358,7155
7205,7159
7202,7148
7276,7153
7219,7157
7256,7158
7319,7141
7214,7154
7286,7163
7220,7143
7164,7146
7197,7162
7093,7158
7348,7160
7088,7138
7337,7158
7339,7152
7125,7155
7257,7155
7072,7141
7201,7154
7124,7156
7156,7151
7243,7139
7225,7150
7208,7154
7221,7159
7223,7149
7196,7155
7163,7145
7253,7153
7269,7147
7223,7159
7291,7164
7204,7148
7310,7154
7297,7156
7117,7152
7232,7155
7162,7158
7221,7149
7304,7147
7243,7148
7261,7163
7165,7155
7287,7153
7078,7151
7258,7161
7349,7154
7114,7160
7305,7158
7184,7157
7133,7159
7253,7147
7129,7157
7213,7164
7193,7145
7172,7151
7281,7160
7259,7151
7345,7152
7286,7147
7164,7147
7277,7163
7185,7151
7183,7158
7290,7159
7218,7147
7344,7156
7151,7152
7298,7159
7218,7155
7106,7148
7280,7147
7150,7156
7313,7164
7263,7151
7256,7148
7233,7161
7137,7167
7215,7153
7117,7150
7193,7157
7212,7155
7145,7165
7132,7153
7178,7159
7243,7161
7170,7154
7097,7151
7295,7157
7192,7155
7180,7156
7319,7152
7177,7150
7377,7151
7179,7147
7084,7154
7276,7163
7103,7151
7242,7159
7381,7147
7165,7152
7322,7149
7155,7151
7334,7139
7193,7151
7153,7168
7243,7164
7104,7163
7283,7157
7210,7149
7236,7168
7244,7148
7192,7149
7285,7145
7136,7166
7228,7145
7283,7152
7132,7150
7343,7158
7269,7147
7130,7144
7321,7155
7142,7156
7156,7157
7186,7159
7224,7150
7321,7154
7143,7147
7339,7153
7218,7153
7185,7155
7249,7148
7141,7147
7376,7156
7267,7158
7307,7151
7306,7154
7149,7149
7286,7157
7174,7151
7156,7144
7267,7153
7151,7169
7225,7155
7334,7140
7279,7163
7285,7179
7181,7161
7231,7147
7241,7157
7135,7160
7286,7164
7200,7160
7282,7152
7194,7166
7112,7159
7217,7155
7154,7170
7221,7157
7111,7155
7233,7146
7323,7164
7125,7159
7391,7150
7178,7157
7189,7150
7175,7157
7146,7157
7270,7155
7262,7148
7244,7164
7257,7158
7227,7151
7204,7164
7197,7160
7256,7160
7273,7159
7170,7157
7303,7161
7301,7158
7256,7156
7330,7156
7137,7153
7237,7147
7125,7155
7149,7152
7325,7148
7093,7153
7306,7157
7317,7153
7228,7158
7278,7152
7161,7152
7297,7148
7201,7156
7431,7157
7354,7166
7354,7172
7414,7159
7294,7176
7412,7171
7383,7191
7446,7195
7452,7205
7514,7199
7538,7221
7495,7222
7528,7227
7491,7243
7605,7251
7536,7253
7479,7259
7537,7263
7534,7282
7546,7280
7608,7290
7572,7297
7594,7320
7599,7311
7616,7332
7596,7333
7666,7341
7598,7350
7645,7367
7597,7365
7665,7372
7619,7388
7642,7389
7664,7398
7600,7412
7675,7408
7637,7420
7651,7423
7649,7439
7711,7444
7715,7450
7694,7457
7738,7473
7755,7486
7674,7484
7719,7493
7690,7514
7704,7511
7773,7512
7716,7512
7656,7538
7776,7536
7774,7560
7785,7566
7668,7569
7789,7575
7673,7590
7712,7593
7851,7621
7796,7598
7713,7610
7783,7623
7829,7625
7822,7624
7729,7654
7822,7643
7859,7647
7807,7669
7785,7689
7820,7689
7804,7700
7846,7694
7846,7719
7834,7706
7806,7735
7911,7746
7865,7753
7959,7739
7958,7768
7799,7763
7814,7751
7860,7786
7908,7782
7952,7783
7927,7810
7952,7799
7928,7827
7915,7828
7918,7846
7875,7832
7908,7859
7942,7857
8004,7866
7981,7876
8012,7894
7993,7890
8052,7907
8084,7912
8057,7911
8018,7897
7941,7918
8014,7917
7949,7941
7918,7939
7883,7944
7931,7925
7926,7968
7870,7966
7899,7929
7853,7958
7873,7954
7881,7962
7839,7955
7798,7937
7848,7937
7826,7962
7809,7949
7828,7956
7835,7930
7820,7948
7791,7954
7786,7966
7786,7947
7806,7945
7846,7955
7787,7949
7794,7950
7793,7940
7812,7945
7771,7937
7785,7949
7798,7972
7798,7955
7780,7949
7795,7957
7781,7947
7761,7964
7784,7958
7779,7950
7771,7971
7766,7965
7800,7946
7790,7948
7799,7955
7799,7959
7789,7970
7799,7957
7801,7962
7808,7944
7840,7957
7849,7945
7954,7951
8074,7984
8204,7962
8240,7976
8325,7981
8391,7989
8422,7990
8410,7998
8464,8008
8489,7995
8477,8030
8476,8020
8467,8042
8473,8050
8479,8049
8441,8069
8416,8064
8398,8077
8402,8082
8466,8086
8474,8090
8533,8108
8556,8107
8485,8123
8562,8130
8430,8137
8435,8157
8417,8153
8616,8157
8670,8157
8564,8180
8564,8187
8513,8200
8606,8211
8627,8208
8641,8215
8594,8219
8553,8228
8587,8230
8662,8253
8656,8264
8631,8267
8564,8271
8633,8286
8637,8306
8671,8294
8612,8306
8704,8324
8704,8333
8566,8330
8495,8332
8688,8354
8756,8348
8530,8368
8556,8367
8790,8372
8651,8391
8683,8397
8737,8394
8661,8408
8681,8414
8745,8417
8618,8427
8678,8445
8738,8444
8676,8447
8779,8471
8758,8460
8637,8488
8693,8488
8786,8491
8816,8503
8713,8520
8671,8529
8907,8530
8767,8537
8923,8548
8743,8558
8869,8555
8755,8575
8730,8588
8850,8591
8869,8579
8893,8617
8769,8616
8873,8611
8903,8623
8922,8641
8901,8651
8862,8649
8822,8654
8876,8672
8921,8666
8839,8683
8837,8691
8838,8706
8962,8712
8863,8719
8930,8725
8937,8725
8843,8748
8822,8727
8728,8745
8923,8750
8606,8751
8836,8751
8738,8744
8595,8757
8834,8749
8597,8748
8645,8754
8659,8755
8660,8772
8788,8748
8626,8750
8805,8757
8711,8755
8616,8758
8723,8752
8493,8766
8673,8773
8717,8765
8697,8753
8754,8759
8672,8760
8697,8747
8537,8760
8676,8757
8788,8750
8609,8750
8722,8758
8701,8753
8735,8760
8732,8771
8482,8754
8621,8771
8538,8755
8606,8747
8720,8756
8607,8753
8673,8756
8697,8764
8581,8758
8766,8757
8587,8769
8744,8756
8567,8751
8759,8756
8895,8772
8593,8761
8854,8747
8665,8761
8625,8763
8695,8756
8574,8762
8688,8744
8790,8756
8626,8762
8738,8750
8670,8755
8820,8766
8707,8754
8581,8761
8792,8768
8673,8760
8742,8759
8622,8754
8780,8737
8686,8752
8598,8756
8668,8760
8565,8750
8627,8764
8792,8757
8646,8746
8822,8753
8728,8755
8585,8755
8771,8750
8585,8767
8741,8758
8570,8748
8747,8759
8728,8758
8618,8753
8728,8759
8580,8766
8629,8764
8641,8771
8592,8753
8758,8760
8734,8758
8714,8763
8750,8756
8544,8765
8691,8761
8560,8749
8595,8762
8836,8756
8646,8760
8741,8755
8693,8755
8712,8756
8778,8756
8584,8769
8659,8763
8639,8758
8691,8761
8816,8746
8711,8752
8777,8745
8680,8763
8564,8756
8710,8749
8591,8755
8718,8756
8581,8749
8685,8761
8827,8757
8645,8754
8762,8737
8615,8760
8590,8759
8568,8747
8588,8753
8690,8753
8637,8754
8712,8762
8738,8744
8590,8753
8772,8747
8560,8755
8677,8753
8842,8746
8615,8753
8786,8757
8674,8745
8859,8755
8781,8766
8572,8755
8709,8743
8628,8759
8673,8771
8801,8758
8639,8761
8722,8752
8716,8742
8683,8770
8766,8757
8653,8759
8714,8761
8580,8752
8756,8759
8728,8757
8590,8758
8676,8751
8524,8755
8717,8760
8554,8750
8639,8758
8851,8743
8652,8748
8863,8756
8764,8752
8476,8747
8788,8757
8582,8756
8611,8766
8778,8759
8689,8756
8764,8749
8633,8762
8788,8758
8652,8747
8575,8757
8742,8749
8571,8764
8770,8763
8805,8749
8629,8762
8808,8753
8572,8755
8583,8756
8660,8742
8510,8773
8744,8757
8509,8757
8699,8760
8749,8733
8595,8761
8721,8758
8551,8742
8683,8763
8616,8757
8604,8753
8725,8758
8616,8756
8847,8753
8738,8755
8554,8760
8710,8754
8616,8750
8701,8759
8791,8751
8646,8761
8732,8746
8698,8757
8588,8755
8743,8753
8651,8746
8759,8754
8581,8756
8742,8762
8827,8767
8605,8757
8728,8763
8577,8761
8682,8757
8588,8763
8599,8748
8748,8755
8668,8750
8756,8756
8692,8761
8546,8755
8769,8755
8530,8766
8666,8758
8879,8762
8637,8766
8795,8755
8668,8753
8799,8754
8716,8761
8604,8764
8718,8766
8668,8755
8665,8754
8648,8758
8775,8755
8777,8752
8614,8752
8630,8759
8633,8755
8607,8745
8804,8749
8555,8763
8723,8763
8770,8755
8579,8755
8780,8764
8524,8740
8635,8764
8639,8757
8592,8751
8758,8752
8694,8750
8770,8754
8665,8761
8590,8754
8747,8747
8583,8771
8693,8762
8757,8749
8645,8742
8761,8757
8664,8758
8807,8758
8699,8752
8653,8761
8740,8741
8596,8753
8776,8766
8779,8749
8747,8758
8755,8747
8583,8757
8691,8754
8595,8752
8622,8758
8718,8762
8593,8753
8758,8759
8759,8753
8621,8766
8674,8754
8567,8762
8727,8747
8605,8770
8645,8744
8834,8753
8723,8765
8790,8760
8673,8753
8594,8750
8704,8750
8651,8764
8665,8755
8728,8758
8669,8759
8756,8755
8684,8758
8774,8749
8660,8753
8675,8757
8731,8750
8572,8754
8800,8751
8764,8763
8730,8768
8718,8754
8530,8755
8659,8759
8649,8751
8667,8758
8705,8756
8545,8753
8753,8742
8731,8742
8601,8761
8735,8756
8583,8742
8705,8774
8541,8759
8641,8752
8851,8759
8633,8755
8823,8755
8706,8757
8536,8763
8749,8769
8610,8755
8739,8753
8748,8751
8753,8762
8813,8754
8563,8770
8794,8756
8639,8756
8695,8751
8755,8750
8532,8751
8697,8751
8723,8753
8733,8746
8710,8762
8627,8755
8786,8761
8571,8762
8646,8751
8740,8753
8640,8758
8798,8753
8746,8748
8547,8757
8711,8759
8618,8757
8641,8750
8612,8750
8618,8759
8775,8757
8661,8756
8761,8758
8632,8757
8617,8762
8680,8757
8603,8762
8781,8773
8653,8745
8780,8761
8743,8754
8553,8751
8816,8764
8650,8752
8611,8765
8727,8759
8549,8763
8751,8757
8835,8752
8713,8760
8778,8769
8574,8759
8656,8752
8650,8756
8629,8767
8706,8759
8659,8752
8678,8750
8653,8744
8591,8760
8663,8758
8674,8763
8691,8766
8664,8757
8771,8753
8750,8742
8591,8758
8800,8760
8660,8755
8657,8766
8599,8757
8561,8742
8696,8754
8731,8753
8694,8761
8647,8757
8527,8747
8579,8743
8475,8739
8559,8733
8653,8719
8479,8731
8658,8717
8388,8707
8564,8702
8400,8692
8311,8696
8519,8682
8382,8683
8530,8662
8437,8651
8337,8647
8360,8639
8373,8642
8326,8619
8361,8601
8306,8593
8301,8592
8272,8594
8274,8584
8292,8587
8278,8566
8270,8563
8228,8563
8268,8542
8230,8537
8345,8525
8152,8516
8277,8523
8313,8494
8220,8500
8268,8493
8226,8488
8345,8474
8304,8465
8320,8463
8394,8446
8251,8433
8291,8430
8314,8424
8230,8412
8299,8404
8243,8400
8250,8396
8295,8381
8274,8380
8241,8364
8162,8364
8255,8354
8184,8340
8182,8336
8406,8333
8347,8316
8145,8317
8085,8302
8131,8301
8076,8293
8118,8282
8194,8265
8143,8260
8115,8260
8070,8256
8091,8218
8143,8231
8133,8208
8044,8215
7979,8199
8043,8201
8132,8188
8105,8182
8101,8189
8058,8174
8053,8138
8053,8135
8103,8126
8138,8137
8026,8136
7992,8110
8020,8128
7994,8107
7976,8085
8008,8083
8072,8067
8113,8068
8109,8062
8075,8063
8022,8062
8008,8048
7998,8021
7923,8020
7921,8023
7897,8011
7897,7997
7893,7977
7924,8008
7912,7974
7947,7979
8026,7968
7984,7960
8097,7963
8015,7969
8065,7953
8091,7975
8088,7963
8063,7961
8114,7970
8130,7946
8140,7945
8131,7952
8093,7963
8124,7959
8157,7962
8171,7946
8143,7967
8155,7967
8120,7957
8143,7983
8155,7971
8191,7966
8154,7940
8194,7970
8166,7967
8163,7959
8149,7954
8168,7953
8154,7948
8182,7951
8157,7933
8177,7963
8168,7965
8165,7957
8153,7948
8147,7935
8176,7966
8161,7963
8133,7970
8153,7934
8154,7957
8152,7936
8150,7956
8152,7943
8125,7966
8151,7952
8121,7949
8132,7968
8092,7943
7931,7964
7826,7945
7777,7945
7659,7949
7626,7932
7560,7927
7530,7917
7469,7887
7432,7919
7410,7918
7419,7886
7419,7881
7425,7873
7418,7863
7431,7859
7444,7847
7499,7863
7445,7830
7438,7822
7448,7817
7380,7800
7335,7804
7320,7792
7363,7776
7380,7773
7365,7765
7360,7763
7447,7756
7325,7761
7280,7732
7266,7731
7369,7724
7426,7716
7398,7714
7337,7704
7323,7688
7347,7701
7378,7674
7372,7668
7290,7669
7276,7664
7339,7636
7346,7637
7208,7621
7228,7635
7355,7615
7459,7607
7182,7588
7093,7589
7288,7567
7168,7576
7099,7563
7289,7549
7237,7524
7148,7540
7152,7525
7245,7517
7179,7528
7132,7506
7195,7497
7141,7494
7194,7489
7126,7503
7157,7461
7240,7458
7218,7452
7108,7452
7283,7437
7150,7434
7100,7408
7174,7412
7007,7396
7225,7395
7175,7386
7119,7376
7104,7373
7026,7363
7209,7343
6993,7335
7099,7336
7096,7341
7169,7323
7070,7298
7032,7301
6971,7299
7083,7287
7147,7287
7067,7284
7038,7261
7028,7273
7070,7245
7104,7241
7060,7233
6964,7229
7025,7224
6995,7235
6989,7205
7036,7200
6965,7184
6937,7179
7059,7177
7063,7170
7071,7171
7046,7168
7203,7163
7189,7160
7107,7157
7182,7153
7147,7168
7229,7157
7269,7162
7300,7154
7340,7150
7135,7167
7326,7153
7075,7158
7162,7167
7351,7162
7149,7155
7297,7160
7258,7155
7275,7155
7337,7145
7102,7154
7220,7149
7132,7160
7226,7162
7348,7162
7222,7173
7350,7154
7312,7162
7113,7154
7318,7170
7220,7158
7269,7152
7284,7162
7279,7152
7337,7154
7225,7168
7314,7153
7210,7147
7176,7159
7203,7154
7138,7139
7321,7165
7214,7141
7192,7161
7186,7165
7098,7149
7312,7162
7196,7155
7145,7158
7131,7165
7230,7150
7188,7160
7148,7152
7231,7155
7170,7145
7117,7150
7225,7158
7053,7141
7230,7153
7358,7155
7132,7149
7343,7163
7224,7164
7080,7159
7307,7149
7151,7152
7264,7148
7191,7156
7282,7161
7277,7160
7158,7156
7305,7171
7115,7151
7173,7157
7117,7144
7135,7148
7304,7158
7259,7155
7234,7161
7232,7145
7196,7154
7294,7151
7179,7166
7207,7169
7334,7144
7195,7156
7327,7156
7199,7152
7339,7164
7309,7148
7197,7155
7279,7153
7157,7168
7278,7163
7329,7155
7196,7160
7294,7151
7161,7145
7204,7157
7127,7150
7159,7153
7353,7151
7113,7150
7244,7169
7227,7147
7101,7161
7299,7145
7192,7151
7123,7154
7241,7153
7194,7148
7244,7163
7217,7149
7159,7153
7256,7151
7115,7153
7245,7148
7132,7158
7221,7160
7257,7161
7250,7153
7305,7156
7191,7156
7254,7146
7223,7154
7123,7152
7337,7153
7128,7150
7296,7150
7312,7154
7231,7138
7293,7151
7088,7154
7215,7148
7092,7154
7127,7149
7308,7162
7114,7142
7236,7163
7206,7153
7208,7160
7230,7159
7202,7145
7136,7156
7235,7149
7198,7152
7336,7161
7224,7142
7295,7162
7257,7143
7150,7150
7354,7149
7147,7152
7151,7156
7289,7136
7149,7149
7310,7157
7182,7150
7339,7168
7210,7145
7207,7158
7326,7152
7185,7144
7241,7169
7250,7157
7222,7157
7252,7160
7175,7144
7151,7155
7156,7148
7124,7150
7214,7145
7149,7150
7064,7157
7258,7134
7127,7154
7248,7165
7160,7148
7200,7149
7211,7150
7145,7172
7291,7152
7143,7149
7329,7160
7238,7145
7171,7158
7282,7142
7070,7156
7226,7154
7341,7157
7159,7154
7285,7160
7179,7161
7150,7160
7170,7154
7154,7147
7282,7166
7151,7149
7237,7155
7247,7158
7297,7156
7173,7153
7214,7173
7231,7147
7165,7150
7240,7156
7277,7156
7177,7155
7264,7152
7250,7149
7110,7151
7327,7152
7098,7160
7203,7170
7277,7157
7216,7155
7362,7158
7148,7146
7355,7155
7215,7148
7154,7154
7383,7166
7168,7150
7299,7159
7263,7155
7208,7149
7283,7160
7172,7162
7178,7151
7179,7144
7256,7158
7291,7156
7198,7168
7245,7154
7261,7163
7196,7159
7283,7152
7192,7158
7231,7166
7192,7148
7155,7163
7253,7151
7208,7171
7236,7150
7201,7158
7164,7160
7200,7158
7095,7146
7296,7149
7215,7159
7366,7159
7295,7149
7044,7145
7254,7164
7129,7153
7196,7157
7292,7166
7141,7166
7212,7165
7273,7142
7117,7154
7230,7154
7235,7157
7181,7154
7180,7153
7232,7160
7297,7158
7137,7157
7243,7151
7285,7151
7151,7152
7293,7156
7190,7153
7236,7154
7135,7154
7220,7158
7329,7154
7220,7157
7325,7155
7197,7160
7144,7156
7223,7151
7174,7145
7254,7155
7173,7150
7248,7145
7275,7144
7149,7151
7227,7131
7180,7148
7302,7163
7243,7161
7235,7139
7262,7166
7225,7157
7296,7146
7193,7144
7086,7160
7234,7143
7094,7149
7053,7156
7373,7153
7094,7155
7270,7164
7200,7147
7054,7155
7270,7150
7153,7154
7274,7154
7108,7141
7304,7160
7343,7159
7108,7156
7307,7145
7150,7146
7137,7155
7198,7155
7151,7154
7240,7152
7240,7162
7228,7148
7277,7141
7205,7160
7282,7154
7187,7153
7231,7143
7287,7153
7150,7159
7258,7155
7313,7147
7238,7150
7231,7154
7139,7155
7229,7149
7105,7161
7191,7148
7359,7146
7160,7165
7323,7153
7177,7152
7115,7163
7225,7157
7090,7155
7258,7156
7105,7166
7230,7154
7329,7144
7180,7158
7293,7153
7287,7162
7264,7152
7269,7151
7262,7161
7201,7153
7262,7161
7277,7156
7333,7161
7100,7155
7246,7159
7178,7154
7192,7153
7378,7146
7080,7158
7294,7163
7278,7157
7265,7163
7357,7153
7195,7151
7276,7156
7137,7153
7274,7151
7248,7144
7290,7148
7273,7153
7058,7155
7182,7149
7156,7155
7088,7154
7258,7157
7170,7158
7292,7157
7248,7160
7186,7143
7295,7155
7185,7138
7180,7156
7268,7156
7115,7142
7261,7161
7328,7146
7273,7163
7309,7146
7165,7158
7308,7161
7168,7141
7162,7157
7339,7167
7164,7158
7349,7157
7233,7165
7371,7161
7222,7146
7215,7160
7378,7147
7329,7159
7436,7182
7398,7173
7478,7186
7522,7193
7421,7190
7473,7209
7439,7227
7506,7219
7505,7214
7470,7237
7530,7238
7539,7250
7563,7257
7507,7266
7543,7270
7525,7286
7545,7288
7567,7292
7614,7305
7578,7317
7577,7319
7592,7329
7633,7336
7646,7361
7645,7347
7609,7343
7612,7370
7628,7381
7616,7386
7648,7385
7712,7401
7627,7406
7653,7417
7652,7415
7660,7432
7577,7448
7732,7441
7731,7456
7718,7467
7725,7471
7684,7474
7652,7479
7748,7499
7743,7516
7737,7510
7737,7513
7753,7526
7775,7541
7753,7546
7658,7559
7622,7553
7645,7563
7766,7574
7661,7590
7790,7602
7811,7595
7811,7614
7745,7606
7810,7613
7861,7634
7754,7636
7758,7638
7785,7676
7907,7654
7841,7660
7803,7687
7805,7699
7892,7700
7872,7683
7920,7724
7809,7727
7851,7706
7869,7742
7881,7745
7908,7763
7876,7762
7809,7766
7827,7749
7834,7782
7891,7792
7955,7786
7925,7825
7976,7805
7898,7854
7975,7835
7856,7832
7875,7844
7927,7867
7947,7866
7991,7855
7979,7872
7988,7879
8033,7916
8027,7891
8034,7913
8069,7910
8032,7919
7979,7929
7995,7946
7970,7922
7877,7957
7924,7952
7894,7954
7859,7947
7862,7936
7868,7966
7876,7958
7841,7947
7835,7951
7809,7951
7846,7950
7825,7943
7849,7954
7817,7951
7804,7967
7778,7936
7826,7949
7797,7966
7792,7963
7841,7954
7799,7937
7800,7961
7805,7956
7807,7971
7774,7975
7804,7957
7790,7951
7787,7976
7821,7959
7763,7940
7788,7939
7780,7952
7767,7953
7753,7944
7747,7955
7772,7957
7803,7970
7741,7967
7762,7958
7795,7962
7781,7961
7817,7987
7798,7974
7772,7950
7812,7965
7857,7977
7803,7953
7887,7980
8014,7968
8115,7965
8166,7956
8324,7978
8350,7982
8387,7972
8420,7989
8419,8001
8449,8006
8480,8028
8474,8021
8463,8041
8458,8033
8472,8040
8426,8063
8424,8062
8429,8080
8375,8076
8431,8072
8457,8097
8503,8104
8542,8097
8591,8112
8470,8133
8443,8137
8459,8142
8431,8151
8523,8163
8595,8163
8641,8166
8584,8177
8549,8205
8544,8200
8581,8204
8650,8197
8616,8204
8633,8234
8555,8230
8626,8251
8685,8251
8645,8266
8624,8276
8586,8273
8679,8276
8684,8277
8603,8305
8595,8299
8664,8313
8678,8318
8488,8341
8648,8340
8699,8342
8697,8351
8698,8359
8500,8373
8612,8395
8670,8387
8737,8407
8770,8407
8636,8412
8656,8430
8763,8428
8639,8439
8719,8449
8708,8456
8623,8461
8763,8468
8659,8478
8665,8485
8743,8484
8713,8493
8894,8518
8746,8525
8739,8507
8783,8524
8667,8535
8786,8552
8728,8551
8846,8561
8778,8575
8844,8577
8763,8613
8784,8597
8829,8611
8861,8613
8830,8613
8846,8629
8906,8626
8896,8649
8893,8640
8907,8660
8874,8671
8947,8670
8911,8683
8999,8697
8897,8697
8975,8713
8887,8723
8823,8719
8911,8741
8783,8722
8842,8731
8713,8725
8925,8752
8701,8743
8604,8753
8764,8757
8630,8754
8811,8759
8747,8753
8702,8756
8756,8772
8629,8755
8668,8765
8599,8762
8606,8758
8696,8755
8634,8754
8706,8742
8626,8747
8581,8746
8622,8753
8608,8747
8737,8759
8513,8751
8607,8754
8787,8757
8655,8747
8794,8759
8721,8752
8524,8762
8634,8740
8577,8758
8760,8752
8674,8748
8687,8753
8621,8760
8612,8755
8659,8749
8613,8754
8566,8753
8747,8756
8551,8749
8807,8768
8706,8751
8799,8754
8754,8758
8607,8761
8710,8774
8611,8743
8722,8762
8780,8758
8695,8751
8787,8758
8711,8752
8662,8757
8697,8763
8648,8763
8728,8754
8635,8749
8695,8759
8722,8761
8646,8760
8745,8759
8629,8744
8620,8755
8556,8757
8661,8749
8833,8756
8688,8760
8728,8756
8768,8755
8606,8751
8766,8754
8598,8757
8613,8755
8777,8751
8682,8746
8792,8762
8669,8754
8804,8755
8657,8751
8586,8762
8701,8755
8563,8759
8667,8745
8740,8750
8643,8756
8917,8757
8687,8763
8564,8747
8684,8753
8567,8763
8819,8767
8507,8754
8697,8761
8742,8750
8605,8754
8735,8753
8632,8756
8620,8758
8625,8754
8583,8758
8807,8758
8696,8747
8700,8753
8707,8745
8555,8759
8812,8754
8534,8759
8734,8754
8736,8762
8711,8747
8819,8742
8633,8749
8743,8765
8690,8751
8576,8763
8727,8749
8600,8752
8690,8757
8742,8747
8641,8754
8832,8746
8631,8751
8618,8758
8565,8754
8646,8757
8873,8758
8593,8742
8708,8755
8823,8737
8619,8746
8779,8761
8599,8746
8546,8759
8679,8746
8559,8750
8728,8752
8754,8752
8753,8759
8719,8761
8575,8752
8749,8753
8688,8761
8692,8757
8702,8749
8687,8751
8774,8756
8676,8747
8722,8762
8645,8757
8629,8751
8828,8756
8594,8757
8737,8770
8713,8750
8764,8750
8846,8762
8638,8761
8581,8758
8630,8748
8626,8778
8812,8766
8575,8745
8722,8762
8717,8753
8579,8760
8757,8759
8536,8749
8681,8756
8592,8754
8600,8761
8780,8748
8657,8755
8691,8759
8708,8754
8592,8760
8649,8748
8659,8760
8628,8743
8739,8752
8625,8762
8809,8770
8634,8748
8595,8750
8603,8757
8669,8759
8711,8760
8619,8757
8743,8756
8635,8754
8542,8750
8756,8749
8524,8749
8645,8765
8577,8761
8642,8762
8824,8756
8707,8756
8793,8759
8743,8760
8577,8755
8762,8752
8603,8754
8670,8751
8755,8762
8650,8754
8727,8750
8629,8758
8767,8756
8687,8760
8613,8760
8773,8757
8588,8743
8750,8771
8733,8749
8736,8759
8791,8765
8618,8761
8592,8762
8606,8758
8549,8755
8766,8757
8600,8754
8683,8748
8752,8762
8640,8746
8673,8766
8609,8762
8747,8759
8623,8747
8697,8754
8787,8755
8610,8763
8761,8764
8682,8751
8573,8745
8763,8754
8584,8760
8717,8755
8744,8759
8691,8759
8816,8761
8622,8752
8793,8749
8585,8749
8642,8763
8701,8762
8592,8747
8725,8765
8743,8759
8714,8747
8804,8741
8628,8752
8651,8751
8615,8760
8701,8760
8842,8760
8624,8756
8788,8773
8699,8740
8608,8764
8756,8750
8620,8755
8625,8754
8631,8755
8605,8758
8720,8758
8668,8740
8747,8751
8693,8750
8593,8751
8747,8758
8618,8752
8784,8756
8716,8765
8755,8750
8820,8762
8595,8764
8747,8754
8564,8764
8686,8753
8772,8760
8602,8762
8767,8743
8871,8749
8721,8758
8848,8756
8613,8761
8677,8759
8670,8758
8661,8756
8782,8746
8574,8753
8684,8765
8657,8761
8600,8752
8734,8755
8577,8756
8694,8754
8588,8763
8650,8762
8744,8756
8631,8753
8778,8748
8587,8766
8536,8759
8661,8756
8597,8759
8713,8766
8716,8758
8711,8752
8761,8756
8587,8759
8697,8755
8657,8757
8716,8757
8849,8755
8624,8750
8789,8757
8702,8760
8779,8754
8740,8767
8565,8755
8617,8756
8602,8754
8596,8754
8817,8758
8548,8757
8756,8759
8733,8754
8569,8764
8740,8755
8558,8753
8715,8760
8588,8745
8690,8759
8723,8765
8639,8759
8723,8763
8568,8759
8589,8754
8680,8747
8620,8761
8735,8756
8712,8759
8744,8765
8838,8759
8628,8755
8719,8761
8655,8757
8685,8735
8762,8754
8629,8760
8683,8755
8673,8758
8732,8760
8670,8754
8559,8757
8698,8760
8600,8746
8654,8763
8799,8757
8688,8752
8796,8742
8578,8753
8520,8770
8684,8748
8491,8743
8813,8759
8450,8752
8587,8759
8779,8759
8601,8753
8770,8757
8639,8757
8633,8746
8749,8760
8635,8757
8739,8766
8706,8761
8755,8765
8738,8766
8608,8766
8688,8773
8638,8757
8712,8760
8810,8748
8625,8748
8744,8756
8709,8754
8753,8755
8660,8746
8589,8757
8719,8755
8632,8754
8661,8765
8771,8745
8671,8757
8670,8760
8614,8751
8651,8754
8612,8762
8588,8753
8666,8745
8426,8753
8562,8743
8599,8737
8336,8735
8651,8725
8354,8727
8451,8715
8348,8702
8419,8708
8513,8685
8278,8681
8525,8679
8273,8677
8284,8666
8443,8652
8397,8636
8348,8632
8311,8625
8260,8623
8355,8620
8301,8599
8304,8593
8244,8580
8354,8577
8280,8573
8326,8583
8240,8561
8296,8562
8265,8544
8208,8527
8210,8519
8146,8539
8273,8512
8270,8513
8339,8483
8252,8487
8200,8469
8412,8468
8255,8457
8331,8453
8371,8440
8246,8439
8276,8411
8278,8433
8260,8418
8264,8408
8248,8391
8242,8387
8252,8366
8318,8388
8234,8362
8269,8363
8089,8356
8159,8349
8334,8346
8437,8322
8364,8328
8053,8310
8240,8305
8174,8269
8124,8287
8104,8283
8128,8264
8139,8254
8094,8261
8060,8254
8096,8250
8178,8233
8109,8232
8011,8211
8004,8209
8092,8179
8144,8167
8066,8178
8043,8162
7994,8169
8000,8145
8033,8147
8173,8140
8174,8141
8058,8115
8038,8107
7991,8122
7992,8102
7980,8069
8018,8071
8076,8072
8112,8042
8043,8047
8051,8069
8045,8039
8034,8043
7977,8020
7940,8027
7906,8004
7894,8023
7907,7987
7920,7991
7981,7976
8045,7978
7992,7969
8048,7950
7984,7978
8026,7950
8047,7964
8072,7949
8097,7957
8069,7950
8072,7962
8107,7955
8097,7985
8110,7951
8168,7949
8141,7968
8140,7954
8145,7947
8132,7961
8164,7944
8169,7949
8157,7959
8147,7971
8153,7954
8177,7971
8184,7961
8146,7976
8190,7902
8156,7964
8167,7951
8152,7941
8198,7946
8183,7970
8163,7947
8139,7981
8170,7967
8186,7958
8153,7962
8146,7950
8173,7949
8190,7936
8153,7930
8163,7961
8157,7944
8108,7941
8159,7946
8146,7926
8164,7950
8148,7956
8152,7961
8147,7953
8018,7947
7886,7948
7859,7954
7697,7944
7611,7936
7618,7930
7470,7922
7555,7923
7506,7912
7371,7903
7433,7885
7435,7891
7409,7883
7415,7868
7427,7844
7456,7853
7456,7835
7473,7839
7443,7833
7457,7822
7441,7803
7388,7813
7261,7798
7346,7796
7331,7788
7433,7769
7364,7764
7399,7760
7398,7755
7360,7754
7328,7739
7289,7721
7386,7719
7394,7728
7379,7717
7329,7700
7251,7696
7349,7679
7401,7676
7313,7669
7242,7649
7280,7659
7343,7642
7367,7635
7237,7637
7193,7623
7244,7609
7442,7593
7187,7593
7149,7582
7326,7581
7183,7588
7084,7550
7271,7546
7288,7544
7153,7528
7144,7517
7237,7513
7244,7510
7162,7500
7236,7492
7106,7480
7147,7473
7191,7466
7134,7457
7108,7469
7178,7449
7107,7448
7247,7435
7121,7426
7218,7416
7125,7409
7030,7400
7306,7392
7087,7386
7133,7374
7205,7373
7041,7340
7146,7354
7054,7345
7177,7335
7082,7322
7145,7326
7083,7317
7101,7294
6964,7309
7114,7291
7051,7288
7094,7278
6965,7265
7047,7258
7002,7245
7020,7241
7069,7262
6957,7219
6951,7219
6903,7208
6943,7213
6969,7194
7012,7179
6981,7188
7052,7180
7131,7174
7160,7165
6969,7158
7025,7164
7171,7158
7057,7160
7280,7166
7176,7153
7125,7161
7193,7153
7076,7162
7314,7159
7149,7151
7349,7161
7241,7161
7015,7153
7280,7151
7116,7152
7169,7153
7160,7145
7135,7148
7345,7146
7415,7150
7229,7155
7362,7141
7147,7147
7308,7150
7200,7149
7172,7151
7381,7156
7227,7158
7368,7155
7236,7150
7324,7161
7285,7150
7213,7156
7254,7148
7166,7144
7222,7156
7311,7156
7237,7153
7278,7157
7226,7150
7186,7157
7148,7155
7133,7164
7320,7156
7088,7171
7232,7139
7217,7152
7206,7152
7248,7151
7166,7142
7143,7148
7120,7157
7108,7156
7274,7151
7182,7155
7297,7145
7225,7152
7085,7151
7344,7161
7096,7151
7219,7154
7324,7153
7171,7154
7332,7143
7270,7143
7386,7158
7237,7155
7109,7150
7305,7161
7070,7151
7259,7160
7263,7152
7207,7156
7288,7160
7165,7153
7166,7158
7200,7159
7142,7159
7266,7142
7154,7152
7241,7160
7320,7156
7219,7148
7367,7156
7140,7144
7226,7161
7173,7155
7236,7163
7273,7155
7189,7154
7336,7156
7193,7149
7088,7154
7256,7155
7107,7152
7267,7146
7374,7146
7242,7165
7398,7153
7138,7159
7354,7145
7162,7155
7110,7157
7279,7157
7100,7150
7218,7162
7244,7155
7176,7153
7202,7151
7199,7160
7221,7149
7163,7158
7123,7155
7327,7151
7153,7155
7297,7163
7216,7145
7132,7175
7309,7147
7137,7154
7168,7156
7142,7159
7166,7152
7308,7160
7201,7146
7316,7157
7172,7156
7162,7163
7264,7150
7190,7164
7319,7149
7248,7153
7316,7160
7334,7150
7108,7154
7316,7159
7175,7160
7199,7156
7329,7156
7130,7152
7301,7161
7286,7151
7193,7158
7401,7162
7110,7154
7119,7154
7227,7167
7120,7148
7208,7159
7215,7159
7280,7153
7184,7162
7150,7161
7278,7154
7125,7166
7259,7158
7067,7154
7271,7155
7326,7151
7105,7154
7372,7158
7144,7154
7078,7161
7121,7151
7092,7148
7265,7157
7270,7155
7196,7139
7259,7175
7286,7155
7130,7155
7202,7148
7136,7163
7302,7155
7186,7155
7240,7152
7183,7154
7264,7164
7238,7150
7155,7148
7193,7151
7149,7149
7131,7153
7288,7152
7190,7174
7298,7148
7252,7142
7098,7164
7254,7141
7141,7156
7268,7164
7105,7164
7250,7161
7283,7154
7163,7157
7288,7155
7197,7156
7208,7145
7217,7154
7297,7155
7289,7145
7216,7183
7197,7154
7365,7162
7184,7147
7294,7148
7177,7153
7155,7155
7329,7153
7061,7148
7252,7155
7262,7150
7290,7156
7310,7168
7139,7152
7273,7148
7092,7157
7223,7155
7350,7153
7285,7149
7355,7149
7149,7158
7076,7161
7241,7159
7088,7146
7280,7158
7266,7152
7184,7159
7305,7160
7323,7154
7189,7151
7249,7163
7181,7154
7319,7154
7233,7161
7225,7154
7227,7158
7191,7152
7184,7159
7219,7152
7258,7146
7135,7160
7174,7162
7246,7152
7197,7151
7350,7148
7194,7154
7094,7163
7220,7147
7082,7152
7279,7166
7074,7163
7243,7166
7294,7156
7087,7159
7335,7161
7217,7157
7177,7154
7242,7157
7223,7140
7241,7153
7235,7151
7227,7152
7294,7153
7231,7146
7292,7154
7161,7138
7167,7160
7362,7144
7055,7156
7320,7149
7297,7141
7233,7156
7308,7143
7129,7156
7175,7153
7204,7146
7234,7147
7285,7157
7222,7167
7301,7147
7124,7149
7107,7149
7153,7153
7098,7155
7263,7157
7100,7160
7209,7167
7212,7153
7219,7151
7251,7154
7190,7162
7174,7146
7192,7151
7172,7161
7231,7166
7299,7159
7268,7145
7383,7154
7143,7154
7328,7153
7170,7151
7055,7163
7286,7161
7116,7157
7348,7151
7255,7147
7281,7170
7242,7151
7042,7157
7307,7138
7121,7149
7258,7157
7261,7152
7216,7156
7316,7151
7216,7147
7160,7146
7294,7143
7193,7155
7209,7154
7229,7147
7219,7152
7322,7157
7271,7163
7288,7153
7208,7143
7203,7162
7195,7156
7143,7151
7318,7160
7295,7149
7303,7154
7321,7147
7128,7158
7335,7142
7229,7147
7212,7154
7403,7154
7208,7161
7310,7155
7163,7151
7286,7155
7123,7156
7097,7152
7304,7149
7130,7148
7210,7152
7219,7153
7302,7160
7289,7154
7190,7153
7158,7156
7249,7155
7190,7157
7223,7143
7083,7142
7222,7150
7359,7155
7225,7156
7243,7151
7161,7157
7175,7157
7174,7143
7118,7152
7317,7160
7226,7160
7322,7161
7230,7146
7128,7154
7238,7166
7124,7158
7208,7145
7291,7145
7210,7159
7295,7146
7235,7151
7236,7157
7158,7158
7151,7159
7222,7153
7188,7148
7168,7152
7323,7155
7219,7156
7356,7154
7231,7142
7120,7161
7335,7140
7240,7135
7292,7149
7173,7149
7276,7150
7355,7162
7181,7155
7330,7156
7198,7145
7204,7156
7147,7152
7173,7156
7401,7154
7296,7144
7394,7170
7320,7165
7390,7164
7362,7175
7359,7187
7487,7194
7437,7194
7488,7206
7483,7215
7466,7222
7544,7221
7520,7233
7596,7246
7440,7249
7592,7256
7515,7279
7531,7293
7552,7287
7567,7280
7577,7292
7619,7317
7581,7324
7662,7315
7566,7324
7628,7348
7623,7349
7654,7342
7612,7362
7687,7379
7613,7385
7659,7385
7744,7383
7626,7399
7690,7416
7622,7420
7595,7434
7675,7432
7622,7460
7683,7451
7679,7457
7697,7463
7787,7473
7705,7484
7667,7486
7754,7490
7701,7512
7704,7519
7783,7520
7587,7529
7798,7533
7896,7550
7749,7552
7702,7552
7705,7564
7671,7566
7704,7575
7772,7586
7828,7604
7728,7602
7688,7619
7810,7616
7811,7648
7749,7649
7756,7647
7817,7669
7830,7664
7868,7663
7753,7687
7807,7684
7884,7692
7901,7694
7896,7700
7808,7728
7809,7731
7862,7727
7915,7742
8004,7746
7865,7773
7780,7765
7841,7761
7852,7781
7965,7802
7965,7784
7924,7813
7942,7813
7892,7825
7940,7824
7882,7842
7840,7824
7941,7858
7944,7861
8003,7861
7982,7872
8013,7885
8025,7894
8074,7888
8064,7925
8007,7934
8019,7943
7983,7910
7950,7923
7967,7940
7974,7915
7866,7947
7880,7957
7904,7970
7889,7969
7895,7982
7867,7964
7839,7954
7845,7973
7828,7942
7839,7962
7827,7947
7843,7982
7810,7945
7842,7934
7848,7951
7827,7966
7805,7959
7777,7940
7812,7958
7815,7936
7820,7932
7785,7949
7788,7950
7809,7970
7817,7974
7801,7936
7812,7966
7789,7947
7797,7958
7813,7977
7791,7946
7752,7961
7768,7957
7784,7940
7785,7966
7769,7951
7791,7975
7766,7962
7810,7941
7820,7958
7761,7959
7817,7946
7851,7948
7806,7957
7812,7952
7863,7951
7942,7958
8067,7940
8116,7978
8186,7965
8338,7995
8355,7978
8400,7976
8421,8011
8442,8005
8445,8021
8492,8026
8491,8032
8464,8018
8468,8038
8477,8052
8444,8065
8429,8063
8415,8079
8393,8076
8390,8077
8500,8084
8528,8100
8551,8126
8565,8117
8534,8132
8418,8130
8443,8149
8440,8141
8594,8162
8679,8157
8583,8179
8587,8196
8550,8179
8548,8203
8670,8212
8642,8210
8565,8223
8604,8230
8578,8243
8649,8247
8664,8247
8658,8261
8529,8272
8643,8286
8665,8274
8672,8297
8585,8292
8583,8311
8703,8318
8626,8330
8467,8329
8574,8338
8742,8342
8507,8364
8677,8376
8708,8376
8768,8378
8674,8383
8757,8388
8668,8413
8659,8416
8703,8421
8743,8432
8641,8453
8767,8442
8615,8453
8698,8456
8826,8487
8708,8474
8738,8488
8692,8493
8699,8498
8909,8516
8724,8511
8863,8531
8846,8534
8895,8537
8822,8553
8760,8562
8875,8575
8781,8578
8868,8591
8769,8591
8835,8597
8732,8605
8909,8611
8823,8620
8957,8633
8882,8636
8852,8649
8880,8659
8946,8667
8820,8676
9001,8680
8770,8690
8894,8698
8915,8697
8916,8703
8962,8713
8801,8727
8988,8731
8763,8738
8789,8737
8670,8744
8719,8740
8882,8746
8626,8750
8816,8764
8623,8759
8530,8758
8686,8757
8528,8756
8698,8744
8753,8761
8730,8763
8721,8751
8619,8754
8722,8738
8587,8752
8671,8768
8773,8757
8585,8757
8750,8756
8654,8752
8773,8758
8730,8762
8615,8766
8606,8752
8682,8759
8696,8754
8747,8740
8602,8758
8774,8755
8644,8757
8591,8760
8619,8760
8570,8763
8699,8752
8600,8735
8694,8758
8703,8758
8529,8757
8767,8770
8603,8763
8659,8762
8613,8752
8567,8754
8731,8751
8781,8754
8728,8760
8718,8762
8635,8761
8738,8751
8610,8746
8652,8760
8742,8751
8658,8763
8693,8754
8635,8752
8766,8750
8703,8760
8573,8757
8698,8759
8574,8757
8793,8756
8773,8750
8642,8746
8833,8749
8620,8749
8632,8762
8682,8746
8533,8762
8733,8762
8599,8756
8751,8762
8683,8752
8678,8750
8800,8757
8636,8752
8685,8752
8599,8756
8628,8751
8808,8756
8632,8760
8676,8765
8742,8763
8557,8755
8767,8755
8614,8740
8592,8757
8779,8763
8579,8745
8730,8758
8664,8754
8799,8763
8667,8756
8585,8762
8738,8752
8629,8746
8746,8756
8765,8759
8656,8755
8777,8749
8625,8754
8641,8765
8636,8762
8581,8758
8810,8759
8583,8761
8733,8763
8722,8752
8664,8760
8785,8752
8598,8764
8580,8750
8703,8753
8645,8754
8692,8761
8635,8757
8772,8756
8697,8761
8581,8759
8687,8758
8542,8764
8804,8762
8812,8757
8718,8757
8821,8759
8634,8744
8635,8754
8696,8756
8527,8758
8745,8754
8603,8748
8727,8751
8742,8764
8658,8763
8784,8751
8657,8739
8694,8758
8652,8746
8708,8756
8760,8775
8757,8751
8740,8754
8730,8750
8543,8772
8719,8761
8636,8753
8646,8756
8760,8757
8686,8756
8747,8759
8607,8756
8812,8769
8681,8751
8601,8752
8732,8764
8613,8751
8722,8766
8820,8758
8623,8762
8750,8758
8612,8750
8593,8756
8614,8757
8560,8751
8792,8744
8562,8750
8792,8762
8808,8763
8599,8773
8796,8759
8601,8758
8623,8757
8634,8761
8564,8760
8700,8764
8731,8768
8648,8767
8752,8740
8540,8759
8708,8761
8584,8749
8676,8746
8692,8754
8684,8757
8737,8762
8580,8760
8801,8749
8646,8755
8569,8751
8758,8741
8496,8755
8726,8750
8744,8760
8667,8752
8811,8762
8756,8747
8638,8762
8651,8744
8663,8751
8756,8754
8606,8757
8702,8760
8671,8752
8589,8763
8681,8774
8611,8752
8683,8755
8612,8751
8657,8758
8760,8756
8589,8762
8797,8755
8652,8749
8585,8757
8658,8761
8580,8749
8673,8767
8806,8750
8611,8748
8771,8764
8656,8754
8813,8754
8686,8761
8575,8755
8658,8767
8678,8758
8796,8766
8782,8762
8702,8767
8762,8754
8646,8753
8658,8754
8637,8755
8588,8753
8810,8752
8585,8757
8684,8757
8752,8764
8558,8756
8699,8753
8536,8744
8689,8757
8624,8755
8696,8753
8738,8750
8602,8761
8775,8760
8648,8740
8594,8761
8682,8757
8532,8759
8693,8765
8733,8761
8672,8758
8777,8753
8586,8755
8827,8774
8678,8752
8619,8756
8745,8749
8647,8762
8744,8761
8706,8751
8681,8756
8723,8767
8664,8758
8711,8767
8649,8753
8721,8768
8762,8753
8610,8763
8773,8753
8642,8749
8625,8763
8667,8748
8532,8755
8782,8757
8584,8759
8707,8760
8778,8750
8625,8765
8817,8758
8634,8764
8540,8759
8710,8752
8625,8750
8832,8767
8808,8762
8724,8760
8773,8755
8588,8758
8797,8758
8644,8758
8631,8752
8847,8749
8570,8759
8785,8754
8759,8737
8722,8756
8817,8754
8535,8745
8711,8757
8594,8747
8631,8758
8737,8769
8628,8753
8745,8753
8619,8751
8575,8757
8636,8757
8608,8751
8750,8760
8567,8763
8729,8761
8814,8754
8592,8755
8893,8766
8625,8752
8611,8765
8679,8758
8597,8757
8788,8772
8732,8748
8665,8759
8780,8752
8664,8764
8735,8759
8624,8741
8648,8755
8834,8747
8603,8757
8775,8748
8682,8759
8789,8766
8644,8754
8575,8752
8808,8754
8636,8750
8800,8762
8760,8767
8617,8764
8811,8756
8634,8753
8578,8764
8707,8752
8591,8753
8758,8749
8577,8758
8687,8768
8771,8754
8626,8756
8773,8758
8608,8768
8661,8763
8606,8750
8674,8751
8830,8776
8685,8757
8767,8751
8686,8757
8539,8763
8727,8756
8510,8755
8656,8762
8830,8752
8623,8752
8826,8760
8632,8764
8496,8752
8685,8762
8598,8759
8742,8748
8629,8759
8654,8761
8742,8745
8633,8746
8789,8758
8640,8759
8628,8754
8725,8763
8651,8754
8710,8761
8704,8757
8710,8760
8765,8754
8670,8766
8727,8763
8708,8766
8681,8748
8770,8757
8657,8746
8796,8766
8670,8755
8749,8753
8639,8745
8620,8766
8866,8760
8519,8754
8730,8757
8747,8752
8668,8749
8820,8754
8563,8760
8442,8755
8589,8744
8559,8742
8765,8748
8336,8723
8648,8717
8521,8714
8325,8697
8547,8696
8322,8694
8463,8684
8303,8681
8465,8676
8488,8672
8398,8664
8350,8666
8377,8639
8360,8637
8368,8631
8357,8626
8321,8594
8356,8602
8320,8588
8280,8591
8328,8568
8260,8570
8327,8564
8247,8558
8277,8553
8253,8540
8342,8532
8156,8518
8220,8536
8320,8510
8252,8507
8286,8490
8254,8491
8297,8478
8249,8476
8262,8461
8320,8451
8277,8451
8277,8435
8322,8419
8211,8421
8238,8398
8294,8418
8266,8397
8271,8376
8269,8374
8235,8374
8131,8358
8229,8352
8134,8338
8170,8343
8367,8321
8379,8322
8227,8299
8029,8315
8283,8299
8108,8279
8039,8300
8114,8276
8203,8269
8130,8263
8067,8275
8073,8248
8117,8232
8109,8238
8087,8222
8025,8220
8034,8209
8092,8206
8169,8197
8105,8196
8040,8173
7992,8180
7991,8170
8091,8135
8149,8142
8048,8132
8031,8124
7952,8133
7990,8100
8019,8095
7977,8118
8013,8082
8063,8087
8116,8066
8056,8062
8009,8043
8017,8060
7990,8031
7971,8033
7933,8011
7903,8025
7928,8001
7944,7983
8002,7994
7905,7991
7978,7974
8017,7972
8031,7965
8020,7976
7992,7972
8079,7959
8065,7953
8106,7950
8091,7952
8127,7958
8126,7940
8115,7972
8117,7949
8144,7964
8154,7973
8151,7950
8153,7969
8174,7971
8143,7981
8153,7963
8143,7947
8129,7950
8150,7953
8140,7972
8168,7967
8146,7948
8150,7960
8184,7963
8159,7964
8157,7953
8150,7949
8173,7947
8142,7970
8146,7956
8193,7957
8159,7930
8144,7968
8172,7960
8164,7920
8152,7949
8154,7944
8152,7966
8157,7957
8138,7965
8151,7958
8101,7968
8174,7968
8132,7950
8123,7960
8091,7946
7995,7943
7916,7966
7788,7942
7679,7929
7559,7926
7602,7922
7507,7902
7441,7902
7499,7909
7475,7909
7387,7880
7441,7893
7396,7872
7425,7877
7445,7864
7442,7848
7486,7837
7466,7838
7459,7825
7456,7823
7414,7812
7348,7798
7351,7792
7337,7787
7311,7776
7393,7769
7343,7764
7422,7753
7305,7749
7316,7739
7327,7719
7393,7721
7386,7724
7377,7719
7366,7714
7324,7695
7289,7667
7375,7673
7423,7666
7308,7669
7271,7653
7266,7633
7374,7635
7322,7626
7271,7630
7322,7603
7332,7602
7452,7595
7106,7589
7267,7580
7296,7566
7114,7574
7244,7568
7213,7542
7243,7537
7120,7542
7213,7527
7221,7515
7127,7508
7176,7498
7196,7488
7113,7489
7171,7481
7187,7462
7125,7471
7186,7452
7172,7446
7211,7441
7269,7435
7113,7422
7164,7420
7140,7414
7097,7405
7241,7399
7066,7383
7170,7381
7037,7368
7211,7352
7219,7364
7077,7343
7160,7337
7099,7330
7179,7332
7020,7319
7044,7294
6969,7299
7104,7286
7024,7289
7020,7266
6981,7260
7002,7262
6982,7244
7081,7237
7046,7232
7059,7236
6979,7227
6917,7209
7011,7196
6892,7186
7016,7174
7002,7183
7035,7164
7046,7171
7178,7170
7151,7161
7108,7161
7150,7151
7128,7176
7194,7168
7272,7157
7204,7166
7354,7137
7123,7151
7367,7157
7214,7151
7066,7155
7217,7157
7046,7152
7297,7154
7261,7151
7247,7152
7312,7158
7262,7156
7171,7163
7301,7149
7178,7166
7335,7161
7106,7156
7289,7147
7304,7152
7182,7155
7355,7156
7107,7138
7173,7165
7194,7154
7156,7161
7277,7155
7291,7144
7280,7153
7297,7170
7200,7160
7261,7160
7182,7161
7273,7153
7305,7150
7247,7129
7193,7153
7083,7161
7252,7162
7189,7148
7144,7167
7235,7159
7195,7145
7276,7167
7352,7161
7144,7160
7299,7158
7131,7157
7156,7155
7148,7156
7047,7165
7293,7155
7128,7149
7279,7162
7220,7146
7144,7160
7295,7134
7110,7154
7177,7154
7192,7157
7153,7138
7325,7154
7204,7156
7376,7172
7292,7152
7080,7160
7239,7159
7110,7152
7274,7152
7285,7150
7162,7158
7253,7152
7279,7165
7211,7150
7322,7145
7202,7165
7272,7157
7172,7154
7356,7153
7269,7155
7295,7154
7321,7167
7155,7154
7242,7158
7124,7148
7152,7169
7347,7148
7131,7153
7296,7156
7295,7155
7159,7167
7300,7160
7120,7154
7252,7165
7125,7155
7220,7149
7282,7146
7069,7166
7339,7161
7249,7149
7147,7160
7230,7142
7178,7158
7314,7157
7277,7156
7245,7163
7262,7172
7174,7149
7336,7152
7140,7148
7129,7155
7267,7152
7101,7149
7251,7149
7266,7142
7197,7150
7249,7151
7156,7160
7209,7157
7220,7165
7265,7150
7338,7150
7173,7154
7350,7154
7167,7151
7106,7157
7190,7158
7082,7165
7246,7162
7124,7153
7187,7154
7250,7146
7205,7160
7318,7147
7305,7135
7173,7152
7286,7156
7118,7151
7295,7152
7259,7149
7227,7167
7228,7143
7161,7160
7246,7146
7208,7154
7144,7162
7272,7156
7109,7155
7257,7162
7237,7154
7265,7159
7307,7164
7161,7150
7210,7147
7151,7157
7225,7154
7238,7167
7088,7158
7281,7155
7113,7163
7134,7142
7237,7159
7168,7158
7208,7149
7246,7159
7219,7147
7169,7159
7108,7150
7336,7161
7130,7158
7164,7162
7305,7158
7113,7141
7309,7160
7323,7154
7219,7154
7322,7160
7209,7150
7191,7153
7260,7154
7146,7163
7307,7147
7111,7152
7281,7148
7163,7144
7130,7151
7211,7162
7145,7147
7262,7152
7134,7161
7168,7150
7256,7156
7182,7148
7262,7146
7224,7161
7132,7153
7264,7162
7146,7155
7326,7155
7255,7154
7274,7148
7290,7153
7240,7140
7282,7142
7241,7153
7166,7161
7310,7168
7152,7151
7303,7161
7285,7159
7322,7150
7339,7148
7172,7149
7296,7154
7107,7157
7257,7156
7311,7157
7173,7145
7264,7142
7185,7145
7156,7154
7252,7146
7118,7152
7201,7149
7323,7155
7225,7150
7188,7149
7197,7160
7288,7160
7209,7146
7208,7160
7223,7149
7215,7145
7231,7160
7271,7152
7256,7148
7259,7147
7174,7149
7274,7151
7169,7147
7151,7164
7255,7149
7193,7146
7364,7169
7169,7152
7316,7156
7138,7141
7060,7157
7223,7151
7104,7163
7243,7157
7274,7160
7151,7149
7224,7158
7151,7159
7202,7159
7210,7149
7116,7157
7296,7158
7192,7154
7210,7164
7351,7161
7211,7154
7392,7155
7271,7148
7137,7161
7254,7157
7155,7154
7280,7152
7303,7153
7279,7153
7323,7137
7179,7133
7274,7155
7103,7158
7257,7164
7288,7161
7159,7149
7234,7152
7160,7154
7302,7152
7183,7149
7119,7156
7174,7151
7199,7158
7217,7157
7227,7149
7171,7155
7290,7155
7220,7154
7130,7149
7234,7155
7201,7159
7257,7167
7143,7158
7312,7159
7280,7151
7105,7153
7299,7161
7143,7150
7135,7149
7182,7149
7109,7151
7357,7156
7237,7158
7313,7155
7230,7147
7116,7155
7246,7169
7084,7154
7206,7155
7241,7152
7217,7152
7179,7143
7165,7161
7220,7158
7209,7150
7159,7158
7300,7144
7194,7164
7216,7158
7363,7159
7168,7153
7421,7156
7188,7153
7137,7163
7200,7159
7186,7154
7353,7160
7114,7156
7247,7166
7259,7140
7131,7159
7298,7156
7093,7160
7315,7145
7107,7153
7196,7159
7320,7147
7175,7160
7278,7152
7231,7152
7181,7155
7282,7165
7199,7136
7249,7151
7249,7168
7149,7159
7287,7154
7271,7152
7275,7154
7261,7149
7139,7154
7181,7150
7221,7153
7229,7158
7221,7144
7243,7154
7307,7152
7162,7162
7245,7151
7198,7157
7167,7161
7418,7158
7133,7162
7399,7173
7206,7147
7118,7163
7225,7145
7164,7156
7172,7153
7186,7155
7170,7150
7238,7155
7293,7154
7195,7165
7240,7143
7187,7154
7293,7139
7234,7164
7198,7144
7336,7161
7228,7152
7368,7145
7159,7148
7376,7165
7254,7158
7080,7150
7312,7153
7122,7145
7241,7155
7346,7148
7226,7144
7343,7164
7250,7165
7362,7153
7241,7161
7376,7160
7467,7176
7338,7175
7530,7177
7438,7186
7417,7205
7451,7195
7491,7195
7536,7215
7484,7234
7558,7224
7485,7239
7508,7253
7530,7257
7539,7262
7508,7272
7598,7268
7539,7277
7590,7284
7596,7293
7603,7306
7630,7325
7619,7335
7569,7325
7654,7338
7613,7340
7618,7344
7625,7363
7606,7370
7607,7380
7608,7388
7775,7393
7612,7404
7689,7411
7628,7425
7682,7430
7654,7436
7666,7455
7689,7446
7721,7465
7750,7467
7711,7482
7703,7469
7714,7492
7763,7502
7733,7513
7756,7525
7665,7511
7691,7534
7671,7539
7699,7543
7721,7553
7657,7564
7782,7572
7642,7581
7689,7586
7852,7588
7764,7603
7767,7618
7749,7621
7865,7630
7826,7640
7755,7631
7773,7654
7818,7658
7844,7663
7830,7675
7704,7688
7889,7685
7897,7701
7898,7702
7879,7711
7834,7731
7874,7721
7910,7747
7945,7733
7981,7740
7845,7777
7812,7781
7806,7774
7847,7770
7938,7796
7911,7799
7975,7805
7921,7814
7893,7839
7954,7858
7877,7833
7899,7828
7922,7865
7969,7865
8012,7851
8029,7892
8016,7886
8020,7876
8006,7912
8067,7939
8071,7919
8010,7929
8015,7929
7952,7946
7886,7973
7903,7947
7917,7966
7877,7947
7878,7964
7888,7939
7880,7960
7905,7949
7843,7956
7849,7957
7835,7939
7850,7942
7832,7954
7838,7946
7809,7949
7814,7945
7822,7958
7824,7979
7812,7942
7819,7943
7809,7979
7788,7953
7835,7945
7802,7937
7772,7950
7790,7963
7822,7965
7767,7950
7794,7953
7766,7966
7760,7930
7787,7955
7761,7935
7769,7966
7757,7947
7803,7967
7780,7948
7797,7960
7783,7942
7787,7966
7796,7955
7754,7928
7790,7947
7821,7943
7807,7966
7795,7978
7853,7935
7912,7965
7869,7955
8019,7970
8160,7964
8259,7976
8386,7970
8397,7976
8379,7986
8420,8009
8438,8003
8445,8014
8473,8008
8496,8024
8458,8031
8472,8033
8460,8055
8441,8061
8423,8056
8405,8090
8407,8078
8423,8090
8471,8104
8522,8099
8528,8116
8543,8122
8515,8128
8440,8134
8438,8145
8436,8155
8599,8162
8631,8161
8616,8167
8538,8192
8521,8194
8572,8202
8692,8212
8620,8199
8623,8229
8568,8225
8646,8247
8679,8237
8719,8253
8622,8268
8549,8277
8620,8281
8732,8293
8645,8294
8557,8300
8616,8314
8673,8306
8664,8333
8477,8339
8663,8344
8780,8373
8534,8363
8592,8364
8759,8376
8684,8380
8720,8390
8730,8394
8646,8406
8647,8408
8750,8432
8659,8426
8614,8440
8723,8441
8705,8449
8782,8469
8760,8471
8702,8481
8752,8494
8677,8503
8626,8497
8777,8523
8720,8512
8842,8528
8753,8542
8903,8556
8819,8560
8766,8566
8821,8572
8782,8571
8934,8569
8759,8602
8895,8600
8821,8610
8926,8616
8832,8620
8894,8642
8873,8648
8963,8647
8821,8662
8921,8665
8855,8668
8916,8688
8924,8689
8982,8699
8990,8714
8873,8718
8920,8709
8750,8725
8776,8739
8835,8738
8819,8749
8785,8754
8647,8762
8768,8752
8593,8752
8752,8756
8893,8757
8633,8753
8834,8750
8712,8749
8600,8763
8722,8743
8615,8761
8776,8752
8596,8756
8781,8755
8768,8746
8574,8761
8766,8750
8558,8747
8631,8749
8630,8756
8608,8765
8659,8749
8647,8759
8666,8754
8646,8759
8650,8756
8722,8755
8594,8763
8669,8755
8693,8753
8677,8763
8735,8772
8532,8759
8722,8742
8663,8755
8537,8764
8673,8753
8575,8753
8645,8736
8797,8755
8736,8764
8754,8752
8615,8755
8684,8772
8653,8742
8603,8766
8813,8757
8632,8758
8773,8769
8697,8755
8588,8757
8753,8756
8640,8750
8590,8757
8638,8754
8622,8751
8761,8753
8702,8750
8727,8753
8634,8755
8596,8747
8641,8748
8563,8747
8722,8753
8792,8751
8714,8754
8749,8754
8669,8755
8764,8755
8661,8756
8596,8754
8787,8749
8591,8752
8820,8759
8857,8755
8698,8765
8816,8751
8600,8772
8666,8758
8585,8763
8576,8745
8718,8749
8546,8754
8674,8760
8716,8762
8561,8755
8757,8756
8628,8753
8694,8756
8590,8750
8673,8749
8774,8758
8576,8761
8781,8764
8652,8768
8558,8753
8719,8763
8560,8762
8699,8758
8805,8760
8672,8760
8765,8764
8647,8756
8752,8755
8743,8760
8691,8761
8754,8754
8672,8755
8793,8759
8679,8759
8725,8744
8752,8755
8549,8753
8664,8765
8549,8743
8613,8758
8787,8756
8592,8756
8781,8758
8662,8742
8564,8756
8752,8759
8537,8755
8699,8754
8616,8763
8730,8761
8786,8758
8624,8762
8782,8765
8630,8760
8582,8756
8708,8766
8570,8751
8745,8759
8779,8758
8742,8753
8808,8753
8649,8752
8724,8761
8681,8757
8643,8768
8754,8754
8620,8752
8699,8755
8785,8765
8682,8753
8737,8755
8588,8774
8686,8743
8579,8761
8691,8756
8765,8760
8684,8762
8754,8753
8573,8757
8601,8759
8665,8749
8553,8751
8772,8752
8512,8756
8702,8741
8762,8753
8615,8751
8849,8759
8738,8746
8547,8767
8718,8754
8657,8761
8670,8760
8718,8750
8702,8761
8715,8764
8617,8749
8698,8745
8640,8750
8661,8753
8773,8757
8588,8765
8701,8746
8706,8754
8752,8755
8644,8757
8515,8764
8709,8752
8575,8756
8611,8757
8699,8757
8572,8753
8769,8761
8676,8752
8579,8757
8686,8751
8618,8747
8748,8749
8653,8755
8744,8759
8778,8761
8644,8765
8790,8769
8658,8747
8640,8754
8632,8756
8591,8749
8778,8766
8766,8748
8689,8752
8718,8753
8604,8761
8820,8754
8564,8751
8621,8756
8806,8762
8623,8753
8737,8753
8707,8749
8749,8758
8741,8758
8623,8755
8704,8756
8600,8742
8682,8756
8714,8750
8670,8756
8888,8762
8629,8744
8558,8763
8733,8762
8571,8747
8760,8749
8626,8759
8754,8760
8839,8757
8665,8760
8740,8764
8740,8743
8665,8762
8648,8745
8568,8750
8764,8761
8754,8761
8746,8756
8697,8755
8563,8755
8701,8751
8549,8752
8646,8757
8745,8752
8623,8757
8798,8759
8692,8756
8744,8762
8690,8758
8542,8758
8695,8752
8639,8753
8705,8763
8721,8755
8661,8751
8755,8750
8624,8758
8638,8768
8653,8772
8624,8756
8755,8760
8604,8757
8738,8758
8756,8751
8627,8771
8753,8759
8544,8754
8693,8759
8596,8758
8657,8760
8795,8744
8676,8745
8784,8752
8732,8754
8536,8768
8709,8765
8604,8759
8668,8760
8740,8752
8646,8757
8802,8757
8662,8757
8827,8750
8659,8752
8648,8762
8728,8755
8604,8741
8692,8750
8757,8753
8621,8768
8802,8756
8758,8758
8595,8752
8707,8766
8615,8755
8736,8758
8570,8751
8779,8756
8688,8753
8569,8760
8650,8751
8580,8761
8715,8758
8580,8751
8649,8756
8733,8758
8633,8752
8794,8755
8623,8752
8548,8759
8756,8759
8598,8763
8754,8758
8785,8759
8695,8758
8792,8757
8643,8771
8817,8762
8655,8764
8611,8749
8728,8754
8610,8759
8708,8757
8719,8762
8755,8744
8854,8759
8645,8754
8675,8762
8628,8758
8660,8761
8828,8758
8558,8756
8790,8755
8728,8758
8509,8745
8704,8758
8606,8749
8677,8760
8609,8749
8602,8745
8706,8764
8662,8750
8757,8751
8651,8752
8663,8758
8691,8753
8619,8762
8763,8757
8715,8763
8674,8760
8794,8759
8603,8753
8820,8762
8673,8752
8596,8749
8790,8763
8578,8758
8769,8762
8737,8764
8730,8761
8707,8758
8562,8757
8716,8752
8560,8742
8613,8751
8779,8758
8561,8758
8774,8740
8677,8758
8551,8748
8739,8762
8586,8753
8660,8757
8632,8753
8615,8739
8775,8760
8691,8762
8770,8759
8716,8745
8616,8751
8701,8745
8676,8754
8668,8759
8701,8752
8680,8754
8755,8751
8671,8747
8756,8765
8644,8754
8679,8759
8772,8760
8653,8740
8856,8756
8718,8757
8712,8765
8636,8753
8544,8768
8678,8760
8499,8746
8501,8739
8610,8759
8552,8733
8694,8727
8403,8722
8400,8727
8468,8709
8370,8699
8544,8709
8331,8694
8477,8691
8441,8672
8310,8669
8453,8658
8313,8654
8411,8648
8386,8647
8338,8632
8301,8637
8372,8616
8273,8621
8329,8603
8258,8593
8231,8593
8305,8583
8257,8566
8281,8567
8218,8557
8319,8543
8197,8548
8312,8534
8164,8521
8270,8520
8272,8513
8337,8484
8310,8495
8154,8485
8220,8469
8244,8458
8301,8456
8382,8450
8272,8445
8240,8442
8328,8419
8220,8428
8259,8409
8298,8395
8231,8397
8268,8388
8280,8373
8247,8379
8230,8372
8281,8347
8123,8339
8247,8323
8380,8339
8415,8329
8126,8316
7993,8301
8279,8298
8206,8287
8127,8291
8050,8274
8194,8264
8093,8270
8089,8257
8029,8243
8110,8229
8116,8215
8095,8214
7965,8221
8052,8210
8122,8186
8098,8189
8073,8181
8056,8170
7882,8166
7965,8166
8135,8153
8163,8148
8098,8113
8084,8120
8004,8117
7995,8109
7946,8080
8009,8087
8038,8074
8088,8091
8060,8061
8038,8043
8054,8038
8021,8044
7959,8028
7960,8041
7969,8026
7948,8004
7898,8000
7938,7988
7968,7986
7964,7973
7992,7965
8002,7963
8044,7964
8077,7988
8010,7941
8046,7959
8094,7955
8112,7963
8088,7983
8074,7960
8117,7975
8130,7971
8101,7975
8145,7939
8140,7964
8155,7952
8158,7959
8168,7961
8169,7941
8169,7953
8155,7966
8134,7960
8171,7940
8164,7945
8172,7952
8175,7949
8155,7950
8141,7964
8187,7964
8162,7937
8178,7945
8157,7958
8164,7952
8144,7956
8137,7953
8182,7963
8148,7961
8165,7964
8116,7975
8130,7959
8169,7940
8165,7964
8172,7940
8145,7942
8140,7940
8132,7953
8156,7967
8097,7960
8120,7961
8105,7960
8001,7955
7867,7952
7748,7948
7664,7947
7593,7935
7538,7927
7489,7929
7460,7902
7424,7912
7401,7902
7428,7878
7434,7884
7443,7874
7413,7872
7447,7853
7477,7850
7487,7837
7482,7827
7479,7834
7414,7816
7391,7819
7350,7801
7325,7779
7363,7790
7347,7791
7437,7776
7360,7772
7433,7747
7347,7755
7290,7733
7302,7737
7347,7722
7409,7724
7384,7703
7354,7694
7277,7695
7328,7686
7387,7677
7415,7679
7288,7648
7262,7666
7286,7644
7388,7637
7324,7626
7226,7618
7307,7613
7265,7606
7289,7597
7133,7587
7217,7580
7265,7571
7086,7564
7174,7557
7231,7548
7269,7541
7168,7541
7162,7526
7218,7514
7149,7507
7172,7497
7171,7487
7108,7502
7136,7479
7262,7466
7169,7467
7194,7464
7117,7442
7158,7434
7137,7432
7134,7414
7168,7413
7054,7402
7245,7401
7260,7396
7098,7375
7189,7372
7051,7380
7104,7354
7144,7343
7136,7354
7231,7334
7081,7314
7127,7323
7128,7311
7101,7315
7034,7290
7024,7296
7038,7279
7105,7258
6988,7268
7034,7253
6919,7243
7013,7245
6931,7232
7014,7221
7010,7218
6921,7205
7015,7199
6968,7192
7052,7186
7058,7179
7026,7166
7044,7166
7057,7175
7197,7166
6996,7173
7102,7161
7122,7162
7198,7154
7181,7158
7061,7159
7210,7154
7066,7154
7199,7167
7295,7144
7187,7163
7248,7158
7064,7162
7075,7161
7218,7155
7145,7160
7174,7166
7224,7156
7236,7164
7334,7157
7216,7144
7348,7163
7249,7160
7228,7159
7295,7147
7133,7150
7285,7158
7418,7148
7230,7162
7354,7132
7282,7149
7315,7166
7259,7164
7205,7153
7252,7157
7181,7150
7306,7154
7173,7151
7305,7157
7268,7157
7086,7159
7180,7152
7086,7160
7213,7157
7242,7152
7144,7142
7250,7152
7301,7150
7177,7153
7297,7155
7138,7149
7188,7160
7118,7141
7217,7156
7259,7163
7110,7144
7319,7168
7145,7160
7144,7153
7145,7161
7112,7149
7267,7159
7309,7148
7255,7157
7437,7152
7195,7147
7353,7151
7178,7147
7133,7160
7320,7152
7152,7161
7275,7153
7127,7146
7345,7161
7250,7148
7125,7164
7204,7150
7267,7163
7299,7152
7301,7145
7272,7158
7280,7164
7236,7156
7196,7158
7150,7147
7089,7157
7309,7158
7118,7152
7264,7165
7321,7153
7152,7153
7316,7162
7162,7139
7159,7149
7243,7146
7208,7153
7332,7161
7201,7156
7279,7157
7214,7142
7128,7148
7222,7166
7067,7148
7181,7151
7297,7148
7122,7158
7243,7155
7232,7157
7288,7163
7308,7155
7140,7152
7102,7162
7148,7150
7227,7152
7292,7155
7155,7161
7273,7166
7252,7168
7245,7149
7088,7155
7141,7148
7325,7150
7047,7139
7284,7162
7303,7159
7102,7142
7354,7161
7092,7150
7183,7153
7178,7145
7190,7159
7311,7148
7144,7156
7333,7163
7238,7154
7155,7149
7238,7150
7195,7164
7231,7150
7211,7150
7232,7149
7264,7163
7224,7148
7351,7152
7211,7149
7113,7148
7285,7170
7157,7146
7263,7145
7389,7160
7192,7150
7266,7157
7213,7154
7141,7150
7215,7144
7135,7155
7317,7156
7041,7149
7324,7144
7240,7140
7133,7149
7181,7153
7061,7150
7188,7159
7150,7153
7151,7163
7187,7175
7169,7150
7289,7159
7192,7147
7113,7154
7233,7151
7075,7155
7231,7152
7329,7146
7190,7156
7255,7154
7208,7148
7235,7159
7299,7167
7133,7154
7280,7157
7171,7159
7256,7143
7227,7153
7263,7151
7324,7153
7116,7151
7190,7160
7102,7152
7169,7141
7309,7164
7100,7154
7231,7157
7224,7152
7138,7156
7254,7139
7156,7154
7180,7161
7301,7152
7217,7160
7248,7158
7195,7166
7362,7148
7195,7171
7214,7150
7224,7158
7204,7157
7232,7155
7309,7139
7192,7157
7323,7160
7214,7156
7308,7151
7166,7153
7025,7153
7336,7161
7063,7151
7284,7153
7298,7162
7340,7157
7266,7152
7128,7158
7187,7158
7172,7152
7203,7158
7228,7147
7197,7160
7253,7153
7260,7157
7215,7166
7204,7151
7133,7151
7275,7154
7182,7146
7212,7159
7216,7162
7235,7157
7303,7145
7280,7157
7141,7147
7217,7147
7162,7174
7266,7161
7263,7154
7246,7163
7230,7136
7179,7156
7290,7154
7110,7145
7199,7151
7300,7162
7105,7149
7318,7163
7207,7153
7240,7158
7294,7150
7123,7157
7210,7152
7199,7159
7230,7154
7247,7156
7132,7152
7339,7148
7198,7151
7107,7161
7291,7142
7098,7156
7165,7151
7216,7161
7203,7152
7298,7156
7153,7150
7341,7152
7201,7148
7097,7172
7262,7147
7143,7150
7366,7148
7247,7154
7311,7147
7251,7157
7094,7158
7203,7154
7125,7148
7156,7153
7188,7152
7158,7162
7143,7146
7260,7154
7206,7168
7203,7167
7158,7154
7252,7150
7204,7170
7159,7154
7312,7150
7234,7174
7397,7146
7199,7154
7074,7164
7261,7153
7093,7156
7201,7149
7146,7152
7170,7151
7286,7142
7187,7150
7289,7156
7151,7160
7153,7163
7131,7143
7057,7162
7325,7149
7296,7156
7235,7148
7197,7156
7239,7155
7233,7152
7182,7148
7257,7161
7244,7155
7184,7148
7279,7150
7230,7150
7288,7157
7262,7163
7110,7145
7173,7157
7182,7153
7172,7161
7306,7148
7182,7161
7342,7162
7248,7161
7153,7160
7270,7154
7202,7159
7407,7137
7146,7149
7361,7149
7260,7149
7145,7158
7296,7153
7146,7151
7080,7152
7207,7142
7152,7151
7217,7145
7305,7159
7255,7155
7252,7163
7257,7156
7269,7148
7274,7162
7146,7142
7292,7164
7200,7153
7283,7156
7197,7147
7314,7156
7210,7155
7090,7142
7242,7163
7138,7150
7204,7161
7314,7155
7184,7162
7387,7144
7176,7166
7204,7145
7139,7153
7104,7153
7362,7150
7064,7147
7314,7171
7288,7152
7256,7147
7230,7143
7189,7149
7309,7160
7201,7164
7163,7166
7270,7145
7307,7157
7300,7145
7308,7142
7124,7160
7398,7171
7146,7143
7136,7172
7354,7155
7148,7147
7349,7157
7315,7148
7257,7148
7254,7171
7173,7150
7303,7153
7213,7156
7405,7152
7376,7165
7332,7172
7377,7156
7259,7169
7403,7184
7425,7186
7419,7199
7456,7203
7443,7203
7523,7211
7487,7228
7513,7223
7441,7236
7535,7234
7544,7248
7563,7263
7505,7244
7509,7282
7574,7285
7605,7283
7563,7297
7557,7306
7555,7302
7621,7326
7618,7328
7603,7329
7583,7347
7698,7354
7577,7356
7619,7380
7617,7381
7645,7391
7637,7406
7664,7403
7751,7408
7627,7415
7656,7430
7644,7438
7697,7435
7734,7447
7700,7457
7739,7468
7691,7478
7691,7482
7740,7502
7749,7506
7740,7501
7709,7515
7688,7534
7692,7534
7697,7550
7778,7556
7778,7553
7672,7567
7751,7572
7682,7576
7732,7589
7823,7592
7776,7594
7672,7605
7794,7601
7863,7629
7819,7644
7704,7631
7748,7649
7833,7658
7783,7682
7823,7668
7757,7685
7862,7681
7884,7706
7932,7665
7861,7724
7817,7728
7866,7719
7891,7733
7974,7747
7951,7754
7880,7761
7808,7782
7856,7767
7920,7788
7933,7794
7928,7814
7947,7830
7897,7836
7912,7816
7870,7818
7902,7843
7891,7854
7950,7855
7974,7879
7996,7855
8003,7881
8013,7906
8035,7899
8046,7906
8051,7912
8017,7940
8042,7930
7967,7924
7976,7946
7952,7949
7937,7960
7901,7964
7887,7936
7888,7933
7886,7911
7837,7948
7864,7956
7853,7956
7852,7953
7820,7949
7805,7940
7865,7959
7834,7954
7818,7964
7809,7940
7820,7958
7796,7966
7834,7947
7782,7957
7805,7936
7816,7939
7785,7931
7816,7964
7818,7978
7804,7958
7775,7958
7819,7972
7807,7956
7801,7975
7790,7953
7779,7951
7764,7962
7799,7937
7786,7942
7792,7964
7765,7952
7773,7954
7797,7949
7803,7960
7801,7945
7803,7957
7804,7964
7807,7956
7826,7961
7824,7949
7792,7937
7888,7954
7984,7955
8091,7969
8140,7966
8206,7959
8311,7974
8422,7982
8393,7980
8440,7984
8463,8017
8480,8012
8504,8019
8470,8031
8448,8029
8440,8033
8433,8058
8432,8064
8429,8063
8400,8088
8396,8096
8427,8083
8501,8100
8541,8106
8529,8107
8579,8132
8570,8126
8429,8144
8468,8147
8431,8157
8634,8154
8630,8166
8646,8187
8573,8188
8487,8188
8605,8204
8592,8201
8616,8216
8591,8222
8550,8228
8568,8234
8625,8253
8683,8253
8636,8276
8522,8263
8667,8283
8684,8286
8666,8281
8591,8302
8725,8327
8674,8327
8600,8331
8543,8338
8631,8341
8779,8344
8557,8365
8602,8360
8809,8373
8702,8386
8667,8395
8744,8409
8735,8409
8680,8413
8768,8432
8692,8441
8723,8437
8771,8458
8593,8456
8685,8462
8800,8467
8670,8493
8745,8492
8748,8500
8801,8498
8825,8510
8701,8524
8831,8512
8661,8552
8836,8554
8694,8558
8886,8570
8847,8571
8797,8569
8811,8587
8802,8590
8935,8607
8794,8606
8854,8622
8848,8626
8967,8628
8904,8644
8929,8645
8816,8653
8932,8673
8904,8680
8929,8687
8862,8684
8878,8696
8972,8708
8892,8714
8972,8714
8975,8725
8856,8744
8852,8738
8684,8740
8888,8744
8625,8736
8763,8757
8725,8754
8755,8748
8809,8740
8627,8749
8642,8761
8611,8752
8680,8760
8830,8748
8620,8751
8793,8759
8651,8747
8574,8756
8756,8761
8609,8758
8705,8749
8570,8750
8705,8755
8692,8757
8633,8754
8689,8754
8645,8766
8678,8766
8600,8754
8590,8762
8714,8751
8727,8756
8706,8764
8663,8743
8499,8760
8730,8757
8546,8756
8609,8745
8695,8756
8622,8761
8726,8759
8638,8753
8648,8759
8726,8748
8590,8760
8717,8748
8635,8757
8779,8759
8891,8755
8641,8756
8823,8751
8700,8765
8633,8759
8667,8745
8548,8768
8667,8753
8659,8751
8581,8753
8785,8753
8669,8752
8746,8754
8665,8754
8627,8759
8670,8749
8642,8759
8736,8757
8655,8768
8769,8760
8712,8753
8590,8752
8779,8761
8565,8751
8630,8754
8821,8765
8655,8758
8798,8748
8733,8758
8805,8758
8796,8758
8610,8752
8732,8758
8597,8757
8720,8769
8744,8756
8642,8756
8700,8759
8611,8752
8649,8759
8637,8756
8587,8764
8744,8749
8582,8751
8688,8760
8827,8751
8611,8755
8726,8759
8642,8760
8627,8750
8757,8757
8638,8754
8745,8756
8664,8758
8725,8757
8722,8759
8585,8743
8729,8755
8584,8748
8794,8759
8752,8756
8764,8759
8803,8750
8639,8754
8819,8765
8680,8757
8561,8753
8693,8752
8624,8751
8742,8754
8831,8750
8710,8758
8810,8752
8571,8754
8605,8762
8615,8752
8601,8755
8795,8763
8568,8755
8720,8766
8723,8759
8603,8764
8779,8763
8645,8752
8657,8749
8652,8767
8621,8760
8730,8756
8719,8763
8825,8755
8800,8764
8558,8759
8788,8759
8633,8757
8636,8754
8789,8754
8667,8759
8701,8767
8700,8758
8658,8758
8698,8756
8674,8755
8691,8759
8610,8763
8734,8754
8731,8753
8805,8750
8772,8752
8510,8752
8656,8752
8570,8757
8567,8754
8778,8755
8540,8755
8775,8763
8749,8756
8558,8759
8783,8758
8610,8753
8618,8750
8635,8758
8658,8765
8816,8767
8694,8755
8772,8746
8747,8742
8604,8758
8656,8766
8582,8756
8731,8754
8803,8753
8637,8745
8770,8757
8636,8761
8757,8758
8584,8761
8631,8742
8762,8747
8553,8754
8754,8755
8763,8756
8662,8761
8757,8758
8621,8768
8652,8742
8579,8747
8577,8753
8698,8751
8635,8770
8852,8750
8736,8760
8552,8762
8772,8757
8557,8758
8703,8757
8621,8764
8685,8732
8753,8755
8761,8757
8700,8748
8704,8752
8661,8752
8686,8745
8590,8763
8764,8741
8777,8738
8719,8757
8707,8753
8568,8756
8779,8753
8582,8761
8614,8760
8756,8760
8585,8756
8772,8756
8738,8751
8762,8759
8737,8756
8542,8762
8642,8749
8667,8758
8662,8765
8825,8755
8647,8765
8786,8762
8701,8752
8612,8756
8700,8758
8652,8753
8755,8766
8633,8752
8695,8771
8822,8761
8608,8759
8795,8764
8650,8761
8670,8747
8606,8754
8538,8753
8782,8760
8750,8761
8682,8757
8731,8758
8542,8761
8836,8763
8641,8753
8559,8754
8695,8757
8621,8753
8731,8756
8662,8755
8812,8752
8712,8745
8574,8749
8722,8749
8601,8752
8676,8761
8791,8749
8566,8761
8814,8764
8726,8761
8601,8772
8749,8747
8604,8772
8813,8752
8532,8758
8716,8756
8755,8748
8604,8754
8756,8750
8592,8754
8703,8768
8618,8755
8565,8759
8858,8760
8729,8751
8746,8771
8742,8757
8547,8769
8859,8765
8540,8756
8607,8765
8779,8757
8656,8759
8818,8761
8674,8752
8706,8766
8754,8759
8638,8752
8659,8757
8664,8754
8667,8761
8750,8749
8657,8766
8797,8757
8668,8748
8665,8754
8645,8761
8591,8762
8768,8762
8547,8762
8763,8763
8734,8755
8543,8754
8772,8758
8618,8760
8636,8752
8584,8752
8591,8755
8752,8756
8716,8769
8748,8750
8744,8749
8612,8761
8734,8753
8661,8760
8680,8749
8731,8757
8612,8759
8904,8759
8686,8752
8827,8757
8750,8755
8583,8767
8692,8746
8575,8754
8702,8753
8836,8751
8662,8753
8787,8751
8663,8744
8652,8756
8624,8755
8567,8759
8742,8746
8595,8759
8759,8768
8677,8761
8610,8765
8745,8760
8597,8755
8663,8756
8591,8750
8660,8761
8782,8767
8704,8760
8766,8743
8674,8757
8618,8758
8781,8762
8670,8753
8688,8749
8785,8749
8703,8760
8843,8750
8638,8748
8849,8756
8662,8745
8594,8761
8768,8771
8576,8750
8763,8756
8725,8744
8690,8763
8778,8757
8620,8753
8671,8761
8624,8753
8530,8752
8792,8752
8554,8752
8697,8765
8777,8752
8641,8757
8760,8750
8640,8761
8624,8759
8650,8753
8671,8752
8674,8761
8635,8757
8757,8754
8682,8758
8633,8758
8762,8750
8603,8758
8841,8773
8785,8758
8748,8753
8795,8757
8590,8754
8764,8757
8600,8751
8618,8760
8701,8755
8595,8758
8716,8758
8588,8753
8599,8750
8627,8746
8414,8730
8555,8732
8324,8729
8469,8728
8650,8723
8395,8715
8616,8710
8367,8707
8300,8680
8304,8664
8400,8675
8598,8671
8272,8648
8384,8654
8394,8636
8310,8624
8356,8625
8347,8620
8298,8610
8316,8619
8258,8606
8340,8591
8304,8580
8258,8576
8287,8559
8265,8557
8302,8549
8222,8541
8342,8521
8156,8525
8212,8522
8304,8500
8201,8499
8337,8474
8177,8485
8322,8464
8223,8454
8221,8459
8333,8446
8219,8440
8298,8444
8312,8416
8206,8411
8282,8404
8233,8402
8213,8386
8283,8398
8253,8367
8230,8367
8164,8367
8254,8357
8044,8342
8227,8341
8422,8322
8401,8326
8190,8330
8083,8300
8162,8297
8155,8292
8139,8286
8162,8267
8153,8266
8115,8250
8082,8251
8102,8236
8107,8235
8148,8221
8057,8222
8032,8219
8060,8202
8136,8195
8141,8157
8066,8179
8031,8170
8031,8145
7950,8161
8099,8151
8152,8132
8034,8114
8053,8126
8004,8113
7976,8103
7981,8105
8038,8100
8039,8064
8117,8067
8091,8059
8090,8057
8024,8066
8054,8039
7969,8029
7938,8013
7948,8013
7945,7990
7904,7997
7904,8009
7934,7978
7888,8002
7964,7962
8025,7973
8047,8001
8053,7922
8026,7961
8067,7952
8087,7965
8107,7965
8088,7967
8080,7948
8102,7959
8131,7963
8087,7951
8156,7947
8147,7956
8141,7970
8122,7948
8135,7931
8143,7955
8113,7986
8083,7966
8147,7952
8155,7939
8148,7966
8142,7948
8178,7964
8137,7945
8144,7964
8196,7947
8161,7960
8196,7964
8159,7951
8136,7952
8180,7969
8151,7960
8164,7959
8158,7985
8143,7957
8150,7946
8149,7954
8139,7952
8167,7954
8117,7951
8147,7956
8145,7960
8146,7966
8137,7938
8118,7960
8111,7949
8037,7953
7952,7957
7846,7952
7736,7956
7672,7955
7596,7929
7538,7919
7552,7918
7408,7902
7486,7901
7420,7901
7429,7896
7423,7886
7431,7874
7415,7867
7433,7854
7434,7843
7452,7836
7479,7830
7440,7831
7453,7802
7354,7810
7351,7817
7322,7795
7360,7776
7404,7775
7458,7757
7383,7756
7458,7758
7276,7746
7338,7733
7322,7735
7362,7727
7400,7710
7364,7706
7291,7705
7329,7699
7315,7686
7393,7672
7381,7675
7275,7653
7262,7663
7327,7639
7337,7635
7359,7626
7317,7633
7335,7607
7269,7607
7409,7596
7044,7586
7304,7575
7273,7575
7065,7575
7310,7559
7257,7556
7239,7542
7163,7517
7249,7530
7226,7523
7132,7510
7223,7507
7186,7503
7127,7489
7213,7470
7184,7465
7090,7461
7235,7441
7091,7447
7123,7432
7225,7427
7113,7419
7219,7409
7114,7411
7236,7404
7170,7390
7081,7380
7183,7373
6938,7368
7247,7356
7115,7340
7076,7344
7167,7338
7072,7312
7134,7323
7081,7316
6981,7297
7016,7294
7076,7286
7050,7283
7093,7270
6976,7251
7059,7261
7117,7252
6983,7223
6944,7227
6992,7224
6949,7209
6913,7203
7018,7199
6957,7190
6953,7171
7085,7181
7102,7173
7078,7144
7128,7172
7261,7165
7176,7154
7156,7168
7201,7153
7151,7155
7205,7163
7126,7148
7206,7152
7248,7153
7247,7153
7274,7167
7102,7149
7167,7153
7015,7152
7154,7160
7309,7150
7095,7161
7311,7156
7323,7158
7153,7148
7424,7151
7142,7147
7193,7159
7237,7147
7175,7143
7339,7155
7275,7151
7327,7160
7328,7145
7262,7155
7286,7156
7201,7156
7261,7150
7357,7151
7216,7151
7335,7159
7234,7154
7317,7148
7166,7151
7158,7153
7303,7160
7138,7138
7220,7161
7125,7152
7260,7164
7273,7157
7163,7152
7170,7153
7256,7162
7214,7130
7231,7156
7134,7156
7261,7163
7203,7152
7087,7156
7196,7154
7008,7142
7207,7150
7080,7151
7148,7161
7393,7162
7213,7150
7304,7164
7236,7161
7091,7158
7339,7148
7177,7149
7270,7160
7306,7157
7228,7158
7303,7153
7157,7150
7226,7166
7156,7152
7155,7146
7243,7156
7141,7161
7201,7155
7187,7150
7307,7160
7320,7153
7207,7163
7174,7158
7206,7157
7204,7157
7332,7152
7172,7157
7305,7147
7305,7155
7198,7150
7290,7155
7183,7139
7295,7169
7150,7157
7146,7151
7323,7155
7205,7162
7393,7154
7132,7159
7150,7172
7135,7150
7108,7152
7251,7152
7200,7157
7259,7150
7299,7149
7191,7150
7239,7143
7249,7163
7209,7159
7202,7153
7145,7155
7174,7146
7199,7166
7226,7156
7179,7158
7099,7141
7240,7154
7171,7155
7265,7155
7247,7162
7183,7146
7325,7147
7204,7156
7147,7150
7252,7156
7108,7160
7359,7154
7088,7156
7260,7156
7301,7150
7082,7168
7306,7154
7163,7137
7164,7161
7179,7146
7162,7151
7190,7162
7187,7148
7281,7155
7255,7151
7134,7158
7263,7145
7134,7149
7172,7164
7376,7151
7133,7162
7338,7157
7316,7147
7229,7149
7388,7163
7190,7147
7209,7160
7192,7157
7217,7157
7296,7158
7208,7145
7322,7149
7171,7151
7229,7154
7178,7154
7151,7158
7257,7166
7044,7153
7196,7155
7231,7149
7176,7147
7257,7161
7225,7158
7143,7156
7236,7162
7166,7155
7211,7152
7215,7154
7348,7151
7238,7146
7087,7151
7242,7163
7208,7159
7195,7156
7302,7156
7161,7159
7315,7156
7280,7155
7314,7157
7297,7156
7090,7148
7231,7161
7067,7142
7216,7153
7300,7152
7250,7153
7318,7159
7141,7161
7119,7159
7208,7157
7160,7163
7220,7154
7205,7147
7200,7150
7166,7154
7203,7157
7192,7147
7130,7170
7277,7155
7137,7156
7188,7162
7326,7154
7238,7154
7285,7158
7340,7159
7093,7156
7307,7154
7167,7152
7164,7161
7353,7159
7171,7159
7348,7155
7222,7154
7309,7151
7167,7163
7179,7153
7348,7154
7027,7152
7287,7148
7317,7145
7199,7157
7264,7147
7165,7148
7204,7152
7243,7155
7199,7159
7219,7163
7123,7153
7329,7173
7205,7154
7177,7138
7256,7165
7187,7150
7175,7152
7217,7159
7155,7154
7241,7147
7238,7151
7261,7158
7221,7174
7135,7158
7249,7170
7121,7152
7293,7141
7190,7151
7315,7156
7294,7152
7107,7153
7277,7150
7127,7152
7129,7161
7271,7145
7133,7150
7121,7155
7236,7153
7214,7159
7221,7166
7199,7156
7229,7153
7260,7150
7185,7156
7238,7156
7201,7143
7295,7164
7318,7145
7096,7154
7368,7152
7188,7154
7180,7146
7198,7150
7084,7158
7328,7156
7222,7165
7304,7145
7274,7157
7152,7157
7207,7154
7155,7159
7260,7143
7258,7150
7188,7164
7264,7147
7181,7151
7211,7147
7229,7159
7226,7154
7233,7150
7157,7145
7281,7164
7241,7147
7210,7156
7322,7167
7162,7150
7108,7166
7190,7144
7127,7153
7268,7155
7095,7140
7271,7149
7291,7145
7057,7164
7272,7153
7116,7148
7273,7164
7128,7155
7239,7147
7302,7150
7149,7153
7285,7165
7171,7153
7121,7142
7228,7154
7177,7151
7251,7157
7295,7149
7135,7154
7293,7154
7252,7154
7326,7152
7283,7154
7149,7153
7247,7160
7170,7159
7236,7162
7237,7153
7284,7157
7285,7146
7114,7159
7238,7154
7120,7153
7155,7157
7344,7143
7165,7150
7424,7162
7297,7144
7143,7165
7247,7158
7143,7161
7297,7148
7094,7153
7229,7159
7271,7164
7252,7152
7160,7162
7236,7151
7214,7155
7194,7154
7175,7148
7244,7134
7323,7156
7189,7150
7272,7156
7205,7148
7325,7153
7194,7146
7129,7155
7274,7154
7177,7160
7307,7148
7306,7149
7310,7149
7246,7150
7139,7152
7286,7150
7137,7154
7248,7157
7319,7153
7194,7162
7353,7164
7189,7161
7118,7146
7267,7150
7125,7153
7285,7153
7158,7159
7260,7163
7280,7163
7216,7143
7345,7138
7259,7161
7083,7152
7282,7148
7072,7156
7233,7153
7309,7157
7206,7150
7276,7155
7208,7146
7377,7149
7261,7159
7215,7148
7323,7157
7190,7159
7370,7163
7250,7146
7210,7161
7322,7160
7331,7164
7464,7161
7317,7174
7424,7191
7487,7180
7436,7187
7450,7209
7514,7214
7474,7214
7379,7243
7511,7230
7571,7239
7536,7252
7537,7227
7520,7262
7560,7269
7573,7277
7578,7295
7580,7289
7588,7286
7589,7318
7609,7331
7551,7315
7573,7339
7652,7345
7626,7356
7586,7359
7550,7357
7598,7376
7570,7377
7613,7393
7706,7387
7685,7409
7597,7417
7620,7439
7717,7425
7681,7439
7659,7448
7659,7457
7715,7457
7761,7467
7747,7482
7666,7472
7706,7499
7722,7504
7728,7511
7755,7515
7794,7527
7576,7525
7741,7543
7694,7552
7802,7554
7679,7569
7758,7572
7678,7578
7747,7577
7850,7598
7824,7602
7702,7627
7793,7614
7866,7637
7754,7640
7722,7659
7795,7638
7882,7656
7820,7653
7775,7685
7812,7680
7867,7699
7928,7701
7925,7708
7827,7737
7823,7703
7892,7736
7932,7764
7911,7745
7950,7758
7808,7757
7805,7781
7822,7785
7876,7797
7916,7796
7918,7806
7949,7820
7941,7810
7951,7836
7908,7835
7857,7827
7922,7857
7934,7868
7986,7851
8005,7883
8036,7903
8026,7876
8046,7916
8059,7901
8071,7937
8025,7918
7975,7936
7995,7951
7956,7935
7909,7933
7914,7956
7900,7973
7905,7957
7895,7970
7879,7957
7859,7949
7826,7958
7851,7933
7814,7940
7828,7960
7836,7948
7853,7925
7819,7953
7805,7944
7795,7954
7832,7969
7824,7965
7829,7964
7790,7957
7796,7935
7853,7979
7805,7961
7803,7969
7795,7948
7785,7948
7810,7968
7791,7967
7804,7972
7770,7976
7753,7961
7770,7942
7818,7937
7746,7965
7799,7948
7790,7968
7771,7972
7759,7961
7775,7956
7799,7968
7799,7957
7837,7973
7785,7969
7804,7971
7821,7956
7821,7982
7814,7962
7909,7948
7913,7958
8084,7961
8148,7969
8313,7972
8330,7978
8400,7978
8437,7999
8433,8009
8474,7989
8457,8028
8447,8024
8474,8017
8480,8035
8474,8056
8450,8054
8414,8064
8422,8067
8386,8089
8373,8075
8438,8091
8493,8088
8506,8099
8579,8097
8480,8115
8471,8133
8447,8145
8442,8143
8549,8163
8646,8155
8697,8158
8591,8177
8542,8190
8554,8194
8550,8203
8609,8206
8694,8215
8612,8223
8546,8234
8614,8247
8633,8255
8651,8256
8611,8267
8500,8274
8671,8271
8693,8281
8648,8308
8569,8298
8669,8327
8637,8316
8633,8327
8511,8332
8690,8352
8672,8339
8502,8371
8521,8373
8627,8382
8738,8390
8643,8396
8764,8410
8653,8401
8637,8407
8782,8437
8650,8441
8627,8431
8755,8441
8664,8450
8751,8465
8792,8477
8720,8478
8769,8497
8702,8505
8757,8511
8678,8528
8769,8512
8876,8536
8654,8538
8785,8546
8786,8550
8817,8569
8776,8569
8858,8580
8835,8600
8790,8584
8855,8609
8769,8610
8907,8616
8848,8634
8805,8629
8908,8634
8878,8649
8864,8655
8923,8671
8841,8671
8870,8687
8992,8681
8850,8698
8943,8710
8951,8709
8937,8722
8876,8723
8853,8739
8871,8735
8749,8727
8908,8744
8659,8744
8865,8756
8695,8744
8608,8749
8744,8758
8619,8752
8684,8743
8788,8746
8643,8747
8800,8759
8565,8753
8643,8762
8649,8768
8684,8760
8703,8762
8628,8753
8753,8759
8642,8752
8614,8768
8696,8758
8652,8757
8653,8757
8590,8752
8636,8754
8755,8756
8689,8757
8762,8745
8620,8748
8582,8752
8629,8760
8546,8751
8750,8752
8632,8759
8685,8762
8685,8758
8634,8747
8690,8764
8568,8751
8607,8760
8793,8745
8623,8757
8802,8762
8762,8761
8765,8753
8852,8760
8569,8761
8687,8758
8640,8759
8664,8764
8742,8757
8601,8751
8702,8749
8715,8758
8687,8758
8627,8761
8767,8758
8745,8782
8618,8759
8713,8757
8750,8761
8598,8764
8783,8765
8590,8760
8636,8750
8685,8765
8609,8756
8740,8746
8793,8758
8639,8758
8767,8768
8595,8759
8774,8753
8694,8766
8677,8759
8787,8757
8647,8753
8800,8762
8650,8740
8808,8761
8688,8765
8574,8769
8664,8759
8567,8755
8612,8749
8800,8753
8584,8753
8785,8761
8689,8748
8587,8764
8675,8754
8564,8763
8757,8766
8739,8757
8703,8760
8742,8762
8555,8762
8750,8758
8627,8757
8575,8764
8789,8764
8619,8750
8751,8760
8706,8765
8800,8767
8794,8754
8592,8758
8725,8769
8635,8756
8648,8760
8783,8754
8610,8752
8751,8754
8760,8765
8602,8756
8700,8756
8666,8761
8717,8753
8617,8755
8677,8755
8801,8753
8607,8752
8832,8741
8574,8752
8634,8756
8679,8752
8563,8761
8701,8756
8779,8762
8712,8763
8772,8759
8574,8747
8787,8759
8663,8746
8562,8761
8757,8760
8620,8750
8726,8768
8719,8759
8730,8753
8745,8758
8672,8739
8678,8763
8630,8751
8703,8768
8784,8754
8641,8754
8723,8752
8634,8754
8630,8758
8682,8760
8600,8757
8795,8755
8549,8747
8720,8757
8756,8742
8578,8753
8779,8768
8564,8751
8614,8758
8645,8760
8549,8759
8682,8766
8731,8756
8729,8755
8771,8754
8562,8754
8833,8760
8582,8758
8626,8753
8766,8747
8596,8755
8798,8755
8731,8760
8766,8756
8773,8759
8648,8754
8671,8767
8566,8773
8641,8764
8799,8751
8589,8759
8715,8754
8578,8754
8654,8761
8646,8750
8606,8753
8683,8750
8636,8757
8722,8763
8780,8750
8586,8753
8777,8757
8606,8763
8608,8749
8708,8756
8575,8765
8758,8745
8717,8753
8763,8778
8727,8753
8616,8755
8711,8752
8621,8745
8671,8764
8731,8761
8667,8758
8754,8752
8669,8753
8772,8749
8777,8760
8646,8762
8799,8765
8530,8756
8766,8769
8813,8759
8596,8756
8739,8756
8564,8752
8593,8759
8622,8746
8559,8762
8676,8755
8621,8757
8670,8754
8743,8761
8615,8750
8775,8760
8626,8743
8676,8762
8677,8754
8658,8775
8787,8751
8678,8756
8792,8756
8767,8755
8570,8736
8772,8757
8571,8743
8696,8759
8799,8755
8644,8745
8773,8765
8637,8759
8765,8762
8701,8758
8600,8757
8708,8770
8573,8748
8734,8768
8773,8764
8656,8753
8742,8747
8616,8749
8697,8752
8625,8753
8584,8751
8745,8744
8594,8750
8766,8761
8716,8752
8607,8760
8738,8751
8653,8756
8606,8760
8693,8746
8652,8744
8777,8759
8680,8745
8774,8759
8731,8745
8640,8755
8670,8749
8557,8756
8735,8746
8786,8750
8714,8769
8782,8757
8557,8750
8759,8763
8653,8748
8591,8761
8777,8763
8552,8755
8779,8754
8847,8750
8720,8770
8779,8736
8665,8750
8665,8760
8661,8739
8608,8751
8709,8757
8637,8752
8740,8754
8687,8765
8603,8755
8731,8756
8623,8759
8672,8741
8603,8759
8699,8761
8783,8757
8601,8761
8757,8742
8678,8753
8574,8760
8656,8752
8546,8760
8736,8761
8759,8757
8707,8762
8766,8761
8565,8750
8784,8757
8617,8763
8625,8765
8826,8756
8567,8753
8778,8758
8779,8759
8686,8764
8724,8759
8617,8757
8639,8767
8692,8759
8627,8753
8824,8770
8633,8759
8737,8741
8701,8749
8579,8763
8774,8760
8552,8756
8693,8749
8632,8759
8716,8758
8753,8746
8565,8760
8793,8761
8691,8757
8624,8768
8626,8751
8584,8757
8759,8760
8796,8741
8658,8763
8755,8755
8672,8744
8767,8753
8649,8751
8656,8769
8640,8754
8676,8747
8748,8755
8686,8748
8805,8753
8732,8761
8582,8758
8687,8759
8574,8755
8687,8754
8836,8755
8683,8758
8844,8764
8635,8747
8568,8742
8686,8756
8512,8755
8697,8772
8526,8764
8674,8763
8744,8752
8633,8752
8744,8756
8750,8758
8669,8752
8668,8760
8623,8764
8757,8756
8764,8753
8642,8759
8717,8747
8672,8757
8789,8758
8681,8757
8634,8757
8701,8762
8648,8750
8762,8761
8673,8748
8768,8754
8742,8757
8631,8758
8713,8764
8602,8767
8711,8762
8748,8740
8650,8770
8724,8762
8669,8743
8605,8755
8555,8747
8477,8741
8600,8756
8495,8737
8668,8740
8561,8730
8300,8715
8610,8713
8328,8714
8391,8706
8327,8695
8379,8692
8514,8680
8267,8681
8555,8666
8417,8658
8390,8649
8361,8644
8381,8632
8336,8618
8296,8627
8319,8600
8304,8598
8190,8590
8302,8584
8267,8573
8287,8568
8237,8558
8265,8546
8256,8548
8219,8527
8362,8535
8161,8510
8318,8506
8303,8509
8200,8506
8264,8497
8208,8479
8257,8468
8246,8470
8343,8463
8344,8452
8266,8436
8322,8436
8248,8429
8235,8414
8279,8410
8241,8401
8255,8398
8262,8379
8254,8381
8235,8364
8143,8358
8283,8350
8200,8355
8330,8340
8377,8321
8380,8310
8036,8310
8076,8298
8213,8309
8149,8303
8050,8268
8135,8271
8145,8267
8119,8262
8057,8242
8053,8238
8144,8244
8098,8214
8053,8224
7984,8205
8049,8198
8117,8219
8147,8172
8061,8175
8020,8197
8033,8170
8001,8156
8150,8155
8170,8144
8049,8127
8019,8117
7969,8094
7975,8120
7962,8102
8089,8099
8028,8080
8090,8064
8075,8039
8032,8053
8067,8063
8016,8036
7984,8023
7981,8001
7972,8019
7919,8010
7875,7997
7973,7984
7961,7995
8016,7987
7970,8004
7986,7971
7995,7981
8060,7973
8031,7976
8062,7946
8097,7972
8101,7953
8076,7949
8100,7964
8117,7957
8144,7959
8113,7960
8148,7926
8125,7946
8123,7966
8151,7939
8174,7950
8143,7953
8138,7946
8168,7939
8132,7947
8176,7965
8164,7954
8206,7966
8155,7971
8174,7951
8154,7948
8154,7971
8165,7940
8147,7955
8193,7955
8154,7971
8174,7951
8157,7956
8154,7955
8172,7960
8144,7963
8184,7969
8157,7946
8187,7950
8140,7951
8180,7949
8143,7958
8142,7953
8148,7936
8158,7962
8167,7958
8143,7939
8068,7958
7976,7957
7838,7942
7725,7951
7696,7954
7591,7926
7468,7921
7536,7925
7418,7910
7402,7888
7446,7881
7403,7898
7429,7885
7440,7875
7448,7857
7424,7870
7478,7844
7485,7854
7460,7842
7476,7829
7386,7817
7401,7805
7344,7799
7358,7792
7339,7791
7379,7782
7401,7754
7416,7761
7459,7757
7297,7752
7321,7741
7319,7724
7397,7716
7417,7716
7380,7711
7363,7685
7308,7695
7340,7684
7398,7678
7398,7674
7281,7661
7283,7655
7277,7652
7399,7633
7263,7626
7187,7632
7362,7608
7378,7601
7167,7588
7107,7598
7300,7575
7214,7581
7111,7569
7306,7554
7239,7538
7113,7541
7144,7528
7235,7522
7190,7513
7125,7516
7215,7511
7134,7490
7104,7478
7206,7475
7102,7464
7130,7463
7231,7454
7151,7447
7195,7430
7139,7424
7081,7420
7178,7411
6977,7397
7296,7390
7239,7381
7087,7391
7211,7378
7006,7369
7197,7362
7022,7361
7198,7341
7164,7350
7171,7319
7077,7301
7035,7317
7021,7294
7142,7283
7044,7287
7036,7272
7080,7263
7012,7259
7039,7253
7003,7239
7014,7252
6972,7227
7036,7219
6984,7219
6948,7207
6998,7195
6885,7194
6983,7177
7073,7184
7031,7171
7070,7173
6994,7175
7221,7169
7145,7156
7104,7161
7245,7153
7143,7161
7278,7151
7154,7154
7305,7158
7223,7160
7124,7150
7379,7158
6984,7163
7252,7164
7316,7159
7231,7160
7320,7148
7223,7144
7079,7167
7309,7156
7180,7146
7209,7158
7129,7151
7219,7163
7338,7151
7210,7151
7379,7155
7238,7145
7195,7144
7262,7157
7198,7153
7345,7149
7318,7146
7254,7155
7310,7151
7163,7146
7315,7154
7213,7163
7229,7151
7295,7164
7204,7144
7303,7164
7135,7155
7205,7155
7133,7155
7130,7160
7251,7159
7144,7151
7217,7158
7212,7161
7260,7156
7286,7156
7093,7153
7149,7162
7142,7158
7081,7153
7283,7154
7044,7155
7279,7154
7349,7158
7109,7149
7313,7158
7187,7149
7132,7161
7167,7154
7104,7158
7335,7155
7239,7157
7306,7161
7237,7164
7174,7153
7226,7155
7092,7158
7230,7161
7317,7158
7208,7152
7300,7156
7221,7150
7254,7136
7261,7156
7220,7157
7263,7158
7206,7153
7218,7157
7330,7149
7320,7148
7299,7158
7138,7153
7216,7153
7222,7158
7213,7162
7308,7154
7124,7159
7338,7171
7265,7158
7115,7161
7348,7151
